InstanceID	Endpoint Predictions	True Endpoint	0	1
0	0	0	59.21500057668698	2.712436660903653
1	0	0	22.137875147882575	39.20675191838364
2	1	0	28.714666968993292	31.699076137326422
3	0	1	31.91054268953917	32.003542829607674
4	1	1	18.766998547828255	42.19080146800832
5	1	1	24.89647662988357	35.48243615363548
6	0	1	20.405500322737492	41.78648028371608
7	1	1	21.69056199536905	39.410480898569034
8	0	0	44.79843677541469	16.546190290851516
9	1	1	18.668494206173772	44.85794001917582
10	0	1	31.73005763994484	30.898744756877175
11	0	1	41.1370818846849	19.4552630681857
12	1	0	28.589675298041996	32.754951768224224
13	1	1	22.964213433390853	37.4146993501282
14	0	0	27.774792545545935	34.406058832751135
15	0	0	36.35365118459147	26.61983709255463
16	1	1	36.780369098998506	23.615442324074632
17	1	1	36.42845786422259	27.519470715524836
18	1	0	14.761258046076708	46.35391764327321
19	0	1	42.251010224925395	18.12790255859365
20	0	1	31.91054268953917	32.003542829607674
21	0	0	26.665304083701855	33.71886645756872
22	0	0	42.044609809591016	19.620618426581913
23	0	1	31.760084073815793	28.818294804889327
24	1	1	22.214884897087757	38.75308960998227
25	0	1	28.204102263962994	32.37427661474213
26	0	1	26.22003609589293	34.44584411871781
27	0	0	38.80346805831443	21.702037223415708
28	0	1	28.431576664399064	32.021726935744965
29	0	0	49.33020037726904	12.486003937898365
30	0	0	27.83021187249551	34.54870091102354
31	0	0	29.264662356582242	31.14908074973747
32	0	0	38.34392931709316	22.434564450512042
33	0	0	42.044609809591016	19.620618426581913
34	0	1	34.37956594281861	26.42367747936995
35	1	1	32.65230579668998	27.726606986829083
36	0	0	27.17617262472202	33.222248059818966
37	1	0	21.37886339742752	41.00004938609151
38	1	0	43.639637048135306	17.541214330161747
39	1	0	20.819820136677663	40.633483463466334
40	1	1	26.607750008497025	34.4498136927601
41	1	1	23.027826424988813	37.351086358530225
42	0	0	47.03491433230953	14.31406494204011
43	1	1	23.86323171301798	38.53184380872684
44	1	1	20.510589709156648	42.97231011920812
45	0	0	31.516305372593077	30.664546005704
46	1	1	23.450523157265383	37.12785572143973
47	1	1	21.46951219861427	38.90940058490476
48	0	0	53.206826402251366	9.172086381267667
49	0	0	45.51716239507571	14.86175038844332
50	0	0	53.171361455957516	8.17761781839213
51	1	1	15.702710855992189	46.03531862035987
52	0	0	38.20340786244463	22.175504921074406
53	1	0	27.70921715208742	32.8831278007832
54	0	0	26.25062444674401	34.581586663688725
55	1	1	28.830731050953077	33.361249555500514
56	0	0	22.454278035005288	38.05122724672486
57	0	1	36.2225848833498	24.216886833167255
58	1	0	11.242773047130656	49.17097005918904
59	1	1	7.618278232146094	52.83502536799791
60	1	1	14.371990331835443	46.006922451683586
61	0	1	29.23757746466566	31.34080141403946
62	1	0	26.169993725006144	34.28330987513788
63	1	1	19.270539025645405	42.921441580808164
64	0	0	43.20086614805861	19.33374823778469
65	0	0	32.778207444687986	28.80017143401714
66	0	0	18.20635986588874	44.1725529176303
67	1	1	26.34177331925781	34.071969787061896
68	1	1	7.643276894055675	52.740893647214875
69	1	1	29.77578836739795	31.631741663666848
70	1	1	22.92253807268467	39.26944253376891
71	0	0	29.511525157356086	30.867387626162966
72	1	1	17.74343318910591	42.670309917213785
73	1	0	30.954869395039392	30.310412680302615
74	1	1	26.132511315790214	36.05946929066338
75	1	1	28.98070626420961	32.2122453888135
76	0	0	42.739077841394234	22.06436926421037
77	1	1	17.041707008679367	43.411596591464644
78	0	0	39.997312489351415	20.69544588071924
79	0	1	20.728886058353076	43.563595438746084
80	1	1	23.86323171301798	38.53184380872684
81	0	1	36.127939446314464	24.250973337204588
82	1	1	24.89647662988357	35.48243615363548
83	0	0	43.98766801512345	20.81577909048115
84	1	0	20.5081129529541	39.870799830564934
85	1	1	15.932572859259764	44.60062427299437
86	1	1	10.465424322111705	53.01747550625305
87	1	0	24.29392122010426	37.60830094110234
88	1	0	38.03547445411284	24.862993481586837
89	1	1	31.92675492835854	29.48077510270626
90	0	1	30.427994874786325	30.67304801915178
91	0	1	26.249430913183648	35.18463251749365
92	1	1	28.177314004138424	32.2364291021813
93	1	0	14.626221011028312	46.06333044130198
94	1	0	21.153602364466604	41.54591158895916
95	0	0	34.11679274197174	28.03142319012207
96	0	0	44.863990449373475	19.939456656231123
97	0	1	20.98533211081456	42.4975677175502
98	1	0	35.31670197411437	25.097041132205348
99	0	0	46.83128163892467	13.58246146739503
100	1	1	19.272225374997277	41.123586048075836
101	0	0	30.354310183972167	32.54415775172752
102	1	1	23.86323171301798	38.53184380872684
103	1	1	23.107264532668538	38.34603906747547
104	0	0	30.095055203426543	30.283857580092512
105	0	1	37.24553427267908	24.133378510839975
106	1	0	43.02931684968118	17.54583942055234
107	0	0	45.35365627956012	16.18751469603401
108	1	1	22.1863547801533	39.221175250911486
109	0	0	26.81612491152466	33.59761819479507
110	0	0	39.36636757668038	21.13913770504976
111	1	0	34.99018707546296	27.783042946631063
112	1	0	15.331166279781682	45.759123902776274
113	0	1	41.60154053614221	18.976838342562896
114	1	0	30.41905529473072	31.14564115188518
115	0	1	19.642436450851235	42.86132559447542
116	0	0	46.955582852017265	15.423329931501753
117	0	0	29.96325560860889	31.615123270096227
118	0	0	26.14189154284941	35.4364873358557
119	0	1	27.138827740709335	33.24008504280972
120	1	0	35.84014962534137	28.87937617990959
121	0	0	47.559453817771995	14.819458965747023
122	1	1	28.759084351151706	31.654658755168
123	0	0	45.689610143564025	14.689302639955008
124	0	0	44.22722240036808	19.351156478337018
125	0	0	51.84196742451681	8.536945359002212
126	0	1	24.873913983358413	36.24126170599155
127	0	0	30.82368734093615	29.572124082136984
128	0	0	42.637420659907555	18.311329177000164
129	1	1	30.823036547378013	31.12728497158197
130	0	0	35.00458508701318	26.573793791691948
131	0	0	36.70247222958732	24.75083137055672
132	1	0	28.589675298041996	32.754951768224224
133	1	0	28.028512456103638	32.42479114404039
134	0	0	35.42763674556291	25.271877207862875
135	0	0	44.40257406153459	17.487033068409332
136	1	1	16.30176762906172	45.15153597108229
137	0	1	31.171736235123138	30.009115143173933
138	0	1	19.32660461300844	41.50882654954514
139	0	0	48.24559558103918	13.316494311293985
140	0	1	32.10958880487897	30.082391801574623
141	1	0	19.64332098207828	41.314479033758296
142	0	0	57.36882863600729	3.980150638342357
143	1	1	22.795501666244594	37.58341111727445
144	0	0	28.64016173854888	31.75825894599211
145	1	0	40.35493805372731	20.955385477877776
146	1	1	29.887350129877927	33.241605340405826
147	0	1	29.397309227862205	33.13453328332716
148	0	1	35.28757412618323	25.290804752521893
149	1	1	36.70237894419073	23.711364162128994
150	1	1	13.097204614058121	48.64082486229392
151	0	0	26.949896118008446	35.112709526992255
152	1	1	20.09901886775913	43.38388096060562
153	1	1	30.70257684279543	29.802928438934714
154	0	1	20.372867934362688	41.006044849156346
155	0	1	27.819414443273565	33.55409005440572
156	0	1	30.38956552164387	30.341292350910656
157	1	0	39.258544752869675	23.120368030649363
158	0	0	16.659817028505724	43.719095755013306
159	0	0	43.84880104235941	18.68581334348389
160	1	1	36.780369098998506	23.615442324074632
161	1	1	39.960181130545664	24.408862868158163
162	0	0	51.49517089008978	10.432266347500855
163	1	1	32.729202383798146	30.399753086485603
164	1	1	20.093923657716466	40.49842129515414
165	0	0	35.737478611140695	26.41073732095312
166	1	0	34.99018707546296	27.783042946631063
167	0	1	19.24277162923053	41.170971477089175
168	1	0	25.94740617751425	35.431506606004795
169	0	0	41.17054301001771	21.208369773501325
170	1	1	17.080228710632092	43.33351439568761
171	0	0	31.516305372593077	30.664546005704
172	1	0	19.764716505073363	41.42823514794973
173	1	1	21.535269638052565	38.87847346826713
174	1	0	32.28350209293792	28.618360005994926
175	1	1	13.98363516394804	46.98433934312197
176	0	0	44.85814207918875	17.520770704330268
177	0	0	30.463262937023828	31.118358054276072
178	1	1	9.647402240983919	53.835515338532325
179	1	0	25.075725127671095	36.377578472472926
180	0	0	51.84196742451681	8.536945359002212
181	1	0	31.65117189526801	30.412979904079144
182	1	0	22.642271939419263	37.77147116690045
183	0	1	38.06450620458594	22.331305218487184
184	0	0	26.060885055589296	36.31802772792975
185	0	1	26.9024036305998	33.603101651130345
186	1	0	21.845473649171698	38.84407780315861
187	0	0	43.339346326723536	19.63982984068928
188	0	0	54.177659345539126	7.3635116300549965
189	1	1	36.70237894419073	23.711364162128994
190	1	1	23.30348925798626	37.66448524908377
191	1	1	26.55911385185697	33.81979893166208
192	1	1	16.527072265436203	43.8866708408835
193	0	1	41.09798629119341	19.480392587511687
194	1	1	29.945224022491775	30.508079577652254
195	1	1	10.070069309366149	50.38323429077785
196	1	1	32.65230579668998	27.726606986829083
197	0	1	23.811330233190738	36.5675825503283
198	0	0	28.912944692435943	31.465968091083106
199	0	1	45.79836194027207	14.780016938433016
200	0	0	29.444557120389767	30.93435566312929
201	1	0	23.46503578489016	36.91913475638042
202	1	0	27.111237682497116	35.515199386034524
203	1	1	30.86405851111154	29.51485427240752
204	0	0	28.77889121769854	33.08458296256935
205	0	0	30.67737586733115	31.85723851851218
206	1	0	29.44131495406801	31.133841316165533
207	0	1	19.081731684474168	42.86104910316421
208	1	1	26.42346587231811	34.75738550597895
209	0	0	44.704859001971535	16.47599237632551
210	0	0	34.96240343609011	26.615975442615014
211	0	1	40.45741941213636	20.510555094933668
212	0	0	39.03554410521951	22.309082961046688
213	1	1	19.084551640789815	44.61449487234307
214	1	1	22.92253807268467	39.26944253376891
215	0	1	42.41261935393159	17.966293429587452
216	1	1	39.634759094636216	20.98803307064471
217	1	0	19.802349874895352	40.61139323142435
218	0	1	36.55531610348653	24.223177664118673
219	0	0	26.97975986252617	34.36486720374004
220	0	0	45.38841891989758	16.152752055696546
221	0	0	33.84498159148277	26.533931192036277
222	1	0	26.981450095144908	33.52405518658523
223	0	0	29.444557120389767	30.93435566312929
224	1	1	15.609148886909423	44.8963563948207
225	0	0	27.774792545545935	34.406058832751135
226	1	1	8.164812582797628	53.21394967263316
227	1	1	10.089747167381168	50.32399593893851
228	1	1	22.054409594599182	38.39889400554485
229	0	0	35.29866164501807	26.8663208853749
230	1	1	39.634759094636216	20.98803307064471
231	0	1	50.6478778284061	10.893293147188027
232	1	0	28.75846350680343	35.42238787149363
233	0	0	24.505295516375647	37.07308336232947
234	1	1	22.57558098776888	37.80333179575015
235	1	0	22.042782835086374	38.46272244664376
236	1	1	27.19978556378354	33.17912721973551
237	1	0	17.767134318550344	44.41371705974671
238	0	0	37.642940957530975	25.336235209881863
239	0	0	43.179521027741174	18.382568864592013
240	0	0	33.17353133408657	29.88063820393739
241	1	1	26.071148618198745	34.30776416532031
242	1	1	19.525565970306186	41.66738568271692
243	0	0	45.47546552808672	14.903447255432313
244	0	1	40.33488891235101	21.23825465657999
245	1	0	32.94424323789746	29.119908561449694
246	1	1	24.949198416341144	35.4297143671779
247	0	0	33.397722732580085	30.18065614612503
248	1	1	14.169952056823664	47.56807741952837
249	0	0	34.13841606264667	26.86664586390911
250	0	1	20.728886058353076	43.563595438746084
251	0	0	33.789065123235915	28.589847660283148
252	1	0	25.443832845750425	35.06167243597971
253	0	0	41.89427462332707	20.48463816019196
254	1	1	33.099437245645035	27.59011420668528
255	0	0	49.710575725442446	11.638035226431091
256	0	0	30.502911863575317	30.6900397894478
257	1	0	37.93077645492056	24.1333753444266
258	1	1	31.553492947558407	29.899810652592066
259	0	0	45.15126099608875	15.30204260405525
260	1	1	20.22478355063726	41.04049852470473
261	1	0	20.368335903857453	40.010576879661585
262	1	1	23.8196616566692	36.55925112684985
263	0	1	35.771536798924345	27.986847117898225
264	0	0	49.062187333151655	11.886562503756059
265	1	0	34.99018707546296	27.783042946631063
266	0	0	25.191146648919542	36.15348041734668
267	1	0	34.45723220115183	27.921680582367223
268	0	1	25.62212746205013	35.785402569014664
269	0	0	44.99714522317912	17.970547201242386
270	0	1	29.295837385436677	31.083075398082375
271	0	1	39.21471145758474	21.363667421120383
272	1	1	13.633486519979465	46.74542626353956
273	1	0	44.58034515410239	15.81546626897073
274	0	1	25.38106338189406	36.56925813706593
275	0	0	37.690633050824665	22.723110055495063
276	1	1	13.98363516394804	46.98433934312197
277	0	0	39.8910724258728	20.487840357646235
278	1	1	25.494452404220855	35.011052877509286
279	0	1	18.7454063807159	43.649669141028916
280	0	1	24.238180822381313	36.14073196113774
281	1	0	32.02028526822916	29.32434179803706
282	1	1	18.681419229389537	42.71159316931167
283	0	1	32.06816729192176	28.510211586783356
284	0	0	57.40863861725628	4.653967027744395
285	0	0	30.161822526219062	32.61140749587497
286	0	0	40.83441585510567	20.74396302359944
287	1	1	23.200239678256636	37.992711974766465
288	0	0	24.305376633215364	37.169914512696934
289	1	1	19.95223745077925	43.57419677457034
290	1	1	21.540804071075822	38.96470121065432
291	0	1	38.90504413890041	21.534427577616654
292	0	0	27.839648292577024	32.539264490948476
293	1	1	15.467984983869078	48.38762055671582
294	1	0	35.617330388988734	24.835973211155302
295	0	0	41.68348597742463	19.119757444763913
296	0	0	43.56319721604955	17.21529655155563
297	1	0	22.44499357885598	39.73585779944108
298	0	1	27.06807931255663	33.43742596917351
299	1	1	18.1148564689898	42.26405631452924
300	0	0	51.49517089008978	10.432266347500855
301	1	1	11.500014863877476	49.454724534860254
302	1	0	17.356321424436803	45.41690859765721
303	1	1	25.242682318349676	36.16484771271512
304	1	1	30.266483770369096	30.239021511361045
305	0	0	22.932161885053894	37.57334339667624
306	0	0	13.892301571439877	46.49186896983069
307	0	1	15.162334905763922	46.78044588187445
308	0	1	33.0433957999811	28.33010869769819
309	0	0	38.1947518758487	22.60849154633985
310	0	1	49.89601610904119	10.726776056239716
311	0	1	36.36624896625931	24.748926723090648
312	0	0	27.71319253498138	32.70055057133834
313	1	1	39.634759094636216	20.98803307064471
314	0	0	39.30827508403114	23.070637699487893
315	0	1	22.297497170054847	38.80354572388323
316	1	1	10.367869737340126	53.03544106913831
317	0	0	48.59726224403275	13.465343400967937
318	1	0	17.060326253056605	44.39297734708739
319	1	0	33.048756836545316	28.29587022972091
320	1	1	37.76760089802696	22.64614220829276
321	0	0	27.544657409048448	33.46040451750733
322	0	0	37.018590117390424	26.559788761314696
323	0	1	27.782004322300786	33.33317136704917
324	1	0	32.74839636193731	27.63051642158175
325	1	1	23.662816798596346	37.28618702777186
326	0	0	25.306883832852073	37.07202895066699
327	1	1	26.788457889977664	35.403522716475926
328	1	1	31.96353772557523	29.34678580602987
329	0	0	42.34143589366753	19.236942985037587
330	0	1	35.771536798924345	27.986847117898225
331	1	1	18.615127027707217	41.96325185099787
332	1	1	16.527072265436203	43.8866708408835
333	1	1	11.039204401405286	50.90357638623308
334	1	1	17.245634228254286	44.94634637819929
335	0	1	30.68845055220274	30.884693016728257
336	1	1	36.04610332489399	28.646684169149584
337	1	1	23.41577682180492	40.43982871877997
338	1	1	7.723857870853951	52.65505491266507
339	1	1	25.741030358878184	37.387925111405565
340	1	1	22.603961560061148	39.346359958898816
341	1	1	12.228647737425817	48.46090371490447
342	1	1	11.538171764877251	51.944728063487496
343	1	0	18.10326891597753	42.35003468416648
344	0	0	43.04087766260574	19.338035120913297
345	1	0	44.55669147181431	19.624159906482745
346	1	1	12.866729868161958	47.58657373198205
347	0	0	36.917226062241284	27.88622104336334
348	0	0	40.47856906801285	22.489123356408655
349	0	1	46.22648560587332	14.365859346997267
350	0	1	22.376081040352716	39.05796739528167
351	1	1	13.56950365871553	47.572988205428565
352	1	1	20.24022849482662	41.95175211162696
353	0	1	36.99738699202884	23.38152579149022
354	0	0	38.74636092278932	21.63255186072973
355	0	0	51.84196742451681	8.536945359002212
356	1	0	42.128901398970804	22.05194997932626
357	0	0	42.91682638959926	19.20218034470012
358	0	1	22.14790292235398	39.286160508323306
359	0	0	44.79843677541469	16.546190290851516
360	0	0	46.19611518843158	15.18279759508747
361	1	1	24.621035140355666	39.137348776466894
362	1	0	18.449957877736317	42.05554740399381
363	1	0	31.4114694803093	32.76938189798778
364	1	1	23.107264532668538	38.34603906747547
365	1	0	29.213918423867124	31.485595529558648
366	1	1	29.887350129877927	33.241605340405826
367	1	0	30.93915315708811	30.40547390917811
368	0	0	39.57666728640833	21.04612487887259
369	0	0	47.03491433230953	14.31406494204011
370	0	0	39.75367310332852	21.43927854969458
371	0	1	33.67874499352143	26.854452138732732
372	0	0	44.85814207918875	17.520770704330268
373	1	0	29.325191660219406	32.21597931537474
374	1	0	11.242773047130656	49.17097005918904
375	1	1	24.60518129811371	36.35261871772288
376	1	1	19.30038034045126	41.07853244306777
377	0	0	36.50262177553799	26.031992610305327
378	1	1	11.76332536904569	49.24692194096493
379	0	0	46.13802338020369	15.240889403315348
380	1	1	33.61480872056831	26.764104062950743
381	1	1	16.621260298934654	44.57169135408844
382	1	1	39.960181130545664	24.408862868158163
383	0	1	38.06450620458594	22.331305218487184
384	0	0	36.356819425904575	24.478611736649032
385	0	0	29.456054709679197	32.60809708966796
386	1	1	22.88152230680332	40.60137752156146
387	1	0	27.141913575759204	34.1233684995828
388	0	0	38.33868620968064	22.0402265738384
389	0	1	29.97459569907535	32.21738490737824
390	0	0	31.646069350259552	29.469106339090402
391	0	0	36.84112389422352	24.27405179512644
392	0	0	59.21500057668698	2.712436660903653
393	1	1	27.172463395671898	33.40591548303322
394	0	0	39.083323494779144	21.422181786951
395	0	0	20.48225679756354	39.90191374370702
396	1	0	42.823069260979146	17.79972290430177
397	0	1	36.20373240031716	24.235739316199908
398	0	1	33.462576422891495	27.916336360627557
399	0	1	30.38956552164387	30.341292350910656
400	1	0	22.535883427680673	37.84302935583836
401	0	0	44.53535713969856	16.81334150800263
402	0	1	32.78135872918117	27.884521485429556
403	1	0	40.33967686401073	22.039235919508315
404	0	0	44.86666423153488	15.529147191538227
405	1	0	23.367828118422608	38.67679430195746
406	1	1	26.949265242390016	36.90634029819488
407	1	0	13.968393919769511	48.095757879577626
408	1	1	30.426284218985746	30.021421974506804
409	0	1	33.43052130153323	27.235358913077494
410	1	1	4.911455280301827	55.47271526096872
411	0	1	36.127939446314464	24.250973337204588
412	0	0	42.397111568296076	17.98180121522296
413	1	1	25.449127847535586	35.05637743419456
414	0	0	21.053754180170095	41.32515860334894
415	0	0	48.832298395577716	12.51232867068847
416	0	0	47.559453817771995	14.819458965747023
417	0	0	32.94372484374858	27.78713302880595
418	1	1	27.40205854362801	33.051245056516024
419	0	0	39.95676274788221	22.42215003563682
420	0	1	23.699361920560747	36.71438118575895
421	0	1	37.264052948635175	23.67740612564666
422	1	1	20.906561072908925	39.928870089644654
423	1	0	34.62460989824496	25.950546371988583
424	1	0	25.726264809364718	34.68747829695501
425	0	0	32.70746452003732	27.671448263481743
426	0	0	37.440244156468246	24.622361488532448
427	0	0	39.267320427932745	21.14642267838696
428	0	1	23.6964651246393	37.13574598579343
429	0	0	42.901135161759015	18.44349190450718
430	0	1	26.381798482008794	34.669383290034865
431	0	0	29.662968742542382	35.056557062708585
432	0	1	46.06773878568222	15.242584745922864
433	0	1	26.284193553521117	35.14986987715618
434	0	0	42.45717414169303	19.92173864182601
435	1	0	35.67139752439852	24.707515259120534
436	1	1	32.65230579668998	27.726606986829083
437	0	1	34.87527876163893	26.5780248385051
438	1	1	34.171473458144014	27.021478194879094
439	0	0	55.52729092363596	6.851621859883062
440	0	1	26.284193553521117	35.14986987715618
441	0	0	43.27845472041901	18.785697078928116
442	0	0	36.80559121152579	23.925266661028733
443	1	1	10.577730406178757	49.80118237734027
444	0	1	46.28655355726204	14.291825321443048
445	0	0	35.95191915781014	27.027257009602696
446	0	0	38.174083842487605	22.66134732006601
447	0	0	47.390937028455916	13.004874394617188
448	1	0	23.367828118422608	38.67679430195746
449	0	0	24.80065777781538	36.204404148740394
450	0	1	26.904191548195254	34.636979427398884
451	0	0	25.616048906832823	34.782371777708164
452	0	0	30.354310183972167	32.54415775172752
453	1	1	21.068170201915127	39.76726096063846
454	0	0	43.56319721604955	17.21529655155563
455	1	0	34.60612233139043	25.77279045212863
456	1	1	3.7900184636998753	56.66328513644574
457	1	0	32.74839636193731	27.63051642158175
458	1	1	17.5349484838499	43.730333591492084
459	1	1	26.108543619939898	34.39696166179025
460	0	1	41.1370818846849	19.4552630681857
461	1	0	28.1603666869168	33.03258496610631
462	1	1	11.538171764877251	51.944728063487496
463	0	0	41.14062686559036	23.662820240014234
464	0	0	43.93192326934289	19.035769155078622
465	0	0	24.080092295629576	36.31832838891142
466	0	0	35.46732654647245	24.946416559847265
467	1	1	24.886732653638084	36.378549421703916
468	0	0	46.955582852017265	15.423329931501753
469	0	0	42.073784653901846	20.305128129617188
470	0	0	45.38841891989758	16.152752055696546
471	1	1	35.55970245829497	25.018676420410152
472	0	1	35.19094955625043	25.38742932245469
473	0	1	30.38956552164387	30.341292350910656
474	0	1	38.931368871690516	21.508102844826553
475	1	1	26.987181340815876	33.67869887379484
476	0	0	26.25062444674401	34.581586663688725
477	0	1	27.901372512231976	34.72742988459004
478	1	1	20.09901886775913	43.38388096060562
479	0	0	35.46732654647245	24.946416559847265
480	0	1	31.163414691224368	29.215498092294688
481	1	1	6.894911126871254	54.29804052615184
482	1	1	20.84875300370848	39.56499010261121
483	0	1	26.890570859229584	33.61493442250056
484	0	0	45.47546552808672	14.903447255432313
485	0	0	22.007329755288943	38.445973844855054
486	1	1	17.262415169158185	43.68658865721
487	0	0	42.901135161759015	18.44349190450718
488	1	1	22.706111444936973	38.394931449001135
489	0	1	19.167874232616825	44.55439538735318
490	1	1	6.554672533157169	53.82949800811338
491	1	1	23.936609860968723	36.44230292255032
492	1	0	23.62448778857918	36.75442499493986
493	1	0	19.268017097974706	42.31360389332517
494	1	1	15.932572859259764	44.60062427299437
495	1	1	23.534202175719802	37.65874947730331
496	1	1	11.549841558020477	51.07896083880151
497	1	1	18.99427988981821	42.106763004119884
498	0	1	39.401076977845996	21.104428303884145
499	0	1	26.743853297700248	34.08835781273248
500	0	1	39.32553922071439	23.349353539453237
501	0	0	31.051581446570705	30.129269931726366
502	0	0	34.360259911576435	27.82059146672065
503	1	1	22.667876047050115	39.52410455940346
504	0	0	39.26869205370763	21.127119369365495
505	1	1	17.35008987623488	43.02882290728415
506	0	0	58.29851863803752	5.279860240667574
507	1	1	36.70237894419073	23.711364162128994
508	1	0	19.766865479968402	41.640664551096386
509	1	1	39.634759094636216	20.98803307064471
510	0	0	37.38876650481026	24.18961237389486
511	1	0	26.57211300723548	34.78408841140496
512	0	0	26.339570708362274	34.11373289178175
513	1	1	20.343233229239097	41.84874737721447
514	1	1	6.5629826255639365	54.53806026837414
515	0	1	31.760084073815793	28.818294804889327
516	1	1	23.88963202297377	36.799919429356535
517	0	1	39.23427524569901	21.161536177374103
518	0	1	27.52849401441949	35.71330121797068
519	0	1	19.081731684474168	42.86104910316421
520	0	0	24.241369707778667	40.47815609747228
521	0	0	41.89427462332707	20.48463816019196
522	1	1	24.428833833625454	36.83644824171654
523	1	1	20.411668403253174	39.96724438026586
524	0	0	44.86666423153488	15.529147191538227
525	0	0	59.25718222761005	2.6702550099805884
526	0	1	19.32660461300844	41.50882654954514
527	0	0	24.511423703732564	36.6694276745645
528	0	0	44.63190923636272	15.747003547156316
529	0	1	31.928303587393565	28.45060919612549
530	0	0	35.00458508701318	26.573793791691948
531	1	1	13.759885428965802	47.61887682646499
532	0	0	24.269670251513034	36.109242532006014
533	0	1	32.218828185751185	29.188701845313616
534	1	1	18.501192132998614	41.952111467151845
535	1	0	34.80403662591595	26.737134349678207
536	0	1	20.877894108366068	39.811657343964235
537	0	0	24.511423703732564	36.6694276745645
538	0	0	37.46210131323146	26.718750065065628
539	1	0	16.371611084248446	46.40161893784556
540	0	1	27.138827740709335	33.24008504280972
541	0	0	33.83606818670243	28.542844596816618
542	0	1	42.69902343094428	18.242435643337544
543	1	1	17.74343318910591	42.670309917213785
544	0	1	34.27476105731151	26.456096815243026
545	0	0	27.24807105081158	35.13084173270748
546	1	1	20.093923657716466	40.49842129515414
547	1	1	22.755837188377146	38.34520570556095
548	0	0	25.191146648919542	36.15348041734668
549	0	0	42.91682638959926	19.20218034470012
550	0	0	48.24559558103918	13.316494311293985
551	1	1	9.329130003887059	54.83429080387648
552	0	0	29.264662356582242	31.14908074973747
553	0	0	38.80842232210872	23.339793609985083
554	0	0	58.661354698039155	5.237625350572654
555	0	1	30.775878245319912	33.13820727382693
556	1	1	9.814363591471311	51.378588061551774
557	1	1	21.684023167952535	39.31230337969774
558	1	1	25.449127847535586	35.05637743419456
559	0	1	28.655380153018335	31.92299872568678
560	1	0	34.604070168082494	26.588881484940618
561	0	0	36.35365118459147	26.61983709255463
562	1	1	22.421311058420127	40.70764441186362
563	1	0	23.227439770031495	37.73036024580509
564	1	1	10.277398639498212	50.10151414402081
565	0	0	18.057383574354954	42.326786966915606
566	0	0	53.167963383025885	7.227848040047221
567	1	0	30.93915315708811	30.40547390917811
568	1	1	22.768466043686768	38.624546355014445
569	1	1	16.516694340229694	44.584348553708395
570	0	0	46.5114816746904	15.029689300903732
571	1	1	40.37005202009465	20.591939047917126
572	1	1	13.586159183562785	47.867144416581226
573	0	0	38.545293756097536	22.304424110030595
574	0	1	33.15990241339544	27.219010370123613
575	0	0	51.5073430298972	10.871569753621818
576	0	0	46.1528515209672	14.697638511453038
577	0	1	44.35516319502323	16.955160336581844
578	0	0	44.20719382394777	19.371185054757337
579	1	0	11.242773047130656	49.17097005918904
580	1	0	27.70921715208742	32.8831278007832
581	0	0	33.72561340155158	26.653299381967475
582	0	0	24.80065777781538	36.204404148740394
583	1	1	18.6061686796811	41.972210199024
584	0	1	22.729140973932765	38.267185573717526
585	1	0	9.222173538746533	51.73562647709004
586	1	0	17.67756958551971	42.701343197999336
587	1	0	17.060326253056605	44.39297734708739
588	0	0	30.660341952700506	29.845163329029635
589	0	0	32.891345659769954	27.487567123749105
590	1	0	42.128901398970804	22.05194997932626
591	0	1	27.247393775517406	34.94458683093619
592	0	0	45.97146468096822	14.407448102550807
593	0	0	51.34568066171915	11.033232121799871
594	0	0	37.23990434594749	23.95304730707562
595	0	0	46.13802338020369	15.240889403315348
596	0	0	43.468819087614264	16.91009369590687
597	0	1	22.376081040352716	39.05796739528167
598	0	0	38.67828279040886	21.7006299931102
599	0	0	30.660341952700506	29.845163329029635
600	0	0	45.054615588938354	15.34119583413475
601	0	1	26.743853297700248	34.08835781273248
602	1	1	20.093923657716466	40.49842129515414
603	1	1	22.1863547801533	39.221175250911486
604	1	0	33.87272454315731	26.50618824036175
605	1	1	24.308009413359763	39.54759612722513
606	1	0	29.281191213347245	31.252005918906907
607	1	1	27.172463395671898	33.40591548303322
608	0	0	37.23990434594749	23.95304730707562
609	1	0	26.169993725006144	34.28330987513788
610	0	1	32.80275184353854	29.82605055328348
611	1	0	33.55750386905317	27.63544778396994
612	0	1	40.83212890048833	20.709042075105796
613	0	0	48.95138706986654	11.997362767041176
614	0	0	44.85814207918875	17.520770704330268
615	1	0	30.105923118598778	32.0749282596983
616	1	0	19.91534382143353	42.85788620066049
617	0	0	34.11679274197174	28.03142319012207
618	1	1	22.38554300113896	39.179153445476935
619	1	1	25.25760935012157	35.32076952858355
620	1	0	31.151244112166484	29.35426116956366
621	1	1	13.751800031635884	46.753705250094235
622	0	0	34.11119582204959	26.619662050508236
623	0	1	28.22280147409154	34.5575123096156
624	1	0	30.105923118598778	32.0749282596983
625	1	1	27.059181675324826	33.319731108194226
626	0	0	35.43555525913182	25.187236906149117
627	0	0	30.836697594598824	30.344153783698246
628	1	0	22.642271939419263	37.77147116690045
629	0	0	36.62490692446355	25.7540058590555
630	0	0	27.703630472880885	33.86106597373501
631	0	1	35.0589820275786	25.31993075594046
632	1	1	21.068170201915127	39.76726096063846
633	0	1	39.18801666156384	22.265286938580168
634	0	0	32.98359221381927	28.423937817245527
635	0	1	38.14943626457665	22.428942614128474
636	1	1	20.3979283926421	39.980984390876934
637	0	0	28.25707378448939	32.19622981565464
638	1	0	29.867561025433947	31.397721049908064
639	0	0	41.58749252373863	18.9180127579915
640	0	1	20.728886058353076	43.563595438746084
641	0	0	39.997312489351415	20.69544588071924
642	1	1	15.672885917983153	45.33736139202747
643	1	0	23.46503578489016	36.91913475638042
644	0	0	32.18352468041313	28.200645860857456
645	0	0	29.456054709679197	32.60809708966796
646	0	0	46.955582852017265	15.423329931501753
647	0	0	35.00458508701318	26.573793791691948
648	1	0	27.185251447575894	34.08003062776611
649	0	1	29.949105949761186	30.464637156558528
650	0	0	57.36882863600729	3.980150638342357
651	1	0	8.435631607633724	52.01767199251188
652	1	1	32.542061277802766	27.836851505716293
653	1	0	43.639637048135306	17.541214330161747
654	1	0	14.626221011028312	46.06333044130198
655	0	0	24.317940678706314	36.73962302255081
656	0	1	40.549543165325495	20.025613104904743
657	0	0	53.73347601848848	6.645436765030542
658	1	1	39.12940699734207	21.266404425731057
659	1	1	28.580849437950942	31.9943068322826
660	0	0	40.012990275867	20.365922507652044
661	0	1	33.43947461658279	27.33901915102241
662	1	0	30.809059483860892	30.64424411628313
663	1	0	40.33967686401073	22.039235919508315
664	1	1	6.933540158852733	57.2298806489108
665	0	0	46.1528515209672	14.697638511453038
666	0	0	37.42974691924069	24.751104459056393
667	0	1	29.27518518972206	33.3997075704456
668	1	1	39.30822920488492	21.070683578634142
669	0	1	38.096265223911246	22.40924005781888
670	1	1	31.784298483594018	28.794080395111106
671	0	0	30.002765250858797	32.37614753266026
672	0	0	47.66348596349189	13.685493310857765
673	1	0	31.072346901759403	30.120604751263716
674	0	1	36.38081261991508	24.058659096601975
675	0	0	25.23495981815853	38.13508536644237
676	1	0	29.867561025433947	31.397721049908064
677	1	0	23.367828118422608	38.67679430195746
678	1	1	17.10275543946328	46.380144388901485
679	0	0	53.746989272173316	9.83138960653178
680	1	1	29.41627658574649	30.962636197772564
681	0	1	36.2225848833498	24.216886833167255
682	1	0	23.117445559436632	37.26146722408887
683	1	0	33.58943581700356	28.27403836326433
684	1	1	23.26058387419525	37.470273998362565
685	0	0	42.34143589366753	19.236942985037587
686	0	0	25.007883225915414	37.17296815238166
687	0	0	36.80559121152579	23.925266661028733
688	0	1	31.480491307236303	29.784790768105708
689	1	1	9.814363591471311	51.378588061551774
690	1	1	14.795518324908901	48.68738150345586
691	1	0	29.603090247767934	30.775822535751118
692	1	1	31.65905259591466	32.03999391721824
693	0	0	33.847777569582476	28.531135213936583
694	0	0	27.71319253498138	32.70055057133834
695	0	0	59.21500057668698	2.712436660903653
696	0	0	43.56319721604955	17.21529655155563
697	0	0	29.456054709679197	32.60809708966796
698	1	0	34.1544833961678	28.74398453953189
699	1	0	18.11845775397876	42.57109369835153
700	1	1	32.70841763161794	31.307534733503562
701	1	0	17.62914879245434	42.824154807691265
702	1	0	38.247310023887195	22.166433082432516
703	1	1	36.27683580742605	26.852119662857696
704	1	1	18.889882573503094	43.73891982331891
705	0	0	22.932161885053894	37.57334339667624
706	1	1	31.382418326864617	29.579572741147164
707	1	1	29.475774202719062	34.47215437702836
708	1	1	19.703731388605725	40.87464749009937
709	1	1	14.272212072028887	49.21068775633587
710	1	0	34.604070168082494	26.588881484940618
711	0	1	25.922689408271097	34.65568947043403
712	0	0	34.11119582204959	26.619662050508236
713	0	0	21.43765516084579	39.91854625779465
714	0	1	17.031811871077036	44.05847831148093
715	0	0	48.19313824832422	15.38524063038088
716	0	1	25.531962590694402	37.248351193012745
717	1	1	27.172463395671898	33.40591548303322
718	0	1	44.35516319502323	16.955160336581844
719	0	1	38.86378003234548	21.515132751173574
720	0	1	35.765022699634024	25.808120869296975
721	1	1	31.553492947558407	29.899810652592066
722	0	0	35.09752734252235	25.680966425082865
723	0	1	23.879495581450087	37.49400891622919
724	1	0	24.614634418376845	38.15859560371718
725	0	0	54.177659345539126	7.3635116300549965
726	0	1	31.480491307236303	29.784790768105708
727	0	1	35.8365078230103	26.838384937157347
728	0	1	32.48282523111729	28.095553647587828
729	0	1	34.55509733760676	25.823815445914402
730	1	0	20.260597615994037	41.92025376230302
731	0	1	22.722725872292234	37.6561869112268
732	1	1	22.21280774415554	39.05247433118645
733	0	0	32.927166446022554	28.265785207000555
734	1	1	15.599971028128895	47.02883136869308
735	0	0	53.167963383025885	7.227848040047221
736	0	1	14.974184978377698	45.861246184175876
737	1	1	27.589936236777895	33.60301541624522
738	1	1	3.7900184636998753	56.66328513644574
739	1	0	33.09099172664024	28.253635339625994
740	0	1	26.50899351396816	34.08335143890246
741	0	0	46.12447905915803	15.691725256009375
742	0	0	30.86236216913726	29.516550614381792
743	1	1	15.702710855992189	46.03531862035987
744	0	0	44.475047879495555	16.410272475725346
745	0	0	39.87245337148313	22.191698427864008
746	1	1	5.94434308273078	56.45073243901402
747	1	1	30.949867238623728	31.242113367829866
748	0	1	32.581944612822696	27.85752710369437
749	0	0	22.73028305269939	40.04294696939463
750	1	1	15.599971028128895	47.02883136869308
751	1	1	25.08524128933308	36.479455157282814
752	1	1	9.588657487381598	51.50163269517637
753	0	0	36.27039012688528	24.395490087725445
754	0	0	38.20340786244463	22.175504921074406
755	1	1	32.652879471300324	27.93946548157029
756	0	0	28.109495671040875	33.071355707256195
757	0	1	19.427401716111362	41.66288846644661
758	0	0	47.18506027631324	14.879091523033894
759	1	0	39.22390554290181	21.155007240617234
760	1	1	13.615092050593596	46.7986510557261
761	0	0	47.66818335349424	12.710729430024783
762	1	1	19.084551640789815	44.61449487234307
763	1	0	32.82418659661316	27.554726186905896
764	1	0	41.08613600245231	20.367167597698156
765	1	1	0.657388947880433	61.28539183975792
766	0	0	26.060885055589296	36.31802772792975
767	1	0	38.247310023887195	22.166433082432516
768	1	1	17.35008987623488	43.02882290728415
769	0	0	36.22566395953806	24.153248823980984
770	0	0	45.97146468096822	14.407448102550807
771	0	0	43.04087766260574	19.338035120913297
772	0	0	22.73028305269939	40.04294696939463
773	1	1	31.57138433641425	32.2208426410089
774	1	0	30.2604018678363	31.803749931510858
775	0	0	26.408321824196193	33.97059095932287
776	1	1	31.96353772557523	29.34678580602987
777	1	1	31.36633678605137	29.212042092653746
778	1	1	11.039204401405286	50.90357638623308
779	0	0	57.40863861725628	4.653967027744395
780	0	0	35.35018453985418	25.830666838442898
781	0	1	40.703435514722706	19.736036201794334
782	1	0	35.27445782420508	25.425056129220692
783	0	1	30.49964399672688	30.303599425461677
784	1	0	41.410860550722674	18.96805223279637
785	1	0	20.932734317275916	41.13141748207123
786	0	0	33.370661775415456	27.162535356838703
787	0	0	18.79681050456311	42.15756045735086
788	0	0	47.559453817771995	14.819458965747023
789	1	1	19.731806231704415	40.64710655181462
790	0	1	45.26419332081204	15.175278395705002
791	0	0	38.82077017155727	24.158405995855553
792	0	0	38.466104743856945	25.65884556776696
793	0	1	26.569212777847216	34.0091661008579
794	0	1	32.82839221890007	27.677113062830074
795	0	1	34.883909934934785	26.08406457213526
796	1	1	12.836019572639382	48.17422773737125
797	0	0	38.6257068686809	26.17774023692371
798	0	1	31.928303587393565	28.45060919612549
799	0	0	42.761558539921474	20.68919487639256
800	0	1	33.43947461658279	27.33901915102241
801	1	1	29.89174083721343	30.487171946305622
802	0	0	23.38914465997112	38.19247633132876
803	1	0	20.815348923872026	39.56356385964702
804	1	0	19.292976615343207	42.05165045092299
805	0	1	39.865899205562634	20.51301357795643
806	0	0	19.462180099646496	41.680311764497596
807	0	1	30.01323623867803	34.27924525842116
808	1	0	30.48677471138531	30.694076666911766
809	1	1	22.964213433390853	37.4146993501282
810	1	1	10.089747167381168	50.32399593893851
811	0	1	33.49470904948329	27.083669829221833
812	1	1	33.61480872056831	26.764104062950743
813	1	1	30.11565549450925	33.64272842231331
814	0	0	42.761558539921474	20.68919487639256
815	0	1	27.572630191310438	32.880673408833594
816	1	1	34.171473458144014	27.021478194879094
817	0	0	42.76461808856568	18.038625333622857
818	1	1	22.873391510059985	38.66777946553415
819	0	0	39.305374484877696	22.039252581388514
820	0	1	26.569212777847216	34.0091661008579
821	0	0	53.28383734286826	8.643599894722367
822	0	0	45.63404932722417	15.710577739042025
823	1	1	13.211115086545428	47.88992780739266
824	0	1	32.78135872918117	27.884521485429556
825	0	0	46.59829450621675	13.78061827730227
826	0	0	33.83293529164216	26.614770901850395
827	1	0	19.64332098207828	41.314479033758296
828	0	0	36.84112389422352	24.27405179512644
829	0	0	44.863990449373475	19.939456656231123
830	1	1	18.6061686796811	41.972210199024
831	1	1	20.510589709156648	42.97231011920812
832	1	1	11.997660475931731	48.41608263038797
833	1	1	22.38554300113896	39.179153445476935
834	0	0	36.15504664251255	25.907559002488156
835	1	1	34.171473458144014	27.021478194879094
836	0	1	46.28655355726204	14.291825321443048
837	0	0	48.59726224403275	13.465343400967937
838	0	0	54.782841054191756	5.5960717293272655
839	1	1	14.392073676501331	46.80087797652176
840	0	0	55.04086256452762	6.88657467306301
841	0	0	23.415101920822753	36.96906862044782
842	0	0	44.20719382394777	19.371185054757337
843	0	0	37.939383397353005	22.63577287287725
844	0	1	22.61075755966224	37.80298554665745
845	1	1	17.10275543946328	46.380144388901485
846	0	1	27.247393775517406	34.94458683093619
847	1	1	24.98648388307416	36.46681971706986
848	0	1	13.403423012552569	47.10208226917756
849	0	1	42.251010224925395	18.12790255859365
850	1	1	28.830731050953077	33.361249555500514
851	1	0	30.990683460396166	31.19016791790091
852	0	0	45.85992781478805	18.265022496835833
853	0	1	22.729140973932765	38.267185573717526
854	0	0	30.467437463659852	34.336009641944756
855	0	0	28.04226761376063	32.353543809312505
856	1	1	39.30822920488492	21.070683578634142
857	0	0	34.42587621358605	26.767075439437058
858	0	0	36.35365118459147	26.61983709255463
859	0	0	53.18239648637972	8.127927045225345
860	0	0	27.173765573776137	33.33173970795401
861	1	0	24.92254671899486	37.25830465930221
862	0	0	36.68611319243209	23.819392089298052
863	1	1	17.401612075633846	42.97730070788518
864	0	1	26.118144667899877	35.31591876277742
865	0	0	15.888427572726687	44.617077709003446
866	0	0	41.86478071514282	19.316070663154242
867	1	1	21.033388498079375	42.36992230839907
868	0	1	33.18167576109689	28.191828736582405
869	1	1	18.501192132998614	41.952111467151845
870	0	1	25.009192330594423	37.619610066227594
871	0	0	25.99084418812194	34.6750360264888
872	1	0	8.080208955125828	52.4252963266043
873	1	0	25.075725127671095	36.377578472472926
874	1	1	19.059902154221945	41.379569562295096
875	0	1	42.41261935393159	17.966293429587452
876	1	1	13.615092050593596	46.7986510557261
877	1	1	21.498343155736457	42.27656234213092
878	1	1	12.924678335626034	47.45423444789299
879	0	1	29.415816500962805	31.162562377742315
880	1	1	18.4661533968561	43.57846902352396
881	0	1	33.60804954187561	26.970329336829515
882	0	1	35.771536798924345	27.986847117898225
883	1	0	16.229353171774765	44.27615210995536
884	1	0	18.773378276084113	41.64036483023559
885	0	1	28.892230245275574	31.88626352232963
886	0	1	22.296469509590402	39.44155996676164
887	0	0	23.973497274964434	36.532008006765714
888	0	1	34.637744613097134	29.276340906049715
889	0	0	43.77603724350019	17.339138445849745
890	1	1	14.226893667275048	47.16611873142616
891	0	0	36.62490692446355	25.7540058590555
892	0	0	36.25542294646741	24.277774185786747
893	0	1	27.572630191310438	32.880673408833594
894	1	0	29.603090247767934	30.775822535751118
895	0	0	37.67366671919564	22.705246064323415
896	1	0	23.542550847429982	36.83636193608907
897	0	1	27.177612955476906	33.5119384968534
898	1	1	22.858111609917426	37.59519199022659
899	1	0	17.356321424436803	45.41690859765721
900	1	0	34.1861535710928	26.20965785198034
901	0	0	38.1947518758487	22.60849154633985
902	1	1	31.57138433641425	32.2208426410089
903	0	0	38.416461472217044	22.31439640034076
904	1	1	26.009413422187468	37.11954204809628
905	0	0	38.20340786244463	22.175504921074406
906	0	1	21.31158959595874	39.523841566594854
907	0	1	30.072355674395702	30.30655710912335
908	0	0	33.84498159148277	26.533931192036277
909	1	1	20.10731370169755	40.27159908182149
910	1	0	18.10326891597753	42.35003468416648
911	1	0	23.398378620192926	37.10712666153721
912	0	0	32.71001918819256	27.74328441195147
913	1	0	22.44499357885598	39.73585779944108
914	0	0	41.95468401669228	18.44112740638083
915	1	1	24.34778483986011	36.15772044187002
916	1	1	30.742266053376806	29.636646730142246
917	1	0	15.89667747863224	44.51706562768745
918	0	0	22.932161885053894	37.57334339667624
919	0	0	48.72689615456863	13.200541083022005
920	0	1	26.381798482008794	34.669383290034865
921	1	1	14.435183499890515	47.75679710656306
922	1	1	26.18344009575038	34.19547268776868
923	1	1	26.18344009575038	34.19547268776868
924	0	0	32.927166446022554	28.265785207000555
925	1	0	12.378121672063358	50.39510835003065
926	1	1	20.364396463342846	40.04934664297686
927	1	1	20.09901886775913	43.38388096060562
928	1	0	27.020609311421097	35.14437321897188
929	1	1	21.01751264378734	42.50892158156225
930	0	1	18.398804844084978	42.558995171751604
931	0	1	14.899445096331771	46.215730593018165
932	0	0	40.437492859653176	21.710723072440626
933	0	0	34.13841606264667	26.86664586390911
934	0	0	42.71076205049211	18.40441363885784
935	1	1	21.46951219861427	38.90940058490476
936	0	1	31.91054268953917	32.003542829607674
937	0	0	31.516305372593077	30.664546005704
938	0	0	30.660341952700506	29.845163329029635
939	1	1	29.948234690331162	33.180720779952594
940	0	1	38.5791778378872	22.0131671149834
941	0	0	57.36882863600729	3.980150638342357
942	0	1	16.41524919075358	45.7767314157
943	0	0	39.82105584921512	21.55785693430394
944	0	0	32.14809442713946	28.856967499416314
945	0	0	41.880533237416685	21.69784564128842
946	1	0	29.325191660219406	32.21597931537474
947	0	0	42.71076205049211	18.40441363885784
948	0	0	37.99656455617659	22.83886660637702
949	0	1	27.247393775517406	34.94458683093619
950	0	0	45.404282067822656	16.17409681088245
951	0	1	39.18801666156384	22.265286938580168
952	0	1	21.926464046475278	39.25438733182178
953	0	0	39.975810386773794	23.60256849193133
954	0	0	50.79782746536004	9.597983957719515
955	1	0	33.02102397862419	29.357888804894866
956	1	1	35.932111799020745	24.446800984498314
957	1	1	19.09466479455941	41.34480692195763
958	1	1	24.949198416341144	35.4297143671779
959	0	0	58.409889165926366	3.131281809667759
960	1	1	35.632173981359166	25.753600002330412
961	1	1	26.009413422187468	37.11954204809628
962	0	0	40.54019416277584	19.855617260303728
963	1	1	11.217794735326567	49.161118048192456
964	1	1	23.48658625142822	39.64236921885553
965	1	1	30.053400467803296	31.13955118521981
966	0	1	34.37956594281861	26.42367747936995
967	0	0	37.58967842951035	22.789234354008705
968	0	0	49.710575725442446	11.638035226431091
969	0	1	27.474704792706753	33.794371242483216
970	0	0	41.95503942611028	19.49826417403373
971	0	0	29.32346348086226	35.396062324388694
972	1	1	26.18344009575038	34.19547268776868
973	0	0	27.599369556280077	33.59358209674304
974	1	1	16.621260298934654	44.57169135408844
975	1	0	32.07139542311741	28.342347683202302
976	0	0	47.4052636993514	14.973649084167628
977	0	0	34.707722621825525	26.699807409239266
978	0	1	22.14790292235398	39.286160508323306
979	0	0	20.341789684518492	41.00283738174772
980	0	0	43.84880104235941	18.68581334348389
981	0	0	45.453043060992655	18.125335817712447
982	0	0	27.987933660214846	33.41959637084995
983	1	1	20.044983734441544	40.533395144263544
984	0	1	38.931368871690516	21.508102844826553
985	1	0	35.67139752439852	24.707515259120534
986	0	0	23.38914465997112	38.19247633132876
987	0	1	23.6964651246393	37.13574598579343
988	0	0	32.49500261928651	27.883910164232542
989	1	1	9.06389734304287	52.50994844423375
990	0	0	34.11679274197174	28.03142319012207
991	0	1	39.32553922071439	23.349353539453237
992	0	1	21.31158959595874	39.523841566594854
993	0	0	49.76617472637081	12.768439659472486
994	1	1	21.47607675633018	41.15272564049181
995	1	1	16.313007714735342	44.06590506878368
996	1	1	11.997660475931731	48.41608263038797
997	1	1	19.703731388605725	40.87464749009937
998	1	1	8.78267655021396	54.62063425626447
999	0	1	38.03395845907586	22.47154682265428
1000	0	0	39.32008291726518	22.024544149001024
1001	1	1	10.396207181256546	53.08669264710821
1002	0	0	48.24559558103918	13.316494311293985
1003	0	0	33.789065123235915	28.589847660283148
1004	1	1	28.47244726826794	31.90646551525111
1005	1	0	23.117445559436632	37.26146722408887
1006	0	0	25.49148419320137	35.98385957020751
1007	0	1	41.871858031625	19.581445568519012
1008	0	0	46.5114816746904	15.029689300903732
1009	0	0	36.25542294646741	24.277774185786747
1010	0	0	27.238625627290524	33.94222575100655
1011	0	0	35.72282701456906	26.656085768949996
1012	0	0	36.57024675393728	26.40892941347555
1013	1	1	20.3916560871696	41.06164751297442
1014	0	0	32.49500261928651	27.883910164232542
1015	1	1	17.080228710632092	43.33351439568761
1016	0	0	43.77603724350019	17.339138445849745
1017	1	0	14.626221011028312	46.06333044130198
1018	0	1	33.43947461658279	27.33901915102241
1019	1	0	34.91022140167608	26.543082198467946
1020	0	0	26.060885055589296	36.31802772792975
1021	0	1	45.963874332004025	14.61450454670107
1022	0	0	29.290413241143682	31.301931711726937
1023	1	1	31.382418326864617	29.579572741147164
1024	1	1	16.738107871819388	44.27213943819124
1025	0	1	23.6964651246393	37.13574598579343
1026	1	1	21.498343155736457	42.27656234213092
1027	1	1	15.672885917983153	45.33736139202747
1028	0	1	27.138827740709335	33.24008504280972
1029	0	0	38.80842232210872	23.339793609985083
1030	1	1	22.076974270063214	38.318837153009916
1031	0	0	29.754645013074384	32.30796063192632
1032	1	0	22.642271939419263	37.77147116690045
1033	0	1	30.374511920812395	30.039231185507315
1034	1	1	36.04610332489399	28.646684169149584
1035	1	1	23.936609860968723	36.44230292255032
1036	1	1	27.40205854362801	33.051245056516024
1037	1	0	23.367828118422608	38.67679430195746
1038	0	0	38.1947518758487	22.60849154633985
1039	0	0	22.007329755288943	38.445973844855054
1040	0	0	29.754645013074384	32.30796063192632
1041	1	1	20.676989824808253	39.70192295871078
1042	1	1	24.308009413359763	39.54759612722513
1043	0	0	36.213023339727016	25.135675307974186
1044	0	1	33.15990241339544	27.219010370123613
1045	1	1	22.421311058420127	40.70764441186362
1046	1	1	31.00507197579189	32.123883494491864
1047	0	1	32.82839221890007	27.677113062830074
1048	0	1	40.920354244857144	19.658024633847972
1049	1	1	34.171473458144014	27.021478194879094
1050	0	1	31.171736235123138	30.009115143173933
1051	1	1	19.60072940567609	40.85259194561941
1052	1	0	18.710280903595397	41.74302269655022
1053	0	0	39.975810386773794	23.60256849193133
1054	1	0	25.38023438984863	34.998678393670424
1055	0	1	37.047150805798175	23.528005464432095
1056	0	0	31.37674235919635	29.021678325344634
1057	0	0	42.392567416758034	19.670038228242657
1058	0	0	51.34568066171915	11.033232121799871
1059	1	1	27.56259545259735	32.81631733092171
1060	0	0	48.59726224403275	13.465343400967937
1061	0	1	42.620742114094966	18.92042886149917
1062	0	1	37.58729978509684	22.866003815047183
1063	1	1	17.401612075633846	42.97730070788518
1064	0	0	36.080294130698235	25.188781904491744
1065	0	0	45.054615588938354	15.34119583413475
1066	0	0	57.52301875442788	3.8259605199217566
1067	0	0	27.703630472880885	33.86106597373501
1068	0	0	43.04087766260574	19.338035120913297
1069	0	0	33.8136715549454	26.565241228573655
1070	1	1	17.245634228254286	44.94634637819929
1071	0	0	40.905599315369734	19.473313468149303
1072	1	0	30.48677471138531	30.694076666911766
1073	1	0	20.5081129529541	39.870799830564934
1074	1	1	1.8886613718253287	58.495509169445214
1075	0	1	32.218828185751185	29.188701845313616
1076	0	1	43.84411537588066	18.830777384286968
1077	0	1	15.344979116555628	46.0339336669634
1078	0	0	25.952458209321883	36.426454574197166
1079	1	1	22.054409594599182	38.39889400554485
1080	0	0	46.91568772346234	13.463225060056688
1081	0	0	40.05974333008776	21.48142764550638
1082	1	0	48.82401242547016	15.3568389528269
1083	0	0	55.84044601631036	7.737932862394738
1084	0	1	40.842025337401076	19.536905197269455
1085	0	1	25.922689408271097	34.65568947043403
1086	0	1	39.23427524569901	21.161536177374103
1087	0	0	31.660197338679662	30.718715444839397
1088	0	1	28.73178130255626	31.681961803763457
1089	1	0	18.10326891597753	42.35003468416648
1090	0	1	31.91054268953917	32.003542829607674
1091	0	0	40.012990275867	20.365922507652044
1092	0	0	44.63190923636272	15.747003547156316
1093	0	0	39.57666728640833	21.04612487887259
1094	0	1	19.32660461300844	41.50882654954514
1095	1	0	39.22390554290181	21.155007240617234
1096	0	0	32.85357433471828	28.491052731547935
1097	0	0	27.538713380129707	34.642137998167364
1098	0	1	36.36624896625931	24.748926723090648
1099	1	1	38.230478702232126	22.34467756800142
1100	1	0	34.99018707546296	27.783042946631063
1101	1	0	15.331166279781682	45.759123902776274
1102	0	0	37.727205374250744	22.651707409268315
1103	0	0	31.528538130031922	30.053082861267978
1104	0	0	33.397722732580085	30.18065614612503
1105	1	1	27.709564578330557	33.74373902181347
1106	0	0	38.466104743856945	25.65884556776696
1107	0	1	38.102929771093024	22.475449107612086
1108	1	0	29.44131495406801	31.133841316165533
1109	0	0	45.40595204550562	14.989859377567486
1110	0	0	24.269670251513034	36.109242532006014
1111	1	0	34.62460989824496	25.950546371988583
1112	1	0	18.057752248102855	42.447753033627286
1113	1	1	38.230478702232126	22.34467756800142
1114	0	1	34.082867155824424	26.29604562769463
1115	0	0	44.35783785338755	16.990860794313644
1116	1	1	10.736006601882423	52.74689322648232
1117	1	1	23.57408812946858	37.606763248828486
1118	0	0	51.59185552060917	9.757123753740467
1119	0	1	14.974184978377698	45.861246184175876
1120	0	1	42.794750340177394	19.88014241999024
1121	0	1	34.637744613097134	29.276340906049715
1122	1	1	13.807853003656401	47.38509864936669
1123	0	0	35.066442281614044	26.996163363386664
1124	0	0	48.59726224403275	13.465343400967937
1125	0	0	34.014498865464596	27.650729370708337
1126	0	0	27.538713380129707	34.642137998167364
1127	0	0	41.880533237416685	21.69784564128842
1128	0	0	27.17617262472202	33.222248059818966
1129	0	0	51.5073430298972	10.871569753621818
1130	0	0	44.288804262321875	16.216701019408248
1131	1	0	39.258544752869675	23.120368030649363
1132	0	0	26.021160369709577	35.06912981284841
1133	0	1	31.508174910228647	29.925888520448648
1134	0	0	32.99887238649942	29.045750033880665
1135	1	0	18.710280903595397	41.74302269655022
1136	0	1	19.24277162923053	41.170971477089175
1137	1	1	20.441632242161727	39.93728054135732
1138	1	1	28.697972099232928	31.880406779472185
1139	0	1	30.087577875270675	30.30823354780246
1140	0	1	26.9024036305998	33.603101651130345
1141	1	0	21.37886339742752	41.00004938609151
1142	1	0	26.939908095205134	33.51339550493889
1143	1	1	29.887350129877927	33.241605340405826
1144	0	0	34.09630976612075	30.707137339483875
1145	1	1	26.009413422187468	37.11954204809628
1146	0	0	34.46498824537384	26.04051703635631
1147	1	1	11.441620855946775	49.56862645406385
1148	0	0	32.98359221381927	28.423937817245527
1149	1	1	26.633921948798843	37.31400663094857
1150	1	1	26.396474060612807	37.39575291681033
1151	0	1	22.84026381769267	37.66524146403747
1152	1	1	29.066290458805977	34.692093458016586
1153	1	0	31.72562935770478	30.653283425814266
1154	0	0	49.69286260996273	14.487988768334327
1155	0	0	24.76012664405555	35.61878613946349
1156	0	0	41.58749252373863	18.9180127579915
1157	0	0	39.267320427932745	21.14642267838696
1158	0	0	42.29551177351498	20.083401010004064
1159	0	1	40.45741941213636	20.510555094933668
1160	1	0	28.624437938379458	32.720189127886755
1161	0	0	48.594140238008585	12.947030737585536
1162	1	0	27.70921715208742	32.8831278007832
1163	1	1	23.927352017192312	38.264628589261264
1164	1	0	30.873320860235676	30.24185482912073
1165	0	1	39.83922213371609	20.739156744989025
1166	0	1	32.53530209911006	28.043076779595054
1167	0	1	41.09798629119341	19.480392587511687
1168	1	1	19.4294575980156	44.05344223034916
1169	1	1	17.70872440588316	43.28760214176712
1170	0	1	34.87527876163893	26.5780248385051
1171	0	0	42.40354389460618	17.975368888914964
1172	0	0	49.38421365105873	10.9946991324603
1173	1	0	42.823069260979146	17.79972290430177
1174	0	0	47.66818335349424	12.710729430024783
1175	1	0	19.292976615343207	42.05165045092299
1176	0	0	36.50262177553799	26.031992610305327
1177	0	1	42.45660448645144	17.939206936621677
1178	0	0	45.15126099608875	15.30204260405525
1179	1	1	30.06740004597651	30.311512737542543
1180	0	1	21.8500337901599	39.33081758813716
1181	1	1	37.42286141900751	23.19993074627342
1182	0	0	30.573612139105535	30.20488162849967
1183	0	0	49.71669535421253	10.67911606886057
1184	0	0	43.44667308740408	17.40304477872404
1185	1	0	22.042782835086374	38.46272244664376
1186	0	1	44.330985913244945	16.174519368485186
1187	0	0	22.26115587945982	42.92994717469233
1188	1	0	28.028512456103638	32.42479114404039
1189	0	0	29.511525157356086	30.867387626162966
1190	0	0	42.29551177351498	20.083401010004064
1191	0	1	38.3165665640179	22.261812314687212
1192	0	0	58.35179735769848	3.1893736178956393
1193	1	1	28.32767222484798	32.05124055867107
1194	1	1	20.84875300370848	39.56499010261121
1195	0	0	46.12447905915803	15.691725256009375
1196	1	1	15.22374482991803	45.155167953601
1197	0	1	39.53174488526272	20.847167898256316
1198	0	1	24.928453666854217	37.466621854890604
1199	1	1	16.949867122636917	46.53303270572784
1200	0	0	43.56319721604955	17.21529655155563
1201	1	1	27.772183543982763	32.6067292395384
1202	1	0	26.59122316237934	34.60172849064377
1203	0	1	31.302353069010604	29.137136398657944
1204	1	0	35.67115008872016	28.509701289576917
1205	0	1	37.45122063431639	22.927692149204756
1206	0	0	33.4839374773264	28.696913900970674
1207	0	1	36.20373240031716	24.235739316199908
1208	1	1	21.540804071075822	38.96470121065432
1209	1	0	21.389401140638473	38.98951164288058
1210	0	0	26.339570708362274	34.11373289178175
1211	0	0	27.839648292577024	32.539264490948476
1212	1	1	20.84875300370848	39.56499010261121
1213	1	1	15.087156650343749	45.29701389092682
1214	1	1	25.146953519660702	35.26678958665901
1215	1	1	36.942031467176555	23.45377995589658
1216	0	0	32.67771147030736	32.513391583844815
1217	0	1	40.180752033102266	21.392391535828732
1218	1	0	20.6608079259726	40.454367763377334
1219	0	0	35.737478611140695	26.41073732095312
1220	1	1	14.392073676501331	46.80087797652176
1221	1	0	24.954907215981862	35.73464423634845
1222	0	0	51.34568066171915	11.033232121799871
1223	0	0	36.70247222958732	24.75083137055672
1224	1	0	35.31670197411437	25.097041132205348
1225	0	0	48.24559558103918	13.316494311293985
1226	0	1	33.462576422891495	27.916336360627557
1227	0	0	30.67737586733115	31.85723851851218
1228	0	0	50.8993433605189	12.999636688092922
1229	0	0	21.43765516084579	39.91854625779465
1230	1	0	28.448294688930837	33.93061809458822
1231	0	0	31.647329851404113	29.828013912004767
1232	0	0	24.76012664405555	35.61878613946349
1233	0	0	45.38841891989758	16.152752055696546
1234	1	1	28.32767222484798	32.05124055867107
1235	1	1	16.738107871819388	44.27213943819124
1236	1	1	22.214884897087757	38.75308960998227
1237	1	1	10.396207181256546	53.08669264710821
1238	1	1	27.276076243999825	33.13766686231989
1239	1	1	15.22374482991803	45.155167953601
1240	1	1	19.4294575980156	44.05344223034916
1241	0	1	31.695896325865732	28.80960895586441
1242	0	0	34.360259911576435	27.82059146672065
1243	1	0	20.819820136677663	40.633483463466334
1244	0	0	28.257304735863077	32.141115948677914
1245	1	0	38.375342932528504	22.80550844576857
1246	1	1	16.562250759999657	43.94325452173046
1247	1	1	24.265461632092876	36.927490020930236
1248	1	1	29.346862763645273	31.75418013029283
1249	1	1	30.11565549450925	33.64272842231331
1250	0	0	21.053754180170095	41.32515860334894
1251	0	1	32.987477955143554	28.28159808004642
1252	0	0	42.40354389460618	17.975368888914964
1253	0	0	43.04087766260574	19.338035120913297
1254	0	0	49.71669535421253	10.67911606886057
1255	0	1	39.954943548075214	21.423969235443835
1256	0	0	39.26869205370763	21.127119369365495
1257	1	1	23.746441759870983	36.66730134644874
1258	0	1	40.01165141643587	20.367261367083188
1259	0	0	37.55579481038649	24.82311797313256
1260	0	0	46.79755544273976	14.54707162352643
1261	0	1	17.031811871077036	44.05847831148093
1262	0	1	33.49470904948329	27.083669829221833
1263	0	0	31.227082729350474	30.953768648946596
1264	0	0	26.73297401442281	35.33117778492435
1265	0	1	21.81749041925158	42.474991077847584
1266	0	0	33.31792107745642	28.746230721890747
1267	1	1	18.40534281418576	42.737149049958326
1268	1	1	7.643276894055675	52.740893647214875
1269	1	0	18.816913655583278	41.68859162614686
1270	0	0	17.28330512895953	44.19198601695274
1271	0	0	37.234544108772845	24.81007831160725
1272	1	1	30.053400467803296	31.13955118521981
1273	1	1	31.00507197579189	32.123883494491864
1274	1	1	25.384270487900654	38.31477602523225
1275	0	0	34.56474733961287	25.940757942117276
1276	1	1	28.98070626420961	32.2122453888135
1277	0	0	40.905599315369734	19.473313468149303
1278	0	0	45.054615588938354	15.34119583413475
1279	0	0	25.23495981815853	38.13508536644237
1280	0	0	38.43107908035064	22.68409660899932
1281	0	0	45.02654694229697	16.322432332052674
1282	1	1	25.741030358878184	37.387925111405565
1283	0	1	21.061395889391086	40.47977508620305
1284	1	0	39.258544752869675	23.120368030649363
1285	0	0	34.57701065800805	25.821410026532934
1286	0	0	42.93887333442253	19.440039449096506
1287	0	1	13.403423012552569	47.10208226917756
1288	1	1	13.377195732708389	48.36083374364366
1289	0	0	48.00494788772054	14.373964895798478
1290	0	1	37.10244381962898	23.276468963890075
1291	0	0	45.8222356596915	14.556677123827525
1292	0	0	28.912944692435943	31.465968091083106
1293	0	0	39.87245337148313	22.191698427864008
1294	1	1	36.70237894419073	23.711364162128994
1295	0	0	15.888427572726687	44.617077709003446
1296	1	0	26.981450095144908	33.52405518658523
1297	1	1	31.49903166175129	28.94867453174126
1298	1	0	20.260597615994037	41.92025376230302
1299	1	1	15.700357015870594	45.295969531779676
1300	0	0	36.21524433730401	24.180567085769123
1301	0	1	32.400067740870576	30.841727491519602
1302	0	0	18.79681050456311	42.15756045735086
1303	1	1	19.525565970306186	41.66738568271692
1304	0	0	37.20684390705304	23.98610774597007
1305	1	1	29.989723822044134	30.959280004324068
1306	0	0	45.19337661993821	17.341237765905085
1307	1	1	14.958374163392271	45.48109755312476
1308	0	0	43.69715291085627	16.681759872662756
1309	1	1	30.203639687035032	30.21010341928469
1310	0	1	36.20373240031716	24.235739316199908
1311	1	0	35.685202279223546	25.50774937379957
1312	1	1	30.86405851111154	29.51485427240752
1313	0	0	31.227082729350474	30.953768648946596
1314	1	0	15.853925811484054	44.559817294835646
1315	1	1	26.396474060612807	37.39575291681033
1316	0	0	33.24389070308073	27.135022080438322
1317	0	1	28.204102263962994	32.37427661474213
1318	0	1	31.508174910228647	29.925888520448648
1319	1	1	31.553492947558407	29.899810652592066
1320	1	0	29.867561025433947	31.397721049908064
1321	1	1	31.85375081431979	29.32710056397728
1322	1	1	17.285630889431086	43.669108509306646
1323	0	1	25.593358612642454	34.9121466690877
1324	0	1	37.58244929959051	23.870854300553525
1325	0	0	19.47149904767867	41.48630096815791
1326	1	0	43.747831997593615	16.647979425479495
1327	1	1	32.474097705240276	28.70675367305681
1328	1	0	29.325191660219406	32.21597931537474
1329	1	0	33.46431279258679	28.70066973780618
1330	1	0	33.87272454315731	26.50618824036175
1331	0	0	49.710575725442446	11.638035226431091
1332	0	0	27.16521602967714	33.78915493223685
1333	1	0	43.747831997593615	16.647979425479495
1334	0	0	38.83842341631906	21.614880183824965
1335	0	0	46.13802338020369	15.240889403315348
1336	0	1	38.472434429186066	22.495540077883962
1337	0	0	44.32886248880806	16.05005029471098
1338	0	1	30.083131874224634	31.097719504072437
1339	0	0	28.21770708496962	32.315490047284534
1340	0	1	29.97459569907535	32.21738490737824
1341	1	1	9.594042018261721	53.88885781010303
1342	1	0	31.948276535858643	30.43063624766041
1343	1	1	33.099437245645035	27.59011420668528
1344	1	1	18.6061686796811	41.972210199024
1345	1	1	23.107264532668538	38.34603906747547
1346	1	1	34.171473458144014	27.021478194879094
1347	1	1	17.262415169158185	43.68658865721
1348	1	1	42.1445565078838	18.903402655688268
1349	0	0	34.51541700026265	26.870356983426923
1350	0	0	44.08598580308067	16.36731779706334
1351	1	0	33.46431279258679	28.70066973780618
1352	0	0	41.74236512618375	20.422617404209205
1353	0	0	44.68062279287774	17.698289990641285
1354	0	0	37.23990434594749	23.95304730707562
1355	1	0	19.268017097974706	42.31360389332517
1356	0	1	46.06773878568222	15.242584745922864
1357	1	1	30.95701603022152	29.421896753297528
1358	0	0	19.595962220894382	42.58488915740268
1359	1	1	21.535269638052565	38.87847346826713
1360	1	1	17.42631058344268	42.95260220007635
1361	0	1	34.27476105731151	26.456096815243026
1362	0	1	33.5890906968957	27.95208027869845
1363	0	1	35.28757412618323	25.290804752521893
1364	0	0	39.26869205370763	21.127119369365495
1365	0	0	39.03554410521951	22.309082961046688
1366	1	1	41.04131324168671	22.750913735736418
1367	1	1	24.89647662988357	35.48243615363548
1368	1	1	30.426284218985746	30.021421974506804
1369	1	1	32.61757421023232	28.83572938991172
1370	0	1	31.888454505366248	29.226721183983713
1371	1	0	28.94464849158903	32.24830316143409
1372	0	1	34.883909934934785	26.08406457213526
1373	0	1	46.28655355726204	14.291825321443048
1374	0	0	48.24559558103918	13.316494311293985
1375	0	0	34.11679274197174	28.03142319012207
1376	0	1	33.5890906968957	27.95208027869845
1377	1	0	39.22390554290181	21.155007240617234
1378	0	0	42.76461808856568	18.038625333622857
1379	0	1	21.72818536804252	40.21459541959587
1380	0	0	57.40863861725628	4.653967027744395
1381	1	0	25.38023438984863	34.998678393670424
1382	1	0	22.642271939419263	37.77147116690045
1383	0	0	24.527444545934312	35.87097613860667
1384	1	0	37.914501865076524	26.266349513220554
1385	0	0	39.758996276091075	20.61991650742797
1386	1	0	41.172656929649484	19.27504926384305
1387	0	1	26.045792785580367	35.135058592716696
1388	0	1	29.4450038079583	32.7469767984953
1389	0	1	38.49915721273111	24.129645184090897
1390	0	0	43.91022631495612	17.475547668733437
1391	0	0	54.21242198587659	7.328748989717531
1392	0	0	49.33020037726904	12.486003937898365
1393	0	0	30.422608697963074	29.95630408555598
1394	1	0	30.41905529473072	31.14564115188518
1395	1	1	15.322251609228527	45.056661174290504
1396	1	0	24.139735564575496	37.209015700622295
1397	1	1	15.561532428526613	47.567423041757124
1398	0	0	28.579952907130913	32.98474353948498
1399	1	1	20.65541340394852	39.758329702371185
1400	1	1	20.904915322749236	39.60058995898089
1401	0	0	44.547920946677436	15.830991836841605
1402	1	1	20.179898227302647	42.94905724298109
1403	1	1	17.748630671792622	43.36654501755731
1404	1	0	22.467467758326027	39.911445025193004
1405	0	0	44.20719382394777	19.371185054757337
1406	1	1	10.696502734030158	49.756800866115455
1407	1	1	17.861916846943707	45.62098298142106
1408	0	0	34.360259911576435	27.82059146672065
1409	0	1	34.883909934934785	26.08406457213526
1410	0	0	50.24655133186366	10.132361451655369
1411	0	0	55.69733796018952	6.681574823329501
1412	0	1	19.149870124897134	43.04211048155644
1413	1	1	23.662816798596346	37.28618702777186
1414	1	1	23.107264532668538	38.34603906747547
1415	0	1	37.43393525889488	25.194867137927137
1416	1	0	26.00268681493128	35.34194025133493
1417	1	1	24.60518129811371	36.35261871772288
1418	1	1	23.450523157265383	37.12785572143973
1419	0	1	12.623112541972237	49.31966824566613
1420	0	1	30.072355674395702	30.30655710912335
1421	0	0	26.12572528061859	35.455895710681304
1422	0	1	44.725614497506534	15.852764381198558
1423	0	1	35.765022699634024	25.808120869296975
1424	0	1	33.43947461658279	27.33901915102241
1425	0	1	27.652249682445525	33.150993739743036
1426	0	0	29.754645013074384	32.30796063192632
1427	0	0	36.99500236833502	23.383910415184022
1428	1	1	15.322251609228527	45.056661174290504
1429	1	1	26.49915584617288	34.49717070147741
1430	0	0	25.654546333816988	35.30325368201961
1431	1	1	27.769331814547304	35.359623655736456
1432	0	0	38.80346805831443	21.702037223415708
1433	1	1	11.500014863877476	49.454724534860254
1434	0	0	28.712162732441005	33.46868864585607
1435	0	0	45.38841891989758	16.152752055696546
1436	1	0	22.371342020710422	40.25509504782121
1437	0	1	28.97630426760364	32.45774416803076
1438	1	1	16.966642211085446	43.86878895146813
1439	0	0	37.99656455617659	22.83886660637702
1440	1	0	31.74305448547855	28.635858298046944
1441	0	1	26.95053669390482	35.24144391254877
1442	0	0	31.13322674983871	30.44515212886641
1443	0	0	27.173765573776137	33.33173970795401
1444	1	0	34.45723220115183	27.921680582367223
1445	0	0	31.108282710738774	30.470096167966346
1446	0	0	28.983256381601418	31.400914159669156
1447	0	0	26.021160369709577	35.06912981284841
1448	0	0	31.351669199409894	30.829182178887184
1449	1	1	19.60072940567609	40.85259194561941
1450	1	1	10.689574250439042	53.16603129014584
1451	0	0	40.7853681807679	21.593544602751138
1452	0	1	37.63357717376777	23.939566395163236
1453	1	0	35.82614979533729	25.627153804806746
1454	0	0	27.913278141555143	36.89016896404946
1455	0	0	45.38841891989758	16.152752055696546
1456	0	0	51.5073430298972	10.871569753621818
1457	0	0	45.90860429419804	17.669774584507056
1458	0	0	37.42974691924069	24.751104459056393
1459	1	1	11.710976348130092	48.66793643538894
1460	1	0	14.242561918883174	46.847728263674774
1461	1	1	37.76760089802696	22.64614220829276
1462	0	1	34.68293243802584	29.075451478796737
1463	1	1	36.04610332489399	28.646684169149584
1464	0	1	43.84411537588066	18.830777384286968
1465	0	0	17.28330512895953	44.19198601695274
1466	1	0	24.46464789898223	37.71620347931483
1467	1	1	28.697972099232928	31.880406779472185
1468	1	0	22.371342020710422	40.25509504782121
1469	0	0	28.23485911996375	36.4846666852872
1470	0	0	37.26779691345252	23.128014509620606
1471	0	0	44.68062279287774	17.698289990641285
1472	0	1	27.138827740709335	33.24008504280972
1473	0	0	35.09501478371487	28.483364094990254
1474	1	1	18.1148564689898	42.26405631452924
1475	0	1	30.083131874224634	31.097719504072437
1476	0	1	35.21825354295976	25.160659240559298
1477	0	0	39.2999402338623	24.278438644842808
1478	0	0	34.37897689744139	30.42447020816323
1479	0	0	48.832298395577716	12.51232867068847
1480	1	0	17.46021544514695	45.313014576947054
1481	0	0	48.85167782037305	11.527234963145977
1482	0	0	22.73028305269939	40.04294696939463
1483	0	0	38.6257068686809	26.17774023692371
1484	0	0	54.99335056697036	5.955399269937349
1485	0	0	42.71076205049211	18.40441363885784
1486	1	1	14.284078552137359	46.29430032656774
1487	1	1	26.805899523061207	33.57301326045785
1488	0	1	18.001857243151385	45.40145356332706
1489	1	1	27.40205854362801	33.051245056516024
1490	0	0	35.09752734252235	25.680966425082865
1491	0	0	28.735425406124932	31.64348737739412
1492	1	1	25.449127847535586	35.05637743419456
1493	0	0	32.74156162622443	30.237614541188414
1494	0	0	37.42974691924069	24.751104459056393
1495	0	0	36.45853729043289	23.92037549308616
1496	0	0	44.547920946677436	15.830991836841605
1497	0	0	48.832298395577716	12.51232867068847
1498	0	0	23.38914465997112	38.19247633132876
1499	1	1	16.313007714735342	44.06590506878368
1500	1	1	20.40632053269737	40.04698306744664
1501	0	0	45.53750497429043	15.915798625853578
1502	0	0	39.340137125215165	22.004489941051048
1503	1	1	13.10159122667911	47.27732155683992
1504	1	0	44.58034515410239	15.81546626897073
1505	0	0	38.06309892740377	24.315813856115266
1506	1	1	10.689574250439042	53.16603129014584
1507	1	1	19.731806231704415	40.64710655181462
1508	0	0	30.467437463659852	34.336009641944756
1509	1	1	20.3916560871696	41.06164751297442
1510	0	1	13.162288700028183	47.277183016488856
1511	1	1	4.855738721832274	57.539336799912526
1512	1	0	29.716271636151134	30.73703196399289
1513	0	0	35.09752734252235	25.680966425082865
1514	0	1	34.27476105731151	26.456096815243026
1515	0	1	24.740083858563196	36.52899217662677
1516	1	0	27.950975813354788	32.554529468375364
1517	1	0	30.2604018678363	31.803749931510858
1518	0	0	39.36636757668038	21.13913770504976
1519	1	0	20.368335903857453	40.010576879661585
1520	1	1	22.374446503671887	38.58335351216469
1521	1	1	27.022266277472525	33.356646506046516
1522	1	1	19.270539025645405	42.921441580808164
1523	1	0	27.2511258361472	33.202177763996836
1524	1	1	11.76332536904569	49.24692194096493
1525	0	0	42.739077841394234	22.06436926421037
1526	1	1	15.87456091478405	46.75424148203794
1527	1	1	23.04576684771167	40.729138650155704
1528	0	0	25.16616397261464	37.60706604947939
1529	1	0	32.206139087586614	28.9868125654365
1530	0	0	44.22722240036808	19.351156478337018
1531	0	0	32.78224559398314	28.796133284721982
1532	1	0	26.77950020009925	33.5994125834198
1533	1	1	24.108958536129865	36.26995424738919
1534	0	1	29.490357448341705	30.949114268175354
1535	0	0	39.95676274788221	22.42215003563682
1536	0	0	30.0294907779871	32.34942200553196
1537	1	0	8.702531127683176	52.43996073646091
1538	1	1	20.10731370169755	40.27159908182149
1539	0	0	29.27468345191454	31.557527658518197
1540	0	1	31.695896325865732	28.80960895586441
1541	1	0	41.08613600245231	20.367167597698156
1542	0	0	50.847498861641284	9.548312561431825
1543	1	0	27.950975813354788	32.554529468375364
1544	1	1	29.887350129877927	33.241605340405826
1545	0	1	24.238180822381313	36.14073196113774
1546	0	0	50.98577882275706	9.410032600316041
1547	0	0	34.31658490667442	26.06232787684463
1548	0	0	37.727205374250744	22.651707409268315
1549	1	1	23.35608639085991	37.90919568448207
1550	0	1	41.606345006771285	18.899160274958852
1551	1	0	38.247310023887195	22.166433082432516
1552	1	1	30.47014937618272	30.72280227684039
1553	1	1	19.912637907220866	43.57026192114389
1554	0	0	46.31615685264881	15.747994946698322
1555	0	0	27.13127535175219	34.22492606688826
1556	1	1	11.039204401405286	50.90357638623308
1557	0	1	33.15677165282027	27.421607225884856
1558	0	1	41.30104443425428	19.138427282262775
1559	0	1	21.311476015884946	39.194029265845195
1560	1	1	27.769331814547304	35.359623655736456
1561	0	1	46.06760747221604	15.47356350337808
1562	1	0	18.710280903595397	41.74302269655022
1563	0	0	36.84112389422352	24.27405179512644
1564	0	0	19.47149904767867	41.48630096815791
1565	1	0	25.27429551536063	35.17900808478984
1566	0	0	46.955582852017265	15.423329931501753
1567	1	1	18.681419229389537	42.71159316931167
1568	1	1	18.4661533968561	43.57846902352396
1569	1	1	20.047795580344115	41.345216818357095
1570	1	0	28.94464849158903	32.24830316143409
1571	0	0	24.29102806938213	36.901923583640986
1572	1	0	40.3564832507522	22.61700502639389
1573	0	1	35.25118963649813	26.127723147020927
1574	1	1	21.651171262104146	39.72759099332666
1575	1	1	8.641751219078103	53.98705117774388
1576	0	0	31.33702070341606	29.04189208010299
1577	0	1	19.167874232616825	44.55439538735318
1578	1	0	26.814869170263226	33.5988739360565
1579	0	0	39.083323494779144	21.422181786951
1580	0	1	37.45994996507433	22.918962818444722
1581	0	0	46.91568772346234	13.463225060056688
1582	0	0	48.594140238008585	12.947030737585536
1583	1	1	30.70257684279543	29.802928438934714
1584	0	0	36.80559121152579	23.925266661028733
1585	0	0	29.662968742542382	35.056557062708585
1586	1	0	22.467467758326027	39.911445025193004
1587	1	1	17.262415169158185	43.68658865721
1588	1	1	21.900924324918005	38.51281878140169
1589	0	1	33.43947461658279	27.33901915102241
1590	1	1	30.053400467803296	31.13955118521981
1591	0	0	20.904724649464463	39.4794458918061
1592	1	1	11.538171764877251	51.944728063487496
1593	0	1	35.28757412618323	25.290804752521893
1594	0	1	16.788194544887308	46.380634548716
1595	0	0	45.47546552808672	14.903447255432313
1596	0	0	31.108282710738774	30.470096167966346
1597	1	1	28.63410963644599	31.744803147073057
1598	1	0	30.856920478539003	30.550609552525792
1599	1	0	34.98469001958506	26.593688859120068
1600	0	1	17.51470833465892	42.92476338185812
1601	0	0	18.20635986588874	44.1725529176303
1602	1	0	20.819820136677663	40.633483463466334
1603	0	1	38.102929771093024	22.475449107612086
1604	1	0	18.10326891597753	42.35003468416648
1605	0	0	28.983256381601418	31.400914159669156
1606	0	0	37.07636226043749	24.272617013912182
1607	0	1	19.642436450851235	42.86132559447542
1608	1	1	28.47244726826794	31.90646551525111
1609	0	1	37.43393525889488	25.194867137927137
1610	1	1	32.474097705240276	28.70675367305681
1611	1	1	26.42346587231811	34.75738550597895
1612	0	0	49.062187333151655	11.886562503756059
1613	0	1	47.26438618982542	13.131425233247684
1614	1	1	39.776750144392985	20.60216263912606
1615	0	0	22.14505622220877	38.25336446233222
1616	0	0	38.43107908035064	22.68409660899932
1617	1	0	33.15999978401592	27.253743322303798
1618	1	0	28.714666968993292	31.699076137326422
1619	1	1	15.012982134650771	45.40076097166893
1620	1	1	19.751428301676224	43.731471526688544
1621	0	0	28.64016173854888	31.75825894599211
1622	1	1	6.127576639420653	54.28616646689904
1623	0	1	38.102929771093024	22.475449107612086
1624	0	1	45.963874332004025	14.61450454670107
1625	1	0	24.954907215981862	35.73464423634845
1626	0	1	26.890570859229584	33.61493442250056
1627	1	0	31.65117189526801	30.412979904079144
1628	0	0	27.17617262472202	33.222248059818966
1629	1	0	30.93915315708811	30.40547390917811
1630	0	0	26.665304083701855	33.71886645756872
1631	1	0	19.91534382143353	42.85788620066049
1632	1	0	39.258544752869675	23.120368030649363
1633	1	0	16.229353171774765	44.27615210995536
1634	1	1	1.2348859426033763	59.21841765754223
1635	0	0	35.00458508701318	26.573793791691948
1636	1	1	20.044983734441544	40.533395144263544
1637	1	1	31.85375081431979	29.32710056397728
1638	0	0	36.439509419602444	23.974233686717277
1639	0	0	32.73467371115806	28.3805019781919
1640	0	1	34.988821141297315	25.51668414043283
1641	1	1	17.760408927117748	45.368546543166
1642	1	0	24.428895354422128	35.95001742909692
1643	1	1	17.735781544442226	42.769723737287904
1644	0	0	45.85992781478805	18.265022496835833
1645	0	0	19.462180099646496	41.680311764497596
1646	1	1	21.776727323702694	39.32431557023541
1647	0	0	42.93296737059817	17.480775735721526
1648	1	1	31.62383422837382	29.344140278696223
1649	1	0	27.2511258361472	33.202177763996836
1650	0	0	40.012990275867	20.365922507652044
1651	0	0	53.18239648637972	8.127927045225345
1652	0	1	26.345909944709888	37.94657155238929
1653	0	1	31.695896325865732	28.80960895586441
1654	1	0	35.84014962534137	28.87937617990959
1655	0	1	34.37956594281861	26.42367747936995
1656	1	0	28.739561962262272	32.838816916442845
1657	1	1	11.710976348130092	48.66793643538894
1658	1	1	28.850463925688352	34.2784915445954
1659	1	1	29.066290458805977	34.692093458016586
1660	1	0	33.17990182953741	27.199010953981638
1661	0	1	41.606345006771285	18.899160274958852
1662	0	0	45.052708710193464	17.009896934807212
1663	1	1	27.56259545259735	32.81631733092171
1664	1	1	30.266483770369096	30.239021511361045
1665	0	0	39.32008291726518	22.024544149001024
1666	1	0	24.614634418376845	38.15859560371718
1667	1	1	23.784891515979176	36.66281467751338
1668	1	1	35.22083849384729	25.97211315917582
1669	1	0	31.65117189526801	30.412979904079144
1670	0	0	25.70300253922686	35.87537633947825
1671	0	1	30.812252798475757	30.129206275806084
1672	0	1	28.655380153018335	31.92299872568678
1673	1	0	13.968393919769511	48.095757879577626
1674	0	0	35.43555525913182	25.187236906149117
1675	1	0	24.260060709977445	37.78456171040263
1676	1	0	43.57778496104005	16.818026462033053
1677	0	1	39.83922213371609	20.739156744989025
1678	0	1	42.620742114094966	18.92042886149917
1679	1	0	17.767134318550344	44.41371705974671
1680	1	0	25.38023438984863	34.998678393670424
1681	1	0	24.18349253611625	37.26981106402776
1682	1	1	30.949867238623728	31.242113367829866
1683	0	0	45.6527943169832	17.925584561721898
1684	0	0	43.20019109365515	17.195620329417963
1685	0	0	46.91568772346234	13.463225060056688
1686	0	0	49.69286260996273	14.487988768334327
1687	1	1	23.022046362954953	37.417425353562095
1688	1	0	29.73557737612471	30.678165730195
1689	1	1	20.044983734441544	40.533395144263544
1690	0	0	29.982108091641543	31.596270787063574
1691	1	1	23.534202175719802	37.65874947730331
1692	0	1	23.99014556316378	36.38876722035527
1693	0	1	31.928303587393565	28.45060919612549
1694	0	1	41.4511841312357	18.927728652283342
1695	0	0	27.71319253498138	32.70055057133834
1696	0	0	30.660341952700506	29.845163329029635
1697	0	1	49.49501391434384	10.883898869175182
1698	0	1	40.45741941213636	20.510555094933668
1699	0	0	37.42974691924069	24.751104459056393
1700	1	1	23.746441759870983	36.66730134644874
1701	1	1	22.877986981489038	39.31399362496453
1702	1	0	19.766865479968402	41.640664551096386
1703	1	1	17.685187343854142	42.82031793787597
1704	0	1	37.243604406237054	24.297566569357095
1705	0	0	38.221390729739575	23.127307917961623
1706	1	1	24.34778483986011	36.15772044187002
1707	0	1	16.41524919075358	45.7767314157
1708	1	0	18.710280903595397	41.74302269655022
1709	1	1	38.18532479755317	25.573059119269384
1710	0	0	34.14880228134831	26.540749170982004
1711	1	1	17.19216889107973	43.386209987625364
1712	0	0	27.173765573776137	33.33173970795401
1713	1	1	32.45062500924899	27.92828777427006
1714	0	1	33.15990241339544	27.219010370123613
1715	1	1	27.709564578330557	33.74373902181347
1716	1	1	20.09901886775913	43.38388096060562
1717	0	0	34.014498865464596	27.650729370708337
1718	0	0	43.44667308740408	17.40304477872404
1719	0	0	34.82500549703041	29.355845881266674
1720	1	1	18.6061686796811	41.972210199024
1721	0	0	39.76001396617631	20.773183166077843
1722	1	0	32.02028526822916	29.32434179803706
1723	0	0	58.35179735769848	3.1893736178956393
1724	1	1	26.34177331925781	34.071969787061896
1725	0	0	49.43581924261693	12.01748435752708
1726	1	0	44.55669147181431	19.624159906482745
1727	1	0	26.814869170263226	33.5988739360565
1728	1	1	17.52750595297476	43.851256302456044
1729	1	0	44.58034515410239	15.81546626897073
1730	0	0	26.81612491152466	33.59761819479507
1731	1	1	7.603030670592751	55.879869157772
1732	1	0	26.382845897050352	35.09244524886194
1733	1	1	27.276076243999825	33.13766686231989
1734	0	1	19.303321548265554	41.13615016825149
1735	0	0	36.70247222958732	24.75083137055672
1736	1	1	20.22478355063726	41.04049852470473
1737	1	1	27.453311346073537	36.33891563134961
1738	0	0	42.42691114712894	17.952001636390083
1739	0	0	49.062187333151655	11.886562503756059
1740	1	0	41.172656929649484	19.27504926384305
1741	0	1	34.637744613097134	29.276340906049715
1742	0	0	38.282796166814606	23.78135563253255
1743	1	1	27.632696906224837	32.94568197248028
1744	0	0	38.087537375132456	23.957085045247634
1745	0	0	29.518462066847867	31.956881696561013
1746	0	0	42.45717414169303	19.92173864182601
1747	0	0	30.002765250858797	32.37614753266026
1748	0	1	23.135065205465068	37.530815009145655
1749	1	1	17.685187343854142	42.82031793787597
1750	1	1	28.32767222484798	32.05124055867107
1751	0	0	30.80487599704964	29.648427603094387
1752	1	1	28.98070626420961	32.2122453888135
1753	0	0	34.707722621825525	26.699807409239266
1754	1	0	23.533502307235793	39.239727714858226
1755	1	1	20.044983734441544	40.533395144263544
1756	0	0	28.53147416814426	31.974031113585884
1757	1	1	27.307569629497245	33.10617347682248
1758	0	1	32.80275184353854	29.82605055328348
1759	0	0	19.595962220894382	42.58488915740268
1760	0	1	23.699361920560747	36.71438118575895
1761	0	0	52.00357655352301	8.375336229996012
1762	1	1	43.30572517177938	17.090086251293734
1763	1	0	31.948276535858643	30.43063624766041
1764	1	0	23.398378620192926	37.10712666153721
1765	0	1	27.653365557652325	33.72013894002696
1766	0	1	41.60154053614221	18.976838342562896
1767	1	1	24.156646216741265	36.94439667719683
1768	0	0	47.18506027631324	14.879091523033894
1769	0	0	29.456054709679197	32.60809708966796
1770	0	1	20.45082959798125	40.05467568374888
1771	1	1	37.76760089802696	22.64614220829276
1772	0	1	35.0589820275786	25.31993075594046
1773	1	0	31.66810821366863	28.710804569850424
1774	0	1	26.9024036305998	33.603101651130345
1775	0	0	31.938596053237326	29.176579636112635
1776	0	1	40.83212890048833	20.709042075105796
1777	0	0	39.57666728640833	21.04612487887259
1778	0	1	34.24850677429394	26.130406009225105
1779	1	1	33.57069545299755	30.954050148030564
1780	0	0	27.238625627290524	33.94222575100655
1781	0	0	32.10725947393097	32.017690837692946
1782	1	1	30.053400467803296	31.13955118521981
1783	1	0	29.73557737612471	30.678165730195
1784	1	0	37.03812619165465	27.14272518664243
1785	0	1	34.68293243802584	29.075451478796737
1786	1	1	44.38177600794038	15.99713677557866
1787	1	1	16.527072265436203	43.8866708408835
1788	0	0	40.7853681807679	21.593544602751138
1789	0	0	49.71669535421253	10.67911606886057
1790	0	0	30.467437463659852	34.336009641944756
1791	1	1	20.179898227302647	42.94905724298109
1792	0	0	51.36667512015246	10.695930524848217
1793	1	1	20.09901886775913	43.38388096060562
1794	0	0	49.710575725442446	11.638035226431091
1795	0	1	42.530671194257756	18.04770768444735
1796	0	0	46.91568772346234	13.463225060056688
1797	1	0	21.153602364466604	41.54591158895916
1798	1	1	22.91739812039823	37.4615146631208
1799	0	0	36.381977167122464	24.031765939197257
1800	0	1	24.73380830526182	37.310814115118255
1801	0	0	48.85167782037305	11.527234963145977
1802	0	0	46.0030017316448	16.116005002654568
1803	1	1	21.252645670068198	41.876309800215544
1804	0	1	46.22648560587332	14.365859346997267
1805	0	0	30.482765775745467	31.698085602551608
1806	1	1	7.149257130869032	53.860990179141595
1807	0	0	28.255215778268173	32.43433567406215
1808	0	1	48.624818685537186	11.770992737535918
1809	1	0	32.52749432951804	29.53665746982912
1810	1	0	33.08398081252242	27.294931970998743
1811	1	0	33.09099172664024	28.253635339625994
1812	0	0	40.04089084705512	21.50028012853903
1813	1	0	39.31268523673167	22.14061836341236
1814	1	0	23.533502307235793	39.239727714858226
1815	0	1	27.138827740709335	33.24008504280972
1816	1	1	15.087156650343749	45.29701389092682
1817	0	0	30.926994976511292	30.34208105867868
1818	0	0	27.599369556280077	33.59358209674304
1819	1	1	22.706111444936973	38.394931449001135
1820	1	1	31.96353772557523	29.34678580602987
1821	1	0	33.46431279258679	28.70066973780618
1822	0	0	37.690633050824665	22.723110055495063
1823	0	0	25.453647946864706	36.72720343143234
1824	0	1	28.941463330141147	32.343042514398036
1825	0	0	28.77889121769854	33.08458296256935
1826	1	1	20.3916560871696	41.06164751297442
1827	1	0	32.74924032480968	27.62967245870937
1828	1	0	16.488227720277273	44.856399345988926
1829	1	1	33.099437245645035	27.59011420668528
1830	1	1	32.92649825708534	28.254353121211736
1831	0	0	53.15715500596367	9.221757777555352
1832	1	1	21.984492578795486	38.52101270293465
1833	1	1	17.572784678267883	45.910115150096885
1834	0	0	33.27270451118105	27.562726651372557
1835	0	0	24.932556008811073	36.1577341737469
1836	1	0	41.410860550722674	18.96805223279637
1837	0	0	38.67134799316767	22.673279073098534
1838	0	1	29.397309227862205	33.13453328332716
1839	0	0	45.8222356596915	14.556677123827525
1840	0	0	31.108282710738774	30.470096167966346
1841	0	0	28.485538794280014	32.019966487450134
1842	1	1	21.502833545009782	38.87607923851569
1843	0	1	31.888454505366248	29.226721183983713
1844	1	1	23.784891515979176	36.66281467751338
1845	1	1	32.92649825708534	28.254353121211736
1846	0	0	34.16119877269878	28.96799110677159
1847	0	0	55.69733796018952	6.681574823329501
1848	1	1	32.92649825708534	28.254353121211736
1849	1	1	14.169952056823664	47.56807741952837
1850	1	1	24.582413682415723	35.79649910110333
1851	0	0	32.47495175072625	28.809554093812945
1852	0	1	31.928303587393565	28.45060919612549
1853	1	1	25.449127847535586	35.05637743419456
1854	1	0	29.213918423867124	31.485595529558648
1855	1	0	26.03555484273537	34.34335794078369
1856	1	0	37.37224186053708	23.25055030474385
1857	0	0	44.75701370585527	15.62189907766376
1858	1	1	1.2348859426033763	59.21841765754223
1859	1	1	19.471229543459618	41.218321908870685
1860	0	0	47.429853286853245	15.104761098990048
1861	0	0	48.95138706986654	11.997362767041176
1862	0	0	44.6611825400404	16.792121060103604
1863	0	1	23.6964651246393	37.13574598579343
1864	1	1	13.751800031635884	46.753705250094235
1865	1	1	13.111336826738874	47.39416845499126
1866	0	1	29.97459569907535	32.21738490737824
1867	1	1	17.42631058344268	42.95260220007635
1868	1	1	24.428833833625454	36.83644824171654
1869	1	0	20.5081129529541	39.870799830564934
1870	1	1	18.766998547828255	42.19080146800832
1871	1	0	34.1544833961678	28.74398453953189
1872	1	1	15.599971028128895	47.02883136869308
1873	1	1	20.645774262199453	39.93260461650565
1874	0	0	45.495224711915725	18.083154166789384
1875	1	1	19.059902154221945	41.379569562295096
1876	0	0	44.22722240036808	19.351156478337018
1877	1	0	21.32864526863757	40.050267514881455
1878	1	0	34.1544833961678	28.74398453953189
1879	1	1	19.987021561924532	40.46628203821948
1880	0	0	41.532219952918744	18.8466928306003
1881	1	0	35.31670197411437	25.097041132205348
1882	1	1	28.98070626420961	32.2122453888135
1883	0	1	32.06816729192176	28.510211586783356
1884	1	1	12.836019572639382	48.17422773737125
1885	1	1	39.776750144392985	20.60216263912606
1886	1	1	28.81829732613698	31.912560546420842
1887	0	0	31.938596053237326	29.176579636112635
1888	0	0	33.27270451118105	27.562726651372557
1889	1	0	35.67139752439852	24.707515259120534
1890	0	1	39.23427524569901	21.161536177374103
1891	0	0	52.2573333444945	11.321045534210597
1892	1	0	23.401436570889473	37.71373911846047
1893	0	1	19.642436450851235	42.86132559447542
1894	0	0	31.452924510402333	28.925988273116722
1895	1	0	32.74924032480968	27.62967245870937
1896	0	0	22.416879841829815	38.08862543990031
1897	0	0	22.73028305269939	40.04294696939463
1898	0	0	31.646069350259552	29.469106339090402
1899	0	0	55.84044601631036	7.737932862394738
1900	1	0	27.141913575759204	34.1233684995828
1901	0	0	36.387107288527936	24.02663581779178
1902	0	1	42.5607434698285	17.818169313690543
1903	1	1	27.709564578330557	33.74373902181347
1904	1	0	23.860047735499194	36.51886504801986
1905	0	0	37.9796645454975	23.836539769669926
1906	0	0	47.66348596349189	13.685493310857765
1907	1	0	18.10326891597753	42.35003468416648
1908	1	1	23.662816798596346	37.28618702777186
1909	0	1	29.97459569907535	32.21738490737824
1910	1	1	23.8196616566692	36.55925112684985
1911	1	0	19.098565007453935	42.96558679189321
1912	0	1	52.11717453254349	9.193148999061583
1913	0	0	27.24807105081158	35.13084173270748
1914	0	1	37.58244929959051	23.870854300553525
1915	1	1	10.577730406178757	49.80118237734027
1916	1	1	15.902615377661885	46.142007042718184
1917	1	0	28.739561962262272	32.838816916442845
1918	0	0	45.97146468096822	14.407448102550807
1919	1	1	20.047795580344115	41.345216818357095
1920	0	0	28.77889121769854	33.08458296256935
1921	1	1	21.86154245426355	39.13478409338673
1922	1	1	23.86323171301798	38.53184380872684
1923	1	0	26.92841107510324	33.48533203121647
1924	1	0	23.259102222918848	38.14842780814594
1925	1	0	34.91022140167608	26.543082198467946
1926	0	0	39.758996276091075	20.61991650742797
1927	1	0	22.042782835086374	38.46272244664376
1928	0	1	35.044134306233076	25.40916929391095
1929	1	0	24.92254671899486	37.25830465930221
1930	0	0	32.94372484374858	27.78713302880595
1931	0	1	40.180752033102266	21.392391535828732
1932	0	0	38.087537375132456	23.957085045247634
1933	0	0	30.354310183972167	32.54415775172752
1934	1	0	34.1861535710928	26.20965785198034
1935	1	0	30.856920478539003	30.550609552525792
1936	1	1	17.401612075633846	42.97730070788518
1937	0	0	43.179521027741174	18.382568864592013
1938	0	0	37.46210131323146	26.718750065065628
1939	1	1	31.784298483594018	28.794080395111106
1940	0	1	31.888311740386104	30.615450304940563
1941	0	1	36.20373240031716	24.235739316199908
1942	1	1	24.243531640724694	39.67055387842215
1943	0	0	30.502911863575317	30.6900397894478
1944	0	1	30.446674263565484	32.638608773990576
1945	0	1	28.025347153871547	35.8887383652753
1946	0	0	55.059715047560275	6.86772219003036
1947	1	1	22.873391510059985	38.66777946553415
1948	0	0	25.453647946864706	36.72720343143234
1949	0	0	34.543140393846215	29.5818099177777
1950	1	1	36.62497765130306	23.95340122740206
1951	0	0	32.638892773601036	28.541958604696042
1952	1	1	19.751428301676224	43.731471526688544
1953	0	0	36.25542294646741	24.277774185786747
1954	0	0	41.42231432313553	19.926664951214125
1955	0	0	42.93296737059817	17.480775735721526
1956	0	1	43.070247241099736	17.30866554241929
1957	0	0	35.911935440846	26.46697734267305
1958	0	0	41.86027316700448	18.553469939315224
1959	0	0	24.29102806938213	36.901923583640986
1960	0	0	48.70458807658229	16.0988590290223
1961	1	0	17.46021544514695	45.313014576947054
1962	0	0	35.55971547155822	26.504436327788937
1963	0	1	24.740083858563196	36.52899217662677
1964	0	1	28.220985446417963	34.2827765989087
1965	0	0	48.00494788772054	14.373964895798478
1966	1	0	35.84014962534137	28.87937617990959
1967	1	1	13.751800031635884	46.753705250094235
1968	0	0	25.654546333816988	35.30325368201961
1969	0	1	30.73558317795326	29.769922103776885
1970	0	0	34.11679274197174	28.03142319012207
1971	1	0	28.1603666869168	33.03258496610631
1972	1	0	22.44499357885598	39.73585779944108
1973	1	1	22.768466043686768	38.624546355014445
1974	0	0	39.083323494779144	21.422181786951
1975	1	1	33.68820775499561	27.273783313016178
1976	0	0	57.36882863600729	3.980150638342357
1977	0	1	30.427994874786325	30.67304801915178
1978	0	1	35.0589820275786	25.31993075594046
1979	0	1	32.31422392199287	28.19128135973727
1980	0	1	41.1370818846849	19.4552630681857
1981	1	1	32.652879471300324	27.93946548157029
1982	0	1	47.42599531883162	12.969816104241485
1983	1	0	22.042782835086374	38.46272244664376
1984	1	1	26.329108809619317	35.128699186713995
1985	1	1	23.968111098141183	39.5147887302236
1986	0	1	14.974184978377698	45.861246184175876
1987	0	0	46.412850778493336	15.966062005025693
1988	1	1	36.780369098998506	23.615442324074632
1989	1	1	31.92675492835854	29.48077510270626
1990	0	0	41.86027316700448	18.553469939315224
1991	0	1	39.53174488526272	20.847167898256316
1992	0	0	52.00357655352301	8.375336229996012
1993	1	1	23.064281253049874	37.37519046346717
1994	0	0	27.599369556280077	33.59358209674304
1995	0	1	38.90504413890041	21.534427577616654
1996	1	1	27.589936236777895	33.60301541624522
1997	1	0	11.242773047130656	49.17097005918904
1998	1	0	32.741076443050936	27.63783634046811
1999	0	1	35.25118963649813	26.127723147020927
