Specified	Condition	Phenotype	Fitness	Accuracy	Numerosity	AveMatchSetSize	TimeStampGA	InitTimeStamp	Specificity	DeletionProb	CorrectCount	MatchCount	CorrectCover	MatchCover	EpochComplete	AccuracyComp	CoverDiff	IndFitness	Fitness	GlobalFitness	TotalFreq
[0, 1]	protectedDiv(neg(sin(ARG0)), neg(neg(ARG1)))	None	0.07631405507385243	0.5075	1	305.2516150116067	3979	0	11.0	305.2516150116067	2031	4000	1015	2000	1	0.037918721671288534	14.971014492753625	0.07631405507385243	0.07631405507385243	0.005823835001814982	1
[5]	protectedDiv(sin(ARG5), sin(-5))	None	0.6331475502635803	0.563	2	305.2516150116067	3979	0	11.0	610.5032300232134	2252	4000	1126	2000	1	0.3090945833638235	125.98900549725136	0.6331475502635803	0.6331475502635803	0.40087582040477293	1
[9, 6, 7]	mul(add(cos(ARG6), sub(3, ARG7)), sin(sin(ARG9)))	None	0.6477416977052995	0.5645	2	305.2516150116067	3999	0	11.0	610.5032300232134	2258	4000	1129	2000	1	0.31595368047217887	128.97901049475263	0.6477416977052995	0.6477416977052995	0.41956930694614364	1
[0, 9, 4, 5]	mul(protectedDiv(ARG0, ARG5), mul(ARG4, ARG9))	None	0.2582571258690078	0.526	1	305.2516150116067	3999	0	11.0	305.2516150116067	2104	4000	1052	2000	1	0.1280635049778963	50.74762618690659	0.2582571258690078	0.2582571258690078	0.06669674306212053	1
[10, 5, 7]	mul(mul(ARG5, ARG7), sin(ARG10))	None	0.4129455683323222	0.5415	1	305.2516150116067	3979	0	11.0	305.2516150116067	2166	4000	1083	2000	1	0.20386180255342404	81.43778110944515	0.4129455683323222	0.4129455683323222	0.17052404240530458	1
[4, 6]	sub(add(ARG6, ARG4), neg(ARG4))	None	0.5937457230624419	0.5585	2	305.2516150116067	3999	0	11.0	610.5032300232134	2234	4000	1117	2000	1	0.29033501290849434	117.99450274862568	0.5937457230624419	0.5937457230624419	0.35253398365494193	1
[9, 10, 4, 5]	sub(add(ARG9, ARG4), sub(ARG5, ARG10))	None	0.5236155935170856	0.5515	1	305.2516150116067	3999	0	11.0	305.2516150116067	2207	4000	1103	2000	1	0.25697849717232124	103.75462268865579	0.5236155935170856	0.5236155935170856	0.2741732897742499	1
[9, 10, 5]	add(protectedDiv(ARG10, ARG10), sub(ARG9, ARG5))	None	0.08149130940857102	0.5075	1	305.2516150116067	3999	0	11.0	305.2516150116067	2030	4000	1015	2000	1	0.040466974450531795	15.994502748625678	0.08149130940857102	0.08149130940857102	0.006640833509123456	1
[1, 10, 5, 7]	add(sin(sin(ARG5)), protectedDiv(ARG10, mul(ARG1, ARG7)))	None	0.3787912916263541	0.5365	1	305.2516150116067	3999	0	11.0	305.2516150116067	2146	4000	1073	2000	1	0.1868894266719625	74.73813093453282	0.3787912916263541	0.3787912916263541	0.14348284261196165	1
[8]	neg(neg(ARG8))	None	0.5792915525602368	0.5575	2	305.2516150116067	3979	0	11.0	610.5032300232134	2230	4000	1115	2000	1	0.2836349611562627	115.00299850074964	0.5792915525602368	0.5792915525602368	0.33557870286764957	1
[3, 5, 7]	mul(add(ARG7, ARG5), sin(ARG3))	None	0.6749389137497895	0.5675	2	305.2516150116067	3979	0	11.0	610.5032300232134	2271	4000	1135	2000	1	0.3287603964702778	134.54322838580697	0.6749389137497895	0.6749389137497895	0.45554253729374583	1
[2, 4]	protectedDiv(mul(ARG4, -1), sub(ARG2, 5))	None	0.5595093281643826	0.5555	1	305.2516150116067	3999	0	11.0	305.2516150116067	2222	4000	1111	2000	1	0.2742295720661294	110.98500749625191	0.5595093281643826	0.5595093281643826	0.3130506883029588	1
[1, 5, 7]	protectedDiv(neg(ARG1), sub(ARG7, ARG5))	None	0.3274231836204127	0.532	3	305.2516150116067	3999	0	11.0	915.7548450348202	2127	4000	1064	2000	1	0.16191636196273318	64.48275862068954	0.3274231836204127	0.3274231836204127	0.1072059411721265	1
[7]	mul(sin(-1), neg(ARG7))	None	0.5147665426414741	0.551	1	305.2516150116067	3979	0	11.0	305.2516150116067	2203	4000	1102	2000	1	0.25285235879804496	101.9310344827586	0.5147665426414741	0.5147665426414741	0.26498459342305664	1
[0, 3, 6, 7]	add(sub(sin(ARG7), neg(ARG6)), sub(neg(ARG3), neg(ARG0)))	None	0.1261354720323163	0.512	1	305.2516150116067	3993	0	11.0	305.2516150116067	2047	4000	1024	2000	1	0.06261878527239233	24.762618690654676	0.1261354720323163	0.1261354720323163	0.015910157304815244	1
[0, 4]	sub(mul(1, ARG4), neg(ARG0))	None	0.539675280358115	0.553	1	305.2516150116067	3999	0	11.0	305.2516150116067	2211	4000	1106	2000	1	0.264620298188828	107.01449275362336	0.539675280358115	0.539675280358115	0.29124940822961	1
[0, 2, 6]	sub(protectedDiv(ARG2, ARG0), cos(ARG6))	None	0.7616055923571484	0.5765	2	305.2516150116067	3964	0	11.0	610.5032300232134	2307	4000	1153	2000	1	0.3688870794193897	152.49525237381295	0.7616055923571484	0.7616055923571484	0.5800430783096829	1
[0, 9, 2]	add(sin(mul(1, ARG2)), mul(sin(ARG9), ARG0))	None	0.6012773366524711	0.5595	1	305.2516150116067	3999	0	11.0	305.2516150116067	2237	4000	1119	2000	1	0.2939761845730907	119.50474762618705	0.6012773366524711	0.6012773366524711	0.361534435571889	1
[9]	neg(neg(ARG9))	None	0.6477416977052995	0.5645	1	305.2516150116067	3999	0	11.0	305.2516150116067	2258	4000	1129	2000	1	0.31595368047217887	128.97901049475263	0.6477416977052995	0.6477416977052995	0.41956930694614364	1
[8, 4]	mul(add(ARG8, ARG4), cos(ARG8))	None	0.48521250991231346	0.5475	4	305.2516150116067	3999	0	11.0	1221.0064600464268	2190	4000	1095	2000	1	0.23850986193680127	96.02248875562213	0.48521250991231346	0.48521250991231346	0.2354311797754069	1
[8, 6, 7]	protectedDiv(sin(ARG8), sub(ARG6, ARG7))	None	0.16030988853039718	0.5155	2	305.2516150116067	3999	0	11.0	610.5032300232134	2062	4000	1031	2000	1	0.07956241301304184	31.478760619690206	0.16030988853039718	0.16030988853039718	0.02569926036062837	1
[9, 4, 7]	add(sub(ARG4, ARG7), sin(ARG9))	None	0.3753778339328357	0.537	4	305.2516150116067	3999	0	11.0	1221.0064600464268	2149	4000	1074	2000	1	0.18540192822020093	74.00099950024992	0.3753778339328357	0.3753778339328357	0.14090851820810757	1
[0, 8, 1]	mul(cos(ARG0), protectedDiv(ARG8, cos(ARG1)))	None	0.5792915525602368	0.5575	2	305.2516150116067	3979	0	11.0	610.5032300232134	2230	4000	1115	2000	1	0.2836349611562627	115.00299850074964	0.5792915525602368	0.5792915525602368	0.33557870286764957	1
[2, 4, 5]	add(sub(ARG4, ARG2), cos(ARG5))	None	0.5939506363652962	0.5585	1	305.2516150116067	3999	0	11.0	305.2516150116067	2234	4000	1117	2000	1	0.2904251517667698	118.03848075962026	0.5939506363652962	0.5939506363652962	0.3527773584387403	1
[9, 7]	sin(sin(mul(ARG7, ARG9)))	None	0.638214441916962	0.564	4	305.2516150116067	3979	0	11.0	1221.0064600464268	2255	4000	1128	2000	1	0.31164773218413566	126.97151424287858	0.638214441916962	0.638214441916962	0.40731767387137924	1
[3, 9, 10, 2]	sub(add(ARG10, ARG2), sub(ARG3, ARG9))	None	0.12592425553863992	0.512	1	305.2516150116067	3999	0	11.0	305.2516150116067	2048	4000	1024	2000	1	0.06251551564147959	24.720639680159934	0.12592425553863992	0.12592425553863992	0.01585691813296069	1
[0, 5]	add(sin(ARG0), sin(ARG5))	None	0.5345456293843613	0.5525	1	305.2516150116067	3999	0	11.0	305.2516150116067	2210	4000	1105	2000	1	0.2621755227766287	105.97451274362834	0.5345456293843613	0.5345456293843613	0.28573902989392297	1
[5, 6]	sin(sin(add(ARG6, ARG5)))	None	0.6963267887697714	0.569	2	305.2516150116067	3993	0	11.0	610.5032300232134	2276	4000	1138	2000	1	0.3384559504170255	139.04047976011987	0.6963267887697714	0.6963267887697714	0.4848709967584218	1
[5, 6, 7]	mul(cos(sub(ARG6, ARG6)), sin(mul(ARG7, ARG5)))	None	0.5890551162965303	0.559	2	305.2516150116067	3979	0	11.0	610.5032300232134	2235	4000	1118	2000	1	0.28843324534664316	116.93553223388312	0.5890551162965303	0.5890551162965303	0.34698593003511885	1
[9, 10]	add(sin(ARG9), protectedDiv(ARG10, 1))	None	0.6425231461678014	0.5635	3	305.2516150116067	3999	0	11.0	915.7548450348202	2254	4000	1127	2000	1	0.3133382502205267	127.96251874062966	0.6425231461678014	0.6425231461678014	0.41283599336136984	1
[10, 2, 4]	mul(add(ARG4, ARG10), sub(3, ARG2))	None	0.632707464225058	0.5625	2	305.2516150116067	3999	0	11.0	610.5032300232134	2251	4000	1125	2000	1	0.3087280310825172	125.95052473763121	0.632707464225058	0.632707464225058	0.400318735286103	1
[8, 1, 10, 3]	mul(sin(protectedDiv(ARG1, ARG1)), mul(protectedDiv(ARG10, ARG10), mul(ARG8, ARG3)))	None	0.6138875449703478	0.5615	3	305.2516150116067	3979	0	11.0	915.7548450348202	2247	4000	1123	2000	1	0.3001772374628388	121.99950024987504	0.6138875449703478	0.6138875449703478	0.3768579178697208	1
[10, 2, 7]	protectedDiv(mul(neg(ARG10), neg(ARG7)), sin(sub(ARG10, ARG2)))	None	0.9545171821335404	0.5965	4	305.2516150116067	3999	0	11.0	1221.0064600464268	2385	4000	1193	2000	1	0.45508376448593835	193.4647676161918	0.9545171821335404	0.9545171821335404	0.9111030509881544	1
[1, 4]	sin(sub(ARG4, ARG1))	None	0.7258693910783475	0.573	2	305.2516150116067	3979	0	11.0	610.5032300232134	2292	4000	1146	2000	1	0.3525186586312374	145.03548225887073	0.7258693910783475	0.7258693910783475	0.526886372904451	1
[8, 3]	protectedDiv(sin(ARG8), sin(ARG3))	None	0.13730434455125692	0.513	1	305.2516150116067	3993	0	11.0	305.2516150116067	2052	4000	1026	2000	1	0.06814723092730665	26.96051974012994	0.13730434455125692	0.13730434455125692	0.018852483032650278	1
[4, 5]	mul(sin(ARG4), cos(ARG5))	None	0.5595093281643826	0.5555	2	305.2516150116067	3999	0	11.0	610.5032300232134	2222	4000	1111	2000	1	0.2742295720661294	110.98500749625191	0.5595093281643826	0.5595093281643826	0.3130506883029588	1
[10, 4]	sin(add(ARG10, sin(ARG4)))	None	0.632707464225058	0.5625	5	305.2516150116067	3999	0	11.0	1526.2580750580335	2251	4000	1125	2000	1	0.3087280310825172	125.95052473763121	0.632707464225058	0.632707464225058	0.400318735286103	1
[2, 6, 7]	mul(neg(cos(ARG6)), sub(sin(ARG2), cos(ARG7)))	None	0.0767322588067171	0.507	1	305.2516150116067	3999	0	11.0	305.2516150116067	2028	4000	1014	2000	1	0.03810360724399048	15.060469765117318	0.0767322588067171	0.0767322588067171	0.005887839541581013	1
[1, 2, 5, 6]	protectedDiv(neg(sub(ARG5, ARG2)), sub(cos(ARG6), add(ARG1, ARG5)))	None	0.1947218670892969	0.519	1	305.2516150116067	3999	0	11.0	305.2516150116067	2076	4000	1038	2000	1	0.0966013075040884	38.248875562218814	0.1947218670892969	0.1947218670892969	0.03791660552274181	1
[2, 1, 0, 5, 4, 7, 10, 6, 3, 9, 8]	['1', '1', '1', '0', '1', '0', '0', '1', '0', '0', '0']	0	0.5662165397678873	0.6666666666666666	1	212.0	2001	0	1.0	212.0	4	5	2	3	1	0.689704599371707	0.4969999999999999	0.5662165397678873	0.5662165397678873	0.32060116990671955	1
[2, 1, 0, 5, 4, 7]	['0', '1', '0', '1', '0', '1']	1	0.8680837603280447	0.975	1	302.08137719039416	3882	0	0.5454545454545454	302.08137719039416	78	79	39	40	1	0.9961881921567177	19.04	0.8680837603280447	0.8680837603280447	0.7535694149452782	1
[2, 1, 0, 5, 4, 7, 10, 6, 3, 9, 8]	['1', '1', '1', '0', '0', '0', '1', '1', '0', '0', '1']	1	0.6876066414299221	0.75	1	234.512	2386	0	1.0	234.512	6	7	3	4	1	0.8605001978523489	1.004	0.6876066414299221	0.6876066414299221	0.4728028933385375	1
[2, 1, 0, 5, 4, 7, 10]	['1', '0', '0', '1', '0', '1', '0']	0	0.7960789601511905	0.95	1	293.518016105765	3885	0	0.6363636363636364	293.518016105765	38	39	19	20	1	0.9912732157720604	8.98	0.7960789601511905	0.7960789601511905	0.6337417107954008	1
[2, 1, 0, 5, 4, 7, 10]	['1', '0', '0', '1', '1', '1', '0']	1	0.7675035658229795	0.9166666666666666	1	277.2901127800745	3448	0	0.6363636363636364	277.2901127800745	22	23	11	12	1	0.9826693848711231	5.0120000000000005	0.7675035658229795	0.7675035658229795	0.5890617235509886	1
[2, 1, 0, 5, 4, 7, 10, 6, 3, 9, 8]	['1', '1', '0', '0', '0', '0', '0', '1', '1', '1', '1']	1	0.5629439154912254	0.6666666666666666	1	204.8	2464	0	1.0	204.8	4	5	2	3	1	0.6933164575278163	0.5030000000000001	0.5629439154912254	0.5629439154912254	0.3169058519885919	1
[2, 1, 0, 5, 4, 7, 10, 6]	['1', '0', '0', '0', '1', '1', '0', '1']	1	0.7893016044398372	0.9444444444444444	1	298.449694154907	3758	0	0.7272727272727273	298.449694154907	34	35	17	18	1	0.9900634917978135	8.018	0.7893016044398372	0.7893016044398372	0.6229970227713012	1
[2, 1, 0, 5, 4]	['1', '0', '0', '1', '1']	1	0.9523801345825352	0.9838709677419355	1	304.55262261362196	3845	0	0.45454545454545453	304.55262261362196	122	123	61	62	1	0.9976491054076227	30.062	0.9523801345825352	0.9523801345825352	0.9070279207474479	1
[2, 1, 0, 5, 4, 7, 10, 6, 3]	['0', '0', '1', '0', '1', '0', '1', '0', '1']	0	0.7352740003524293	0.8333333333333334	1	264.73424639999996	3419	0	0.8181818181818182	264.73424639999996	10	11	5	6	1	0.9435167273089038	1.9939999999999998	0.7352740003524293	0.7352740003524293	0.5406278555942642	1
[2, 1, 0, 5, 4, 7, 10, 6, 3, 9]	['0', '0', '1', '0', '0', '0', '0', '0', '1', '0']	0	0.5662165397678873	0.6666666666666666	1	216.8	0	0	0.9090909090909091	216.8	4	5	2	3	1	0.689704599371707	0.4969999999999999	0.5662165397678873	0.5662165397678873	0.32060116990671955	1
[2, 1, 0, 5, 4, 7, 10, 6]	['1', '0', '0', '0', '0', '0', '0', '0']	0	0.7634200490715727	0.9090909090909091	1	278.00867200373625	2774	0	0.7272727272727273	278.00867200373625	20	21	10	11	1	0.9801633122060703	4.489	0.7634200490715727	0.7634200490715727	0.5828101713244425	1
[2, 1, 0, 5, 4]	['0', '0', '0', '1', '0']	1	0.1866159003141376	0.5416666666666666	2	304.6986503842507	3807	0	0.45454545454545453	609.3973007685014	53	96	26	48	1	0.21259350587597425	2.048000000000002	0.1866159003141376	0.1866159003141376	0.03482549425005614	1
[2, 1, 0, 5, 4, 7, 10, 6, 3, 9, 8]	['1', '1', '0', '0', '1', '1', '0', '0', '0', '0', '0']	0	0.6867148235630368	0.75	1	232.392	3940	0	1.0	232.392	6	7	3	4	1	0.8590790799744615	0.996	0.6867148235630368	0.6867148235630368	0.4715772489012128	1
[2, 1, 0, 5, 4, 7]	['1', '0', '1', '0', '0', '0']	1	0.4028128499379008	0.6	1	299.3580431027194	3363	0	0.5454545454545454	299.3580431027194	30	49	15	25	1	0.4715630742261814	2.5250000000000004	0.4028128499379008	0.4028128499379008	0.1622581920750938	1
[2, 1, 0, 5, 4, 7]	['0', '0', '1', '1', '1', '1']	1	0.8497823900382105	0.9714285714285714	1	297.01035704929984	3773	0	0.5454545454545454	297.01035704929984	68	69	34	35	1	0.9955631773706696	16.535	0.8497823900382105	0.8497823900382105	0.7221301104190534	1
[2, 1, 0, 5, 4, 7, 10]	['1', '0', '0', '0', '1', '1', '0']	1	0.8281925773411717	0.9655172413793104	1	301.897066829896	3758	0	0.6363636363636364	301.897066829896	56	57	28	29	1	0.9944793638968413	13.529	0.8281925773411717	0.8281925773411717	0.6859029451630126	1
[2, 1, 0, 5, 4, 7, 10, 6]	['1', '1', '1', '0', '1', '0', '1', '0']	1	0.7594847077332718	0.9	1	283.5928592341729	3999	0	0.7272727272727273	283.5928592341729	18	19	9	10	1	0.9771782386419469	4.01	0.7594847077332718	0.7594847077332718	0.5768170212806933	1
[2, 1, 0, 5, 4, 7, 10]	['1', '0', '0', '1', '1', '0', '1']	1	0.7893016044398372	0.9444444444444444	1	296.96065789800986	3845	0	0.6363636363636364	296.96065789800986	34	35	17	18	1	0.9900634917978135	8.018	0.7893016044398372	0.7893016044398372	0.6229970227713012	1
[2, 1, 0, 5, 4, 7, 10]	['0', '0', '0', '0', '1', '1', '0']	1	0.4004683918620596	0.6	1	292.5546355773726	2473	0	0.6363636363636364	292.5546355773726	24	39	12	20	1	0.4715630742261814	2.0199999999999996	0.4004683918620596	0.4004683918620596	0.16037493288058413	1
[2, 1, 0, 5, 4, 7, 10]	['1', '1', '1', '0', '1', '0', '1']	1	0.7857568097899297	0.9411764705882353	1	288.6195164737709	3999	0	0.6363636363636364	288.6195164737709	32	33	16	17	1	0.989293619184441	7.5169999999999995	0.7857568097899297	0.7857568097899297	0.6174137641312477	1
[2, 1, 0, 5, 4, 7, 10, 6, 3, 9, 8]	['1', '1', '1', '1', '0', '1', '0', '0', '0', '0', '0']	0	0.6867148235630368	0.75	1	240.48	1261	0	1.0	240.48	6	7	3	4	1	0.8590790799744615	0.996	0.6867148235630368	0.6867148235630368	0.4715772489012128	1
[2, 1, 0, 5, 4, 7, 10]	['1', '0', '0', '0', '1', '1', '1']	1	0.7998828550590223	0.9523809523809523	1	296.10710635728117	3380	0	0.6363636363636364	296.10710635728117	40	41	20	21	1	0.9918341424961984	9.521	0.7998828550590223	0.7998828550590223	0.639812581817373	1
[2, 1, 0, 5, 4, 7, 10, 6, 3, 9]	['0', '0', '1', '1', '1', '1', '1', '1', '0', '1']	1	0.6876066414299221	0.75	1	235.64000000000001	2909	0	0.9090909090909091	235.64000000000001	6	7	3	4	1	0.8605001978523489	1.004	0.6876066414299221	0.6876066414299221	0.4728028933385375	1
[2, 1, 0, 5, 4, 7, 10, 6, 3]	['0', '1', '0', '0', '1', '0', '0', '1', '1']	0	0.7208017426315166	0.8	1	244.83071999999999	3747	0	0.8181818181818182	244.83071999999999	8	9	4	5	1	0.9170609631252903	1.495	0.7208017426315166	0.7208017426315166	0.5195551521806312	1
[2, 1, 0, 5]	['1', '0', '0', '0']	1	0.24608724671954446	0.5507246376811594	1	304.7643222771023	3758	0	0.36363636363636365	304.7643222771023	152	275	76	138	1	0.25595014355149953	7.138000000000005	0.24608724671954446	0.24608724671954446	0.060558932998005945	1
[2, 1, 0, 5, 4, 7, 10, 6]	['1', '1', '0', '0', '0', '1', '1', '1']	1	0.7550437357194311	0.8888888888888888	1	273.0708503379968	2422	0	0.7272727272727273	273.0708503379968	16	17	8	9	1	0.9729962541703586	3.5090000000000003	0.7550437357194311	0.7550437357194311	0.570091042849154	1
[2, 1, 0, 5, 4, 7]	['1', '1', '0', '1', '1', '0']	1	0.1193739639553353	0.5263157894736842	1	301.59473397552347	3504	0	0.5454545454545454	301.59473397552347	40	75	20	38	1	0.1373063391489358	1.0380000000000003	0.1193739639553353	0.1193739639553353	0.014250143270409691	1
[2, 1, 0, 5, 4, 7, 10, 6]	['0', '1', '0', '1', '0', '1', '1', '0']	1	0.7550437357194311	0.8888888888888888	1	277.12895782502403	3882	0	0.7272727272727273	277.12895782502403	16	17	8	9	1	0.9729962541703586	3.5090000000000003	0.7550437357194311	0.7550437357194311	0.570091042849154	1
[2, 1, 0, 5, 4, 7, 10]	['1', '1', '0', '0', '1', '0', '1']	0	0.6756614381733997	0.7222222222222222	1	295.456308277647	3477	0	0.6363636363636364	295.456308277647	26	35	13	18	1	0.8143714219610715	3.9819999999999993	0.6756614381733997	0.6756614381733997	0.4565183790345469	1
[2, 1, 0, 5, 4, 7, 10, 6, 3, 9]	['1', '1', '1', '0', '1', '0', '1', '1', '1', '0']	1	0.679324258865399	0.75	1	225.192	2080	0	0.9090909090909091	225.192	6	7	3	4	1	0.8605001978523489	1.004	0.679324258865399	0.679324258865399	0.4614814486830237	1
[2, 1, 0, 5, 4, 7, 10, 6, 3]	['0', '1', '0', '0', '0', '0', '0', '1', '0']	0	0.7208017426315166	0.8	1	245.8272	3275	0	0.8181818181818182	245.8272	8	9	4	5	1	0.9170609631252903	1.495	0.7208017426315166	0.7208017426315166	0.5195551521806312	1
[2, 1, 0, 5, 4, 7, 10]	['0', '1', '0', '1', '0', '0', '0']	1	0.8104567128304109	0.9583333333333334	1	299.25953099575634	3957	0	0.6363636363636364	299.25953099575634	46	47	23	24	1	0.993074930553186	11.024000000000001	0.8104567128304109	0.8104567128304109	0.656840083371875	1
[2, 1, 0, 5, 4, 7, 10, 6, 3]	['0', '0', '1', '1', '0', '1', '0', '0', '1']	1	0.7635956289114871	0.9090909090909091	1	286.9455291523164	3082	0	0.8181818181818182	286.9455291523164	20	21	10	11	1	0.9802825703272164	4.511	0.7635956289114871	0.7635956289114871	0.5830782844927296	1
[2, 1, 0, 5, 4, 7, 10, 6]	['0', '1', '1', '0', '0', '1', '0', '1']	0	0.2278042370532646	0.5555555555555556	1	280.57662429757437	3731	0	0.7272727272727273	280.57662429757437	10	17	5	9	1	0.27033411270531765	0.49099999999999966	0.2278042370532646	0.2278042370532646	0.05189477041941998	1
[2, 1, 0, 5, 4, 7, 10, 6, 3]	['1', '0', '0', '1', '1', '1', '0', '0', '0']	1	0.7439358348451055	0.8571428571428571	1	261.040769536	3448	0	0.8181818181818182	261.040769536	12	13	6	7	1	0.9582852331203251	2.507	0.7439358348451055	0.7439358348451055	0.5534405263666841	1
[2, 1, 0, 5, 4, 7]	['0', '1', '0', '1', '0', '0']	1	0.8717802697427808	0.975609756097561	1	303.3912863777985	3957	0	0.5454545454545454	303.3912863777985	80	81	40	41	1	0.9962927312246206	19.541	0.8717802697427808	0.8717802697427808	0.7600008387127957	1
[2, 1, 0, 5, 4]	['0', '1', '0', '1', '1']	1	0.9018066270862466	0.9795918367346939	1	302.4078773222053	3812	0	0.45454545454545453	302.4078773222053	96	97	48	49	1	0.9969602693812335	23.549	0.9018066270862466	0.9018066270862466	0.8132551926566727	1
[2, 1, 0, 5, 4, 7, 10, 6]	['1', '1', '0', '1', '1', '0', '1', '1']	1	0.7821934706130302	0.9375	1	292.425879226429	3504	0	0.7272727272727273	292.425879226429	30	31	15	16	1	0.9883977082000281	7.016	0.7821934706130302	0.7821934706130302	0.6118266254696574	1
[2, 1, 0, 5, 4, 7, 10, 6, 3, 9, 8]	['1', '0', '0', '0', '0', '1', '0', '1', '1', '0', '1']	0	0.7208017426315166	0.8	1	253.47840000000002	3255	0	1.0	253.47840000000002	8	9	4	5	1	0.9170609631252903	1.495	0.7208017426315166	0.7208017426315166	0.5195551521806312	1
[2, 1, 0, 5, 4, 7, 10, 6]	['0', '1', '0', '0', '0', '0', '1', '1']	0	0.7710872153181144	0.9230769230769231	1	290.7332523662029	3608	0	0.7272727272727273	290.7332523662029	24	25	12	13	1	0.984468645634984	5.487	0.7710872153181144	0.7710872153181144	0.5945754936270441	1
[2, 1, 0, 5, 4, 7, 10, 6]	['1', '0', '0', '1', '0', '1', '0', '1']	0	0.7710872153181144	0.9230769230769231	1	284.1994398876732	3885	0	0.7272727272727273	568.3988797753464	24	25	12	13	1	0.984468645634984	5.487	0.7710872153181144	0.7710872153181144	0.5945754936270441	1
[2, 1, 0, 5, 4, 7, 10, 6]	['1', '1', '1', '0', '0', '0', '1', '0']	1	0.7675035658229795	0.9166666666666666	1	287.3328533935747	3432	0	0.7272727272727273	287.3328533935747	22	23	11	12	1	0.9826693848711231	5.0120000000000005	0.7675035658229795	0.7675035658229795	0.5890617235509886	1
[2, 1, 0, 5, 4, 7]	['0', '0', '0', '1', '0', '1']	0	0.3382235682208673	0.5833333333333334	1	299.81480453172634	2629	0	0.5454545454545454	299.81480453172634	28	47	14	24	1	0.3958854673791882	1.975999999999999	0.3382235682208673	0.3382235682208673	0.11439518210005567	1
[2, 1, 0, 5, 4, 7, 10, 6]	['1', '1', '0', '0', '1', '1', '0', '1']	1	0.7594847077332718	0.9	1	272.84384451320216	2657	0	0.7272727272727273	272.84384451320216	18	19	9	10	1	0.9771782386419469	4.01	0.7594847077332718	0.7594847077332718	0.5768170212806933	1
[2, 1, 0]	['0', '0', '0']	1	0.25158745816424366	0.5497835497835498	2	304.52852260354894	3807	0	0.2727272727272727	609.0570452070979	255	462	127	231	1	0.2514886478115214	11.730999999999995	0.25158745816424366	0.25158745816424366	0.06329624910554506	1
[2, 1, 0, 5, 4, 7]	['1', '0', '0', '0', '1', '1']	1	0.9018066270862466	0.9795918367346939	1	304.2935984941074	3758	0	0.5454545454545454	304.2935984941074	96	97	48	49	1	0.9969602693812335	23.549	0.9018066270862466	0.9018066270862466	0.8132551926566727	1
[2, 1, 0, 5, 4, 7, 10, 6, 3, 9, 8]	['0', '0', '0', '0', '0', '1', '0', '1', '1', '0', '1']	1	0.6876066414299221	0.75	1	235.224	2599	0	1.0	235.224	6	7	3	4	1	0.8605001978523489	1.004	0.6876066414299221	0.6876066414299221	0.4728028933385375	1
[2, 1, 0, 5, 4, 7, 10, 6, 3]	['1', '1', '0', '0', '0', '0', '0', '1', '0']	1	0.7500308598736367	0.875	1	271.27516342272	3895	0	0.8181818181818182	271.27516342272	14	15	7	8	1	0.9671024956240634	3.008	0.7500308598736367	0.7500308598736367	0.5625462907627868	1
[2, 1, 0, 5, 4, 7, 10, 6]	['1', '1', '1', '0', '0', '1', '1', '1']	1	0.7675035658229795	0.9166666666666666	1	284.01451520587534	3213	0	0.7272727272727273	284.01451520587534	22	23	11	12	1	0.9826693848711231	5.0120000000000005	0.7675035658229795	0.7675035658229795	0.5890617235509886	1
[2, 1, 0, 5, 4, 7, 10, 6, 3, 9]	['0', '0', '0', '0', '0', '1', '0', '1', '0', '1']	0	0.7437409822396422	0.8571428571428571	1	273.65354751999996	3828	0	0.9090909090909091	273.65354751999996	12	13	6	7	1	0.9579771176871075	2.493	0.7437409822396422	0.7437409822396422	0.5531506486627878	1
[2, 1, 0, 5]	['0', '1', '0', '1']	1	0.9999063107500945	0.9921875	1	304.84578069958974	3957	0	0.36363636363636365	304.84578069958974	254	255	127	128	1	0.9989077935329366	63.128	0.9999063107500945	0.9999063107500945	0.9998126302778646	1
[2, 1, 0, 5, 4]	['0', '1', '0', '1', '0']	1	0.9983289245241548	0.9875	1	304.58260933499884	3957	0	0.45454545454545453	304.58260933499884	158	159	79	80	1	0.9982110245700975	39.08	0.9983289245241548	0.9983289245241548	0.9966606415415555	1
[2, 1, 0, 5]	['0', '0', '1', '0']	0	0.44661627286303174	0.6	1	303.0655374441615	3708	0	0.36363636363636365	303.0655374441615	156	259	78	130	1	0.46518607208595864	12.870000000000005	0.44661627286303174	0.44661627286303174	0.199466095186066	1
[2, 1, 0, 5, 4, 7, 10, 6, 3, 9, 8]	['0', '1', '0', '0', '0', '1', '1', '1', '1', '1', '1']	0	0.5662165397678873	0.6666666666666666	1	214.2	3429	0	1.0	214.2	4	5	2	3	1	0.689704599371707	0.4969999999999999	0.5662165397678873	0.5662165397678873	0.32060116990671955	1
[2, 1, 0, 5, 4, 7, 10, 6, 3, 9]	['1', '0', '0', '1', '1', '0', '0', '0', '1', '0']	1	0.679324258865399	0.75	1	225.496	2583	0	0.9090909090909091	225.496	6	7	3	4	1	0.8605001978523489	1.004	0.679324258865399	0.679324258865399	0.4614814486830237	1
[2, 1, 0, 5, 4, 7, 10, 6]	['1', '1', '1', '0', '0', '1', '0', '0']	0	0.7548755217840163	0.8888888888888888	1	273.47636089815035	2542	0	0.7272727272727273	273.47636089815035	16	17	8	9	1	0.9728191690190109	3.4909999999999997	0.7548755217840163	0.7548755217840163	0.5698370533886908	1
[2, 1, 0, 5, 4, 7, 10, 6, 3, 9]	['1', '0', '0', '0', '0', '1', '1', '0', '1', '1']	0	0.5662165397678873	0.6666666666666666	1	214.8	2143	0	0.9090909090909091	214.8	4	5	2	3	1	0.689704599371707	0.4969999999999999	0.5662165397678873	0.5662165397678873	0.32060116990671955	1
[2, 1, 0, 5, 4, 7]	['1', '0', '0', '1', '1', '1']	1	0.8104567128304109	0.9583333333333334	1	297.8129235094159	3448	0	0.5454545454545454	297.8129235094159	46	47	23	24	1	0.993074930553186	11.024000000000001	0.8104567128304109	0.8104567128304109	0.656840083371875	1
[2, 1, 0, 5, 4, 7, 10, 6, 3, 9]	['1', '0', '1', '0', '1', '1', '1', '0', '1', '0']	0	0.6867148235630368	0.75	1	227.86399999999998	2733	0	0.9090909090909091	227.86399999999998	6	7	3	4	1	0.8590790799744615	0.996	0.6867148235630368	0.6867148235630368	0.4715772489012128	1
[2, 1, 0, 5, 4, 7, 10, 6]	['0', '1', '1', '1', '1', '0', '1', '0']	1	0.29702635723601434	0.5714285714285714	1	285.8239576573119	3948	0	0.7272727272727273	285.8239576573119	16	27	8	14	1	0.35116479752047797	1.0140000000000002	0.29702635723601434	0.29702635723601434	0.08822465689289641	1
[2, 1, 0, 5, 4, 7, 10, 6, 3, 9]	['1', '1', '0', '0', '1', '0', '0', '0', '0', '1']	0	0.6861523756492326	0.75	1	227.248	2504	0	0.9090909090909091	227.248	6	7	3	4	1	0.8590790799744615	0.996	0.6861523756492326	0.6861523756492326	0.4708050826090856	1
[2, 1, 0, 5, 4, 7, 10]	['0', '0', '1', '1', '0', '0', '1']	0	0.7890473542871411	0.9444444444444444	1	303.16374033504496	3964	0	0.6363636363636364	303.16374033504496	34	35	17	18	1	0.9900118104077261	7.981999999999999	0.7890473542871411	0.7890473542871411	0.6225957273075372	1
[2, 1, 0, 5, 4, 7]	['1', '0', '0', '1', '0', '1']	0	0.8420678255027141	0.9696969696969697	1	302.05957298209375	3885	0	0.5454545454545454	302.05957298209375	64	65	32	33	1	0.995230158548084	15.466999999999999	0.8420678255027141	0.8420678255027141	0.7090782227468694	1
[2, 1, 0, 5, 4, 7, 10, 6, 3, 9, 8]	['1', '0', '1', '0', '1', '0', '0', '1', '0', '1', '1']	1	0.5629439154912254	0.6666666666666666	1	205.8	2008	0	1.0	205.8	4	5	2	3	1	0.6933164575278163	0.5030000000000001	0.5629439154912254	0.5629439154912254	0.3169058519885919	1
[2, 1, 0, 5, 4, 7, 10, 6]	['1', '0', '1', '0', '1', '0', '0', '1']	1	0.23480982116458127	0.5555555555555556	1	271.2392693080064	2008	0	0.7272727272727273	271.2392693080064	10	17	5	9	1	0.2786827112050773	0.5090000000000003	0.23480982116458127	0.23480982116458127	0.05513565211534264	1
[2, 1, 0, 5]	['1', '0', '1', '1']	0	0.2727467994770511	0.5590551181102362	1	305.44004511908213	3638	0	0.36363636363636365	305.44004511908213	142	253	71	127	1	0.28676219858503643	7.3729999999999976	0.2727467994770511	0.2727467994770511	0.07439081662497472	1
[2, 1, 0, 5, 4, 7, 10, 6, 3]	['0', '1', '0', '0', '0', '1', '0', '0', '1']	0	0.7437409822396422	0.8571428571428571	1	275.49936384	3112	0	0.8181818181818182	275.49936384	12	13	6	7	1	0.9579771176871075	2.493	0.7437409822396422	0.7437409822396422	0.5531506486627878	1
[2, 1, 0, 5, 4, 7, 10, 6]	['0', '0', '0', '1', '1', '0', '1', '0']	1	0.571581865267427	0.6666666666666666	1	259.4083968	3263	0	0.7272727272727273	259.4083968	8	11	4	6	1	0.6933164575278163	1.0060000000000002	0.571581865267427	0.571581865267427	0.32670582870259113	1
[2, 1, 0, 5, 4, 7, 10, 6]	['0', '1', '0', '0', '1', '1', '0', '0']	0	0.7673197774738222	0.9166666666666666	1	291.72983221025686	3134	0	0.7272727272727273	291.72983221025686	22	23	11	12	1	0.9825677971620336	4.9879999999999995	0.7673197774738222	0.7673197774738222	0.588779640902476	1
[2, 1, 0, 5, 4, 7, 10, 6, 3, 9]	['0', '1', '0', '1', '0', '0', '0', '0', '1', '1']	1	0.5689846178410575	0.6666666666666666	1	215.8	3118	0	0.9090909090909091	215.8	4	5	2	3	1	0.6933164575278163	0.5030000000000001	0.5689846178410575	0.5689846178410575	0.32374349533973423	1
[2, 1, 0, 5, 4, 7, 10, 6, 3]	['0', '1', '0', '1', '0', '0', '0', '0', '1']	1	0.7594847077332718	0.9	1	278.7853012340244	3118	0	0.8181818181818182	278.7853012340244	18	19	9	10	1	0.9771782386419469	4.01	0.7594847077332718	0.7594847077332718	0.5768170212806933	1
[2, 1, 0, 5, 4, 7, 10, 6, 3]	['1', '1', '1', '1', '1', '1', '0', '0', '1']	0	0.7352740003524293	0.8333333333333334	1	265.85045759999997	2891	0	0.8181818181818182	265.85045759999997	10	11	5	6	1	0.9435167273089038	1.9939999999999998	0.7352740003524293	0.7352740003524293	0.5406278555942642	1
[2, 1, 0, 5, 4, 7, 10, 6, 3]	['1', '1', '0', '0', '1', '1', '0', '1', '0']	1	0.7439358348451055	0.8571428571428571	1	258.235229696	2657	0	0.8181818181818182	258.235229696	12	13	6	7	1	0.9582852331203251	2.507	0.7439358348451055	0.7439358348451055	0.5534405263666841	1
[2, 1, 0, 5, 4]	['1', '0', '0', '0', '0']	0	0.951396526033788	0.9838709677419355	1	301.9311223153624	3255	0	0.45454545454545453	301.9311223153624	122	123	61	62	1	0.9976389129659993	29.938	0.951396526033788	0.951396526033788	0.9051553497491602	1
[2, 1, 0, 5, 4, 7]	['1', '0', '0', '1', '1', '0']	1	0.8643995255206497	0.9743589743589743	2	302.6044892371978	3845	0	0.5454545454545454	605.2089784743956	76	77	38	39	1	0.9960776158512297	18.539	0.8643995255206497	0.8643995255206497	0.7471865397203243	1
[2, 1, 0, 5, 4, 7, 10, 6]	['1', '0', '1', '1', '1', '0', '1', '0']	0	0.33375566882358065	0.5833333333333334	1	291.9505155417648	3312	0	0.7272727272727273	291.9505155417648	14	23	7	12	1	0.3958854673791882	0.9879999999999995	0.33375566882358065	0.33375566882358065	0.11139284647187565	1
[2, 1, 0, 5, 4, 7, 10, 6, 3, 9]	['0', '1', '0', '1', '0', '1', '1', '0', '0', '0']	1	0.5629439154912254	0.6666666666666666	1	205.0	2074	0	0.9090909090909091	205.0	4	5	2	3	1	0.6933164575278163	0.5030000000000001	0.5629439154912254	0.5629439154912254	0.3169058519885919	1
[2, 1, 0, 5]	['1', '1', '0', '1']	0	0.07251039754080547	0.5161290322580645	1	303.52370124649144	3539	0	0.36363636363636365	303.52370124649144	128	247	64	124	1	0.07667832628805692	1.8759999999999977	0.07251039754080547	0.07251039754080547	0.005257757751525648	1
[2, 1, 0, 5, 4, 7, 10, 6, 3, 9]	['1', '0', '0', '1', '0', '1', '0', '1', '0', '0']	0	0.6867148235630368	0.75	1	232.84	2195	0	0.9090909090909091	232.84	6	7	3	4	1	0.8590790799744615	0.996	0.6867148235630368	0.6867148235630368	0.4715772489012128	1
[2, 1, 0, 5, 4, 7, 10, 6, 3, 9]	['0', '1', '0', '0', '1', '0', '0', '1', '1', '1']	0	0.6867148235630368	0.75	1	232.192	3747	0	0.9090909090909091	232.192	6	7	3	4	1	0.8590790799744615	0.996	0.6867148235630368	0.6867148235630368	0.4715772489012128	1
[2, 1, 0, 5, 4, 7, 10, 6, 3]	['1', '1', '1', '0', '1', '0', '0', '0', '0']	0	0.7352740003524293	0.8333333333333334	1	264.444096	3668	0	0.8181818181818182	264.444096	10	11	5	6	1	0.9435167273089038	1.9939999999999998	0.7352740003524293	0.7352740003524293	0.5406278555942642	1
[2, 1, 0, 5, 4, 7, 10, 6, 3, 9]	['0', '0', '0', '1', '0', '0', '0', '0', '1', '0']	1	0.6876066414299221	0.75	1	237.05599999999998	3807	0	0.9090909090909091	237.05599999999998	6	7	3	4	1	0.8605001978523489	1.004	0.6876066414299221	0.6876066414299221	0.4728028933385375	1
[2, 1, 0, 5, 4, 7, 10, 6, 3]	['1', '0', '0', '1', '0', '0', '1', '1', '0']	0	0.7498568324583591	0.875	1	281.84214935552	3048	0	0.8181818181818182	281.84214935552	14	15	7	8	1	0.9668749535384956	2.992	0.7498568324583591	0.7498568324583591	0.5622852691844836	1
[2, 1, 0, 5, 4]	['1', '1', '0', '1', '0']	0	0.11726639839479254	0.5272727272727272	1	303.0123247722612	3187	0	0.45454545454545453	303.0123247722612	58	109	29	55	1	0.13264752862885926	1.4450000000000003	0.11726639839479254	0.11726639839479254	0.013751408192486202	1
[2, 1, 0, 5, 4, 7, 10]	['0', '1', '0', '1', '0', '0', '1']	1	0.7893016044398372	0.9444444444444444	1	297.60708394517883	3745	0	0.6363636363636364	297.60708394517883	34	35	17	18	1	0.9900634917978135	8.018	0.7893016044398372	0.7893016044398372	0.6229970227713012	1
[2, 1, 0, 5, 4, 7, 10, 6, 3, 9]	['1', '1', '0', '0', '0', '1', '1', '0', '1', '1']	0	0.5602192307941671	0.6666666666666666	1	203.4	2099	0	0.9090909090909091	203.4	4	5	2	3	1	0.689704599371707	0.4969999999999999	0.5602192307941671	0.5602192307941671	0.3138455865516083	1
[2, 1, 0, 5, 4]	['0', '1', '1', '0', '0']	1	0.12999476741037214	0.5277777777777778	1	300.71725321455307	3993	0	0.45454545454545453	300.71725321455307	76	143	38	72	1	0.14455767477927509	2.0720000000000027	0.12999476741037214	0.12999476741037214	0.01689863955407675	1
[2, 1, 0, 5, 4, 7, 10, 6, 3, 9]	['0', '0', '1', '0', '1', '1', '0', '1', '1', '0']	1	0.6876066414299221	0.75	1	231.192	2214	0	0.9090909090909091	231.192	6	7	3	4	1	0.8605001978523489	1.004	0.6876066414299221	0.6876066414299221	0.4728028933385375	1
[2, 1, 0, 5, 4, 7, 10, 6]	['1', '1', '1', '1', '1', '0', '0', '1']	0	0.7593148653517368	0.9	1	281.95646696095747	3561	0	0.7272727272727273	281.95646696095747	18	19	9	10	1	0.9770350186984702	3.99	0.7593148653517368	0.7593148653517368	0.5765590647441261	1
[2, 1, 0, 5, 4, 7, 10, 6]	['0', '1', '0', '0', '1', '1', '1', '0']	0	0.7747666641601075	0.9285714285714286	1	291.90265304534745	3629	0	0.7272727272727273	291.90265304534745	26	27	13	14	1	0.9860061829829085	5.986	0.7747666641601075	0.7747666641601075	0.6002633838937809	1
[2, 1, 0, 5, 4, 7, 10, 6, 3, 9]	['0', '1', '1', '1', '0', '1', '0', '1', '0', '0']	0	0.5662165397678873	0.6666666666666666	1	212.2	3099	0	0.9090909090909091	212.2	4	5	2	3	1	0.689704599371707	0.4969999999999999	0.5662165397678873	0.5662165397678873	0.32060116990671955	1
[2, 1, 0, 5, 4, 7]	['0', '1', '0', '1', '1', '1']	1	0.8034050105367716	0.9545454545454546	2	298.2053215016579	3812	0	0.5454545454545454	596.4106430033158	42	43	21	22	1	0.992293709927474	10.022	0.8034050105367716	0.8034050105367716	0.6454596109555901	1
[2, 1, 0, 5, 4, 7, 10, 6, 3, 9, 8]	['1', '1', '1', '1', '1', '0', '0', '1', '1', '1', '0']	0	0.5662165397678873	0.6666666666666666	1	214.2	2227	0	1.0	214.2	4	5	2	3	1	0.689704599371707	0.4969999999999999	0.5662165397678873	0.5662165397678873	0.32060116990671955	1
[2, 1, 0, 5, 4, 7, 10, 6, 3, 9, 8]	['0', '0', '1', '1', '0', '0', '0', '1', '0', '0', '0']	0	0.6867148235630368	0.75	1	235.88	2415	0	1.0	235.88	6	7	3	4	1	0.8590790799744615	0.996	0.6867148235630368	0.6867148235630368	0.4715772489012128	1
[2, 1, 0, 5]	['0', '1', '0', '0']	0	1.0	0.9924242424242424	2	302.7271967308211	3747	0	0.36363636363636365	605.4543934616422	262	263	131	132	1	0.9989377385064957	64.868	1.0	1.0	1.0	1
[2, 1, 0, 5, 4]	['1', '0', '0', '1', '0']	0	0.9435090419641231	0.9833333333333333	1	305.2205101362414	3885	0	0.45454545454545453	305.2205101362414	118	119	59	60	1	0.9975535529504462	28.94	0.9435090419641231	0.9435090419641231	0.8902093122680574	1
[2, 1, 0, 5, 4, 7, 10, 6, 3, 9, 8]	['1', '0', '0', '1', '0', '1', '0', '1', '1', '1', '1']	0	0.6867148235630368	0.75	1	236.408	3885	0	1.0	236.408	6	7	3	4	1	0.8590790799744615	0.996	0.6867148235630368	0.6867148235630368	0.4715772489012128	1
[2, 1, 0, 5, 4, 7, 10, 6, 3, 9, 8]	['0', '1', '0', '0', '1', '1', '1', '0', '1', '0', '0']	0	0.6867148235630368	0.75	1	234.752	3629	0	1.0	234.752	6	7	3	4	1	0.8590790799744615	0.996	0.6867148235630368	0.6867148235630368	0.4715772489012128	1
[2, 1, 0, 5, 4, 7, 10, 6, 3, 9]	['1', '1', '1', '1', '1', '0', '1', '1', '0', '1']	1	0.7355245015756045	0.8333333333333334	1	268.14502400000003	3153	0	0.9090909090909091	268.14502400000003	10	11	5	6	1	0.9439661986374323	2.0060000000000002	0.7355245015756045	0.7355245015756045	0.5409962924180414	1
[2, 1, 0, 5, 4, 7, 10, 6]	['0', '0', '0', '1', '0', '0', '1', '1']	1	0.571581865267427	0.6666666666666666	1	271.16057344	2238	0	0.7272727272727273	271.16057344	9	12	4	6	1	0.6933164575278163	1.0060000000000002	0.571581865267427	0.571581865267427	0.32670582870259113	1
[2, 1, 0, 5, 4, 7, 10, 6]	['0', '0', '1', '0', '1', '0', '0', '0']	0	0.7548755217840163	0.8888888888888888	1	282.9240060174336	3708	0	0.7272727272727273	282.9240060174336	16	17	8	9	1	0.9728191690190109	3.4909999999999997	0.7548755217840163	0.7548755217840163	0.5698370533886908	1
[2, 1, 0, 5]	['1', '1', '1', '1']	0	0.18662883700185412	0.5403225806451613	1	302.2000126698464	3561	0	0.36363636363636365	302.2000126698464	134	247	67	124	1	0.19713595020445607	4.875999999999998	0.18662883700185412	0.18662883700185412	0.034830322800664636	1
[2, 1, 0, 5, 4, 7, 10]	['0', '1', '1', '1', '1', '0', '0']	0	0.2905696079168086	0.5714285714285714	1	286.4754928488559	2127	0	0.6363636363636364	286.4754928488559	16	27	8	14	1	0.3434973164825241	0.9859999999999998	0.2905696079168086	0.2905696079168086	0.08443069704492787	1
[2, 1, 0, 5, 4, 7, 10, 6, 3]	['1', '0', '0', '0', '0', '0', '1', '0', '1']	0	0.6867148235630368	0.75	1	238.216	2883	0	0.8181818181818182	238.216	6	7	3	4	1	0.8590790799744615	0.996	0.6867148235630368	0.6867148235630368	0.4715772489012128	1
[5, 6]	add(sin(ARG6), sin(ARG5))	None	0.6963176792602728	0.569	3	305.2516150116067	3993	25	11.0	915.7548450348202	2258	3975	1138	2000	1	0.33845207904085745	139.03848075962026	0.6963176792602728	0.6963176792602728	0.4848583104504121	1
[8, 0]	add(protectedDiv(ARG8, 5), protectedDiv(-5, ARG0))	None	0.20864366633734643	0.5205	1	305.2516150116067	3979	31	11.0	305.2516150116067	2064	3969	1041	2000	1	0.10349709242462958	40.98700649675175	0.20864366633734643	0.20864366633734643	0.04353217950268995	1
[2, 1, 0, 4, 7]	['0', '0', '1', '0', '0']	0	1.0	1.0	2	306.7116018149103	3964	51	0.45454545454545453	613.4232036298206	141	141	72	72	1	1.00000000000145	35.928	1.0	1.0	1.0	1
[2, 7]	sub(sin(ARG2), neg(ARG7))	None	0.6181358690768417	0.561	2	305.2516150116067	3999	76	11.0	610.5032300232134	2193	3924	1122	2000	1	0.3018629241949075	122.97051474262867	0.6181358690768417	0.6181358690768417	0.3820919526393824	1
[4]	sin(sin(ARG4))	None	0.5595093281643826	0.5555	1	305.2516150116067	3999	84	11.0	305.2516150116067	2171	3916	1111	2000	1	0.2742295720661294	110.98500749625191	0.5595093281643826	0.5595093281643826	0.3130506883029588	1
[8, 9, 10, 5, 0]	add(sin(sub(ARG10, ARG5)), add(cos(ARG9), protectedDiv(ARG8, ARG0)))	None	0.09105650755289325	0.508	1	305.2516150116067	3999	131	11.0	305.2516150116067	1956	3869	1016	2000	1	0.04519160907150052	17.880059970015054	0.09105650755289325	0.09105650755289325	0.008291287567730106	1
[8, 0, 4]	sin(mul(mul(ARG8, ARG4), ARG0))	None	0.22647308350159154	0.523	1	305.2516150116067	3979	180	11.0	305.2516150116067	2005	3820	1046	2000	1	0.11239615332559803	44.47176411794101	0.22647308350159154	0.22647308350159154	0.05129005755071885	1
[9, 2, 3]	sub(protectedDiv(ARG2, ARG2), sub(ARG3, ARG9))	None	0.08644217580240597	0.508	1	305.2516150116067	3999	189	11.0	305.2516150116067	1926	3811	1016	2000	1	0.04292456499086892	16.966516741629334	0.08644217580240597	0.08644217580240597	0.007472249757454061	1
[8, 0, 4]	mul(add(ARG8, ARG4), cos(ARG0))	None	0.48521250991231346	0.5475	1	305.2516150116067	3999	249	11.0	305.2516150116067	2051	3751	1095	2000	1	0.23850986193680127	96.02248875562213	0.48521250991231346	0.48521250991231346	0.2354311797754069	1
[8, 2, 6]	sub(protectedDiv(ARG2, ARG8), cos(ARG6))	None	0.7279782574896826	0.573	3	305.2516150116067	3993	249	11.0	915.7548450348202	2151	3751	1146	2000	1	0.3534056323800029	145.50124937531234	0.7279782574896826	0.7279782574896826	0.5299523433777146	1
[10, 7]	add(add(ARG7, ARG10), protectedDiv(ARG10, 1))	None	0.5692064806013473	0.556	1	305.2516150116067	3999	269	11.0	305.2516150116067	2078	3731	1112	2000	1	0.2786920499482414	113.00249875062468	0.5692064806013473	0.5692064806013473	0.32399601755857194	1
[10, 5]	add(sin(sin(ARG5)), ARG10)	None	0.6717722002698093	0.5665	1	305.2516150116067	3999	311	11.0	305.2516150116067	2092	3689	1133	2000	1	0.327030806109988	133.9725137431284	0.6717722002698093	0.6717722002698093	0.45127788905534083	1
[4, 6]	sin(sub(ARG4, neg(ARG6)))	None	0.5937457230624419	0.5585	1	305.2516150116067	3999	321	11.0	305.2516150116067	2049	3679	1117	2000	1	0.29033501290849434	117.99450274862568	0.5937457230624419	0.5937457230624419	0.35253398365494193	1
[1, 4, 6, 7]	protectedDiv(sub(ARG1, mul(ARG4, ARG4)), protectedDiv(ARG6, ARG7))	None	0.1671416011149553	0.5165	1	305.2516150116067	3993	329	11.0	305.2516150116067	1896	3671	1033	2000	1	0.08297513100365854	32.813093453273154	0.1671416011149553	0.1671416011149553	0.027936314823270827	1
[2, 1, 5, 7, 6, 3, 9]	['1', '1', '1', '1', '0', '1', '0']	0	0.985916262859	1.0	1	298.7893927025244	3539	344	0.6363636363636364	298.7893927025244	37	37	20	20	1	1.00000000000145	9.98	0.985916262859	0.985916262859	0.9720308773698568	1
[1, 4]	sin(sub(ARG4, ARG1))	None	0.7258693910783475	0.573	1	305.2516150116067	3979	375	11.0	305.2516150116067	2064	3625	1146	2000	1	0.3525186586312374	145.03548225887073	0.7258693910783475	0.7258693910783475	0.526886372904451	1
[10, 7]	sub(sin(ARG10), neg(ARG7))	None	0.5692158423131104	0.556	2	305.2516150116067	3999	421	11.0	610.5032300232134	1990	3579	1112	2000	1	0.2786961995352571	113.00449775112452	0.5692158423131104	0.5692158423131104	0.32400667514022374	1
[2, 0, 5, 4, 7, 10]	['1', '1', '1', '1', '0', '0']	0	0.7689725744368621	0.8	1	301.1497076862421	3561	450	0.5454545454545454	301.1497076862421	41	53	24	30	1	0.9170609631252903	8.97	0.7689725744368621	0.7689725744368621	0.5913188202360554	1
[7]	sin(ARG7)	None	0.5098000723059062	0.5505	3	305.2516150116067	3979	460	11.0	915.7548450348202	1952	3540	1101	2000	1	0.25047021854003987	100.929035482259	0.5098000723059062	0.5098000723059062	0.25989611372310717	1
[4]	sub(mul(1, ARG4), neg(ARG4))	None	0.5595187115844181	0.5555	2	305.2516150116067	3999	503	11.0	610.5032300232134	1943	3497	1111	2000	1	0.2742337456001025	110.98700649675175	0.5595187115844181	0.5595187115844181	0.3130611886130873	1
[8, 4, 6]	mul(add(ARG8, ARG4), ARG6)	None	0.6847207754542369	0.5685	2	305.2516150116067	3979	519	11.0	610.5032300232134	1979	3481	1137	2000	1	0.3333209525084499	136.5592203898052	0.6847207754542369	0.6847207754542369	0.4688425403386515	1
[8, 9]	sin(mul(ARG9, ARG8))	None	0.6187108986758527	0.562	1	305.2516150116067	3979	542	11.0	305.2516150116067	1949	3458	1124	2000	1	0.302457100097198	122.98350824587715	0.6187108986758527	0.6187108986758527	0.3828031761402813	1
[1, 10, 2, 5]	sin(add(ARG1, sub(ARG5, sub(ARG10, ARG2))))	None	0.42407899079944883	0.5415	1	305.2516150116067	3999	543	11.0	305.2516150116067	1873	3457	1083	2000	1	0.20900828777865613	83.74662668665667	0.42407899079944883	0.42407899079944883	0.179842990437479	1
[2, 0, 4, 7, 8]	['0', '0', '0', '0', '1']	1	0.3945904235080658	0.5932203389830508	1	303.8892471554539	3745	543	0.45454545454545453	303.8892471554539	57	97	35	59	1	0.4442766460413251	5.559000000000001	0.3945904235080658	0.3945904235080658	0.1557016023242747	1
[1, 4]	sin(add(ARG1, sin(ARG4)))	None	0.6478588869120744	0.564	3	305.2516150116067	3999	559	11.0	915.7548450348202	1931	3441	1128	2000	1	0.3158250418058825	129.06246876561738	0.6478588869120744	0.6478588869120744	0.419721137350952	1
[10, 4, 6]	mul(mul(ARG6, ARG10), protectedDiv(ARG4, ARG10))	None	0.4683728079217845	0.547	1	305.2516150116067	3979	559	11.0	305.2516150116067	1888	3441	1094	2000	1	0.23070875903027538	92.53573213393315	0.4683728079217845	0.4683728079217845	0.21937308720053683	1
[8, 6]	add(sin(ARG6), ARG8)	None	0.6523993643460013	0.5645	2	305.2516150116067	3993	565	11.0	610.5032300232134	1946	3435	1129	2000	1	0.3179658279702702	129.99050474762623	0.6523993643460013	0.6523993643460013	0.4256249305990666	1
[2, 1, 5, 4, 7]	['1', '0', '0', '1', '1']	1	0.8580576354947865	0.7901234567901234	1	304.27507213431375	3758	577	0.45454545454545453	304.27507213431375	109	136	64	81	1	0.9083872011548103	23.581000000000003	0.8580576354947865	0.8580576354947865	0.7362629058309039	1
[0, 9, 6]	sub(protectedDiv(mul(ARG9, ARG6), ARG0), cos(ARG6))	None	0.9967139481331199	0.6015	1	305.2516150116067	3993	589	11.0	305.2516150116067	2060	3411	1203	2000	1	0.4736076103864469	202.53323338330824	0.9967139481331199	0.9967139481331199	0.9934386944031116	1
[2, 0, 4, 10, 6]	['1', '0', '1', '0', '1']	1	0.9972921909652342	1.0	1	304.36590352934866	3758	657	0.45454545454545453	304.36590352934866	109	109	65	65	1	1.00000000000145	32.565	0.9972921909652342	0.9972921909652342	0.9945917141602373	1
[1, 2, 3, 5, 7]	sub(sin(add(sub(cos(mul(ARG2, ARG3)), ARG5), ARG7)), ARG1)	None	0.32740357337421094	0.5325	1	305.2516150116067	3979	657	11.0	305.2516150116067	1779	3343	1065	2000	1	0.161998203516228	64.44927536231899	0.32740357337421094	0.32740357337421094	0.10719309985820233	1
[4]	mul(sin(ARG4), ARG4)	None	0.5595093281643826	0.5555	1	305.2516150116067	3999	661	11.0	305.2516150116067	1851	3339	1111	2000	1	0.2742295720661294	110.98500749625191	0.5595093281643826	0.5595093281643826	0.3130506883029588	1
[2, 6]	sub(protectedDiv(ARG2, cos(ARG6)), cos(ARG6))	None	0.7450591611100513	0.575	1	305.2516150116067	3964	676	11.0	305.2516150116067	1920	3324	1150	2000	1	0.3613755144856193	149.0194902548726	0.7450591611100513	0.7450591611100513	0.5551131535540135	1
[0]	sub(protectedDiv(1, ARG0), ARG0)	None	0.20864366633734643	0.5205	1	305.2516150116067	3979	676	11.0	305.2516150116067	1724	3324	1041	2000	1	0.10349709242462958	40.98700649675175	0.20864366633734643	0.20864366633734643	0.04353217950268995	1
[8, 5]	sin(add(sin(ARG5), ARG8))	None	0.5740809267480579	0.5565	1	305.2516150116067	3979	693	11.0	305.2516150116067	1835	3307	1113	2000	1	0.281009741298533	113.99250374812584	0.5740809267480579	0.5740809267480579	0.329568910455909	1
[0, 5]	sub(protectedDiv(1, ARG0), cos(ARG5))	None	0.6331383101360356	0.563	3	305.2516150116067	3979	719	11.0	915.7548450348202	1867	3281	1126	2000	1	0.3090905678995067	125.98700649675175	0.6331383101360356	0.6331383101360356	0.4008641197619148	1
[0, 9, 6, 7]	sub(protectedDiv(mul(ARG9, mul(ARG7, ARG9)), ARG0), cos(ARG6))	None	0.9999996262682591	0.602	1	305.2516150116067	3979	733	11.0	305.2516150116067	1980	3267	1204	2000	1	0.4750987726241534	203.22338830584704	0.9999996262682591	0.9999996262682591	0.9999992525366579	1
[6]	sin(sin(ARG6))	None	0.6089068468720764	0.5605	1	305.2516150116067	3993	733	11.0	305.2516150116067	1844	3267	1121	2000	1	0.2976573953886496	121.03698150924538	0.6089068468720764	0.6089068468720764	0.3707675481676943	1
[1, 5, 4, 7, 9, 10]	['0', '1', '1', '1', '1', '0']	1	0.7981143918098204	0.84375	1	299.64102143731225	3773	735	0.5454545454545454	299.64102143731225	39	47	27	32	1	0.9506250579728789	11.032	0.7981143918098204	0.7981143918098204	0.6369865824139594	1
[8, 0, 5]	sub(protectedDiv(ARG8, ARG0), cos(ARG5))	None	0.9918174955652187	0.601	3	305.2516150116067	3979	755	11.0	915.7548450348202	1958	3245	1202	2000	1	0.4715127455684379	201.46326836581716	0.9918174955652187	0.9918174955652187	0.9837019445092626	1
[2, 6]	sub(protectedDiv(ARG2, 1), cos(ARG6))	None	0.7450591611100513	0.575	1	305.2516150116067	3964	755	11.0	305.2516150116067	1877	3245	1150	2000	1	0.3613755144856193	149.0194902548726	0.7450591611100513	0.7450591611100513	0.5551131535540135	1
[1, 2, 7]	add(sub(sin(ARG2), neg(ARG7)), ARG1)	None	0.6205722299623904	0.561	1	305.2516150116067	3999	759	11.0	305.2516150116067	1806	3241	1122	2000	1	0.30292583878900525	123.49625187406298	0.6205722299623904	0.6205722299623904	0.3851098926004939	1
[1, 0, 4, 7, 10]	['0', '0', '0', '1', '0']	0	0.8473361663085592	0.8	1	304.61587795543903	3885	789	0.45454545454545453	304.61587795543903	85	108	56	70	1	0.9170609631252903	20.93	0.8473361663085592	0.8473361663085592	0.7179785787344863	1
[8, 10, 3, 4, 7]	mul(sin(mul(ARG7, ARG4)), mul(protectedDiv(ARG10, ARG10), mul(ARG8, ARG3)))	None	0.32146764048102705	0.5325	1	305.2516150116067	3979	810	11.0	305.2516150116067	1714	3190	1065	2000	1	0.1591937233801661	63.23788105947028	0.32146764048102705	0.32146764048102705	0.10334144387643886	1
[9, 5, 7]	sub(sin(mul(ARG7, ARG9)), cos(ARG5))	None	0.5228278045871008	0.5525	1	305.2516150116067	3979	853	11.0	305.2516150116067	1747	3147	1105	2000	1	0.2569156383375206	103.49375312343818	0.5228278045871008	0.5228278045871008	0.2733489132493676	1
[1, 2, 3, 6, 7, 8, 9, 10]	mul(sin(protectedDiv(ARG1, mul(ARG7, ARG9))), mul(protectedDiv(protectedDiv(ARG2, cos(ARG6)), ARG10), mul(ARG8, ARG3)))	None	0.3386791542656896	0.534	1	305.2516150116067	3979	876	11.0	305.2516150116067	1679	3124	1068	2000	1	0.16759339707291773	66.6636681659171	0.3386791542656896	0.3386791542656896	0.11470356953412279	1
[10, 6]	sub(ARG10, cos(ARG6))	None	0.6042505873459201	0.5605	2	305.2516150116067	3979	876	11.0	610.5032300232134	1773	3124	1121	2000	1	0.2956159123168831	120.03548225887073	0.6042505873459201	0.6042505873459201	0.36511877230788936	1
[2, 0, 5, 7]	['0', '1', '1', '0']	0	0.8955102426985534	0.7786259541984732	1	306.41812119420587	3964	910	0.36363636363636365	306.41812119420587	161	206	102	131	1	0.8953562585362057	36.369	0.8955102426985534	0.8955102426985534	0.801938594778022	1
[8, 1, 10, 3, 4]	mul(sin(protectedDiv(ARG1, ARG1)), mul(protectedDiv(ARG10, ARG4), mul(ARG8, ARG3)))	None	0.3994279360062003	0.54	1	305.2516150116067	3979	914	11.0	305.2516150116067	1683	3086	1080	2000	1	0.19725124807909847	78.75162418790592	0.3994279360062003	0.3994279360062003	0.15954267606217323	1
[1, 3, 7]	mul(add(ARG7, ARG1), sin(ARG3))	None	0.4431385441864263	0.544	1	305.2516150116067	3999	928	11.0	305.2516150116067	1693	3072	1088	2000	1	0.2183871303309719	87.51524237881051	0.4431385441864263	0.4431385441864263	0.1963717693436653	1
[6]	sin(ARG6)	None	0.6089161347105925	0.5605	3	305.2516150116067	3993	957	11.0	915.7548450348202	1722	3043	1121	2000	1	0.2976614634841739	121.0389805097451	0.6089161347105925	0.6089161347105925	0.37077885911088837	1
[0, 4, 6, 7, 9, 10]	mul(add(cos(mul(ARG9, add(protectedDiv(mul(ARG0, ARG4), ARG6), ARG10))), sub(3, ARG7)), sin(sin(ARG9)))	None	0.6477324866911248	0.5645	2	305.2516150116067	3999	957	11.0	610.5032300232134	1720	3043	1129	2000	1	0.3159496971235749	128.9770114942528	0.6477324866911248	0.6477324866911248	0.4195573743150682	1
[5]	sin(ARG5)	None	0.6331475502635803	0.563	3	305.2516150116067	3979	961	11.0	915.7548450348202	1725	3039	1126	2000	1	0.3090945833638235	125.98900549725136	0.6331475502635803	0.6331475502635803	0.40087582040477293	1
[9, 7]	sub(sin(mul(ARG7, ARG9)), cos(ARG7))	None	0.633320164802678	0.5635	2	305.2516150116067	3979	961	11.0	610.5032300232134	1714	3039	1127	2000	1	0.3093452301378279	125.96951524237875	0.633320164802678	0.633320164802678	0.40109443114569127	1
[8, 4]	sin(add(ARG8, ARG4))	None	0.48521250991231346	0.5475	1	305.2516150116067	3999	999	11.0	305.2516150116067	1630	3001	1095	2000	1	0.23850986193680127	96.02248875562213	0.48521250991231346	0.48521250991231346	0.2354311797754069	1
[8, 5, 6]	mul(sin(add(ARG6, ARG5)), cos(ARG8))	None	0.6963267887697714	0.569	2	305.2516150116067	3993	999	11.0	610.5032300232134	1716	3001	1138	2000	1	0.3384559504170255	139.04047976011987	0.6963267887697714	0.6963267887697714	0.4848709967584218	1
[1, 0, 5, 4, 10, 8]	['0', '0', '1', '1', '1', '0']	1	0.6725286121098869	0.7058823529411765	1	302.88176565163786	3263	1010	0.5454545454545454	302.88176565163786	38	55	24	34	1	0.7853605636605336	7.033999999999999	0.6725286121098869	0.6725286121098869	0.4522947341064507	1
[9, 5, 7]	sub(sin(mul(ARG7, ARG9)), cos(ARG5))	None	0.5228278045871008	0.5525	1	305.2516150116067	3979	1067	11.0	305.2516150116067	1625	2933	1105	2000	1	0.2569156383375206	103.49375312343818	0.5228278045871008	0.5228278045871008	0.2733489132493676	1
[0, 8, 4, 7]	mul(cos(ARG0), protectedDiv(ARG8, cos(mul(ARG7, ARG4))))	None	0.5792822070295184	0.5575	3	305.2516150116067	3979	1090	11.0	915.7548450348202	1608	2910	1115	2000	1	0.2836308294189761	115.00099950024992	0.5792822070295184	0.5792822070295184	0.3355678753809898	1
[1, 3, 5, 7, 8, 10]	mul(sin(protectedDiv(ARG1, mul(ARG7, sin(sin(ARG5))))), mul(protectedDiv(ARG10, ARG10), mul(ARG8, ARG3)))	None	0.42009392869088047	0.542	2	305.2516150116067	3979	1118	11.0	610.5032300232134	1562	2882	1084	2000	1	0.20728560151260245	82.88155922038993	0.42009392869088047	0.42009392869088047	0.17647890892293858	1
[2, 4]	mul(mul(ARG4, ARG4), sub(3, ARG2))	None	0.5595093281643826	0.5555	1	305.2516150116067	3999	1139	11.0	305.2516150116067	1599	2861	1111	2000	1	0.2742295720661294	110.98500749625191	0.5595093281643826	0.5595093281643826	0.3130506883029588	1
[10, 4]	sin(add(ARG4, ARG10))	None	0.6375892423961211	0.563	1	305.2516150116067	3999	1139	11.0	305.2516150116067	1610	2861	1126	2000	1	0.31102292278055593	126.95052473763121	0.6375892423961211	0.6375892423961211	0.40652004201925973	1
[9, 10, 4]	sin(mul(ARG9, add(ARG4, ARG10)))	None	0.7326611263418845	0.5735	1	305.2516150116067	3999	1313	11.0	305.2516150116067	1532	2687	1147	2000	1	0.3555737654525406	146.47126436781605	0.7326611263418845	0.7326611263418845	0.5367923260525589	1
[9, 6]	sub(protectedDiv(mul(ARG9, ARG6), ARG6), cos(ARG6))	None	0.6482881227123625	0.565	3	305.2516150116067	3993	1321	11.0	915.7548450348202	1523	2679	1130	2000	1	0.3163695848671554	129.03948025987006	0.6482881227123625	0.6482881227123625	0.42027749004991916	1
[1, 2, 10, 4]	mul(mul(ARG2, ARG10), protectedDiv(ARG4, ARG1))	None	0.308709475474093	0.531	2	305.2516150116067	3999	1392	11.0	610.5032300232134	1414	2608	1062	2000	1	0.1528896868420983	60.72363818090946	0.308709475474093	0.308709475474093	0.09530154024748963	1
[2, 1, 0, 5, 4, 7, 10]	['0', '1', '1', '0', '1', '1', '1']	0	0.3927904641600949	0.6	1	288.36971702894596	3068	1451	0.6363636363636364	288.36971702894596	11	18	9	15	1	0.46518607208595864	1.4850000000000003	0.3927904641600949	0.3927904641600949	0.1542843487351028	1
[8, 5, 6]	add(sin(ARG5), protectedDiv(ARG8, cos(ARG6)))	None	0.5740902791659925	0.5565	1	305.2516150116067	3979	1493	11.0	305.2516150116067	1399	2507	1113	2000	1	0.2810138806332857	113.99450274862568	0.5740902791659925	0.5740902791659925	0.32957964863288725	1
[0, 2]	sub(protectedDiv(ARG2, ARG0), ARG0)	None	0.20864366633734643	0.5205	3	305.2516150116067	3979	1539	11.0	915.7548450348202	1291	2461	1041	2000	1	0.10349709242462958	40.98700649675175	0.20864366633734643	0.20864366633734643	0.04353217950268995	1
[2, 1, 0, 5, 4, 7]	['0', '0', '0', '0', '0', '0']	0	0.1744912960875593	0.5416666666666666	1	298.1235865453727	3657	1632	0.5454545454545454	298.1235865453727	16	29	13	24	1	0.20369432652237168	0.9759999999999991	0.1744912960875593	0.1744912960875593	0.030447212410316293	1
[2, 1, 0, 5, 4, 7, 10, 6, 3]	['0', '0', '0', '0', '1', '1', '1', '1', '0']	0	0.9847770631884929	1.0	1	282.04	3399	1664	0.8181818181818182	282.04	6	6	4	4	1	1.00000000000145	1.996	0.9847770631884929	0.9847770631884929	0.969785864182153	1
[2, 1, 0, 5, 4, 7, 10, 6]	['1', '1', '1', '0', '1', '0', '0', '0']	0	0.9849195352061082	1.0	1	286.8864256	3668	1672	0.7272727272727273	286.8864256	11	11	8	8	1	1.00000000000145	3.992	0.9849195352061082	0.9849195352061082	0.9700664908306162	1
[2, 1, 0, 5, 4, 7, 10, 6]	['1', '1', '0', '0', '0', '0', '1', '0']	0	0.9847770631884929	1.0	1	285.8	1675	1675	0.7272727272727273	285.8	6	6	4	4	1	1.00000000000145	1.996	0.9847770631884929	0.9847770631884929	0.969785864182153	1
[2, 1, 0, 5, 4, 7, 10, 6, 3]	['0', '0', '0', '0', '0', '1', '1', '0', '0']	0	0.9847562842970772	1.0	1	281.75	3680	1680	0.8181818181818182	281.75	4	4	3	3	1	1.00000000000145	1.4969999999999999	0.9847562842970772	0.9847562842970772	0.9697449394625859	1
[2, 1, 0, 5, 4]	['0', '0', '0', '0', '0']	0	0.2946857158745131	0.5689655172413793	1	303.68667098640964	3828	1699	0.45454545454545453	303.68667098640964	39	69	33	58	1	0.3323805258242667	3.942	0.2946857158745131	0.2946857158745131	0.08683967114047425	1
[0, 7, 1]	['1', '0', '0']	0	1.0	0.7655677655677655	1	306.46140709911134	3964	1728	0.2727272727272727	306.46140709911134	251	325	209	273	1	0.8799210465410711	72.227	1.0	1.0	1.0	1
[10, 2, 6]	mul(mul(ARG6, ARG10), ARG2)	None	0.7620559612787338	0.577	2	305.2516150116067	3979	1731	11.0	610.5032300232134	1317	2269	1154	2000	1	0.369283507694155	152.52773613193403	0.7620559612787338	0.7620559612787338	0.580729288120455	1
[8, 5, 6]	mul(sin(add(ARG6, ARG5)), cos(ARG8))	None	0.6963267887697714	0.569	2	305.2516150116067	3993	1738	11.0	610.5032300232134	1287	2262	1138	2000	1	0.3384559504170255	139.04047976011987	0.6963267887697714	0.6963267887697714	0.4848709967584218	1
[2, 1, 0, 5, 4, 7, 10, 6, 3, 9]	['0', '1', '1', '1', '1', '1', '0', '1', '0', '0']	0	0.984803778261812	1.0	1	280.912	3492	1789	0.9090909090909091	280.912	7	7	5	5	1	1.00000000000145	2.495	0.984803778261812	0.984803778261812	0.9698384816787401	1
[2, 1, 0, 5, 4, 7, 10, 6]	['0', '1', '1', '0', '1', '1', '0', '0']	0	0.651406661517598	0.7142857142857143	1	279.64	3790	1790	0.7272727272727273	279.64	6	8	5	7	1	0.7996237611519422	1.4929999999999999	0.651406661517598	0.651406661517598	0.42433063866950244	1
[0, 2, 4, 6, 9, 10]	sub(protectedDiv(ARG2, mul(ARG9, add(protectedDiv(mul(ARG0, ARG4), ARG6), ARG10))), cos(ARG6))	None	0.3987289249771031	0.5395	2	305.2516150116067	3993	1796	11.0	610.5032300232134	1195	2204	1079	2000	1	0.19681528352349328	78.64317841079469	0.3987289249771031	0.3987289249771031	0.1589847556133963	1
[2, 1, 0, 5, 4, 7, 10, 6]	['1', '1', '0', '0', '0', '0', '0', '0']	0	0.9849195352061082	1.0	1	287.27916799999997	3337	1799	0.7272727272727273	287.27916799999997	10	10	8	8	1	1.00000000000145	3.992	0.9849195352061082	0.9849195352061082	0.9700664908306162	1
[2, 1, 0, 5, 4, 7, 10, 6, 3]	['0', '0', '0', '0', '1', '0', '1', '1', '0']	0	0.984803778261812	1.0	1	280.84000000000003	2969	1810	0.8181818181818182	280.84000000000003	6	6	5	5	1	1.00000000000145	2.495	0.984803778261812	0.984803778261812	0.9698384816787401	1
[2, 0, 5, 4]	['1', '0', '1', '0']	0	0.8916443817801168	0.7787610619469026	1	304.129717325675	3885	1885	0.36363636363636365	304.129717325675	96	123	88	113	1	0.8955068686269706	31.387	0.8916443817801168	0.8916443817801168	0.7950297035600468	1
[8, 1, 2, 3, 5]	mul(sin(protectedDiv(ARG1, ARG1)), mul(protectedDiv(ARG2, ARG5), mul(ARG8, ARG3)))	None	0.2328471679397594	0.5235	1	305.2516150116067	3979	1886	11.0	305.2516150116067	1119	2114	1047	2000	1	0.11552798639525819	45.73363318340819	0.2328471679397594	0.2328471679397594	0.05421780361756652	1
[2, 1, 0, 5, 4, 7, 10, 6, 3, 9, 8]	['0', '1', '1', '0', '0', '1', '1', '0', '0', '0', '1']	0	0.9847414419633396	1.0	1	283.6666666666667	1898	1898	1.0	283.6666666666667	3	3	2	2	1	1.00000000000145	0.998	0.9847414419633396	0.9847414419633396	0.9697157075200373	1
[8, 5]	add(sin(ARG5), protectedDiv(ARG8, 1))	None	0.5740902791659925	0.5565	2	305.2516150116067	3979	1957	11.0	610.5032300232134	1138	2043	1113	2000	1	0.2810138806332857	113.99450274862568	0.5740902791659925	0.5740902791659925	0.32957964863288725	1
[0, 10, 2, 4, 6]	sub(cos(mul(ARG6, sub(ARG4, protectedDiv(ARG10, ARG0)))), sin(add(ARG2, 2)))	None	0.11450444414831308	0.5105	1	305.2516150116067	3999	1964	11.0	305.2516150116067	1041	2036	1021	2000	1	0.05682917084291257	22.484257871064415	0.11450444414831308	0.11450444414831308	0.01311126772971415	1
[7]	sin(ARG7)	None	0.5098095488125687	0.5505	1	305.2516150116067	3979	1992	11.0	305.2516150116067	1105	2008	1101	2000	1	0.250474494760282	100.9310344827586	0.5098095488125687	0.5098095488125687	0.2599057760604748	1
[0, 5, 7]	sub(protectedDiv(cos(ARG7), ARG0), cos(ARG5))	None	0.29233981933522835	0.529	1	305.2516150116067	3979	1997	11.0	305.2516150116067	1060	2003	1058	2000	1	0.14478394386437102	57.50324837581195	0.29233981933522835	0.29233981933522835	0.08546256996895395	1
[7]	sin(mul(ARG7, ARG7))	None	0.5125397432107985	0.5507753876938469	1	305.2516150116067	3979	2001	11.0	305.2516150116067	1101	1999	1101	1999	0	0.25178438161346706	101.48174087043537	0.5125397432107985	0.5125397432107985	0.2626969883705913	1
[4]	sin(ARG4)	None	0.5672153300245832	0.5562814070351759	2	305.2516150116067	3999	2010	11.0	610.5032300232134	1107	1990	1107	1990	0	0.2778978103493862	112.54874371859295	0.5672153300245832	0.5672153300245832	0.3217332306148969	1
[10, 4]	mul(sin(ARG4), add(ARG4, ARG10))	None	0.5672153300245832	0.5562814070351759	1	305.2516150116067	3999	2010	11.0	305.2516150116067	1107	1990	1107	1990	0	0.2778978103493862	112.54874371859295	0.5672153300245832	0.5672153300245832	0.3217332306148969	1
[8, 4, 6]	sin(add(sin(add(ARG6, ARG4)), ARG8))	None	0.3876667688822889	0.5375	2	305.2516150116067	3999	2080	11.0	610.5032300232134	1032	1920	1032	1920	0	0.19123544882429366	76.49999999999994	0.3876667688822889	0.3876667688822889	0.150285523695634	1
[10, 6, 7]	add(add(ARG7, ARG6), protectedDiv(ARG10, 1))	None	0.41510010583050855	0.5402298850574713	1	305.2516150116067	3999	2086	11.0	305.2516150116067	1034	1914	1034	1914	0	0.20456567358635364	81.97910135841165	0.41510010583050855	0.41510010583050855	0.1723080978604994	1
[8, 5]	add(sin(ARG5), add(sin(ARG5), ARG8))	None	0.560715457746497	0.5551391862955032	1	305.2516150116067	3979	2132	11.0	305.2516150116067	1037	1868	1037	1868	0	0.2746534915848598	111.27837259100639	0.560715457746497	0.560715457746497	0.3144018245558637	1
[2, 1, 0, 5, 4, 7, 10, 6, 3]	['1', '1', '1', '0', '0', '0', '0', '1', '0']	0	0.9847612012869241	1.0	1	283.3333333333333	3979	2142	0.8181818181818182	283.3333333333333	3	3	3	3	0	1.00000000000145	1.6289445048966267	0.9847612012869241	0.9847612012869241	0.9697546235600659	1
[4, 5]	sub(mul(ARG5, ARG4), neg(ARG4))	None	0.5459314378005756	0.5541195476575121	1	305.2516150116067	3999	2143	11.0	305.2516150116067	1029	1857	1029	1857	0	0.26775385000301966	108.2337102854067	0.5459314378005756	0.5459314378005756	0.2980411347790038	1
[2, 4, 5]	mul(mul(ARG4, sin(ARG5)), sub(3, ARG2))	None	0.627118647931164	0.5628476084538376	1	305.2516150116067	3979	2202	11.0	305.2516150116067	1012	1798	1012	1798	0	0.3064181086996716	124.70300333704098	0.627118647931164	0.627118647931164	0.39327779858301126	1
[4]	sin(ARG4)	None	0.5312064767514932	0.5526315789473685	2	305.2516150116067	3999	2214	11.0	610.5032300232134	987	1786	987	1786	0	0.2607180190307687	105.25419932810745	0.5312064767514932	0.5312064767514932	0.2821803209427347	1
[9, 10, 4, 6]	mul(mul(ARG6, mul(ARG9, ARG6)), protectedDiv(ARG4, ARG10))	None	0.5154565573220293	0.5516074450084603	1	305.2516150116067	3993	2227	11.0	305.2516150116067	978	1773	978	1773	0	0.2533376583517574	102.02030456852795	0.5154565573220293	0.5154565573220293	0.2656954624862785	1
[8]	sin(ARG8)	None	0.5681768592809187	0.5563739376770538	1	305.2516150116067	3979	2235	11.0	305.2516150116067	982	1765	982	1765	0	0.2783536222068563	112.74447592067997	0.5681768592809187	0.5681768592809187	0.3228249434223288	1
[0, 9, 4, 6, 7]	mul(cos(ARG0), protectedDiv(mul(ARG9, ARG6), cos(mul(ARG7, ARG4))))	None	0.6636932332179247	0.56657223796034	2	305.2516150116067	3993	2235	11.0	610.5032300232134	1000	1765	1000	1765	0	0.3235875760333116	132.20283286118965	0.6636932332179247	0.6636932332179247	0.44048870781926264	1
[7]	sub(sin(neg(ARG7)), neg(ARG7))	None	0.5457512083831312	0.554140127388535	1	305.2516150116067	3979	2273	11.0	305.2516150116067	957	1727	957	1727	0	0.2676796093376645	108.19339895773025	0.5457512083831312	0.5457512083831312	0.2978443814516479	1
[1, 5, 7]	['0', '1', '0']	0	0.5324969884916195	0.6173913043478261	1	307.1174125701206	3964	2282	0.2727272727272727	307.1174125701206	142	230	142	230	0	0.5320533233767499	31.218658892128275	0.5324969884916195	0.5324969884916195	0.283553042752644	1
[9, 7]	sub(sin(mul(ARG7, ARG9)), cos(ARG9))	None	0.6559465239125962	0.5658129839189994	1	305.2516150116067	3979	2321	11.0	305.2516150116067	950	1679	950	1679	0	0.31997206236686104	130.6075044669446	0.6559465239125962	0.6559465239125962	0.43026584223301817	1
[9, 10, 4, 7]	sin(mul(mul(ARG7, ARG9), add(ARG4, ARG10)))	None	0.6016675167437732	0.5603864734299517	1	305.2516150116067	3979	2344	11.0	305.2516150116067	928	1656	928	1656	0	0.2944436676925312	119.49275362318862	0.6016675167437732	0.6016675167437732	0.3620038007046186	1
[9]	sub(sin(ARG9), cos(ARG9))	None	0.6665627781628786	0.5664251207729468	2	305.2516150116067	3999	2344	11.0	610.5032300232134	938	1656	938	1656	0	0.32476727173592823	132.84541062801958	0.6665627781628786	0.6665627781628786	0.44430593723221484	1
[2, 1, 0, 5, 4, 7]	['0', '0', '1', '0', '1', '1']	1	0.986350794546749	1.0	1	294.7588110807859	3695	2385	0.5454545454545454	294.7588110807859	18	18	18	18	0	1.00000000000145	11.666235446313067	0.986350794546749	0.986350794546749	0.9728878899030031	1
[8, 6]	sub(ARG8, cos(ARG6))	None	0.5005146350885639	0.55	1	305.2516150116067	3979	2440	11.0	305.2516150116067	858	1560	858	1560	0	0.24613309000593342	99.01794871794863	0.5005146350885639	0.5005146350885639	0.25051489993783826	1
[7]	sin(ARG7)	None	0.5382125510917738	0.5533726260641781	2	305.2516150116067	3979	2473	11.0	610.5032300232134	845	1527	845	1527	0	0.264077571460886	106.66797642436168	0.5382125510917738	0.5382125510917738	0.2896727501527152	1
[2, 1, 0, 5, 4, 7]	['0', '0', '1', '1', '0', '1']	1	0.9904222965689454	1.0	1	299.0198620631442	3527	2480	0.5454545454545454	299.0198620631442	33	33	33	33	0	1.00000000000145	21.883520847121112	0.9904222965689454	0.9904222965689454	0.980936325540904	1
[4]	sub(ARG4, neg(ARG4))	None	0.561418546907293	0.5557029177718833	1	305.2516150116067	3999	2492	11.0	305.2516150116067	838	1508	838	1508	0	0.2751417484985593	111.37135278514579	0.561418546907293	0.561418546907293	0.3151907848114963	1
[10, 6, 7]	add(add(ARG7, ARG10), protectedDiv(ARG6, 1))	None	0.4333014801586575	0.5420560747663551	1	305.2516150116067	3999	2502	11.0	305.2516150116067	812	1498	812	1498	0	0.21338996561219112	85.62082777036048	0.4333014801586575	0.4333014801586575	0.18775017270768346	1
[8, 0, 4]	sin(mul(mul(ARG8, ARG4), ARG0))	None	0.27889116569472716	0.528173794976239	1	305.2516150116067	3979	2527	11.0	305.2516150116067	778	1473	778	1473	0	0.13824859141687706	54.81737949762395	0.27889116569472716	0.27889116569472716	0.07778028230256376	1
[1, 0, 4, 7, 6]	['0', '0', '0', '1', '1']	0	0.811999639350171	0.7708333333333334	1	304.32883460816373	3885	2559	0.45454545454545453	304.32883460816373	37	48	37	48	0	0.8863585722616761	18.582496413199422	0.811999639350171	0.811999639350171	0.6593434143048078	1
[8, 3, 7]	mul(add(ARG7, ARG8), sin(ARG3))	None	0.7984281770453762	0.5803757828810021	1	305.2516150116067	3979	2563	11.0	305.2516150116067	834	1437	834	1437	0	0.3857170730075957	160.19345859429356	0.7984281770453762	0.7984281770453762	0.6374875539000026	1
[8, 5, 7]	mul(add(ARG7, ARG5), ARG8)	None	0.6805789201219687	0.5681016231474947	1	305.2516150116067	3979	2583	11.0	305.2516150116067	805	1417	805	1417	0	0.3314004734498327	135.70218772053633	0.6805789201219687	0.6805789201219687	0.4631876665143851	1
[5, 7]	mul(add(ARG7, ARG5), sin(ARG5))	None	0.7796835040443058	0.5781476121562952	1	305.2516150116067	3979	2618	11.0	305.2516150116067	799	1382	799	1382	0	0.37705931313175767	156.30390738060794	0.7796835040443058	0.7796835040443058	0.6079063664788069	1
[3]	sin(ARG3)	None	0.6329191038095744	0.5629522431259045	1	305.2516150116067	3999	2618	11.0	305.2516150116067	778	1382	778	1382	0	0.30897854705736744	125.94500723589003	0.6329191038095744	0.6329191038095744	0.4005865919671148	1
[0, 4, 6]	sub(protectedDiv(ARG4, ARG0), cos(ARG6))	None	0.674625150561151	0.5674690007293947	1	305.2516150116067	3979	2629	11.0	305.2516150116067	778	1371	778	1371	0	0.3286143608406637	134.47848285922674	0.674625150561151	0.674625150561151	0.4551190937696557	1
[8, 5, 7]	mul(add(ARG7, ARG5), sin(ARG8))	None	0.6783115138724136	0.5678650036683786	2	305.2516150116067	3979	2637	11.0	610.5032300232134	774	1363	774	1363	0	0.3303414246570811	135.23550990462218	0.6783115138724136	0.6783115138724136	0.46010650985188556	1
[5]	add(sin(ARG5), protectedDiv(ARG5, 1))	None	0.779531525413553	0.578136463683052	1	305.2516150116067	3979	2637	11.0	305.2516150116067	788	1363	788	1363	0	0.37699193444937085	156.27146001467355	0.779531525413553	0.779531525413553	0.6076693991135808	1
[4, 5, 6]	sub(protectedDiv(ARG4, sin(ARG5)), cos(ARG6))	None	0.6831901909132521	0.5681310498883098	1	305.2516150116067	3993	2657	11.0	305.2516150116067	763	1343	763	1343	0	0.3325277134883328	136.26954579300073	0.6831901909132521	0.6831901909132521	0.4667488369600858	1
[10, 4]	sin(add(ARG10, sin(ARG4)))	None	0.5119004761037506	0.5502283105022832	1	305.2516150116067	3999	2686	11.0	305.2516150116067	723	1314	723	1314	0	0.25134026194735737	101.39726027397252	0.5119004761037506	0.5119004761037506	0.2620420974352465	1
[10, 5]	sin(add(ARG10, sin(sub(ARG5, ARG10))))	None	0.7048040489087761	0.5699006875477464	1	305.2516150116067	3999	2691	11.0	305.2516150116067	746	1309	746	1309	0	0.3424011105223802	140.78991596638662	0.7048040489087761	0.7048040489087761	0.4967487473582045	1
[0, 4, 5, 6, 7, 9, 10]	mul(add(cos(mul(ARG9, add(protectedDiv(mul(ARG0, ARG4), ARG6), ARG10))), sub(3, ARG7)), sin(sin(mul(ARG7, ARG5))))	None	0.7515942037519409	0.5757109915449654	1	305.2516150116067	3979	2699	11.0	305.2516150116067	749	1301	749	1301	0	0.3643952277402872	150.37509607993843	0.7515942037519409	0.7515942037519409	0.564893847113514	1
[2, 1, 0, 5, 7, 10, 6]	['0', '1', '0', '1', '0', '0', '1']	1	0.9862665132639408	1.0	1	299.21096855540156	3957	2723	0.6363636363636364	299.21096855540156	14	14	14	14	0	1.00000000000145	11.358704453441296	0.9862665132639408	0.9862665132639408	0.972721635185811	1
[10, 2, 4, 7]	protectedDiv(mul(ARG4, neg(ARG7)), sin(sub(ARG10, ARG2)))	None	0.8375995918214798	0.5841194968553459	1	305.2516150116067	3999	2728	11.0	305.2516150116067	743	1272	743	1272	0	0.40327760493682596	168.49371069182394	0.8375995918214798	0.8375995918214798	0.7015730762195096	1
[8, 2, 7]	sub(protectedDiv(ARG2, ARG8), cos(ARG7))	None	0.36228855498648527	0.536	1	305.2516150116067	3979	2750	11.0	305.2516150116067	670	1250	670	1250	0	0.17907490519104596	71.37600000000002	0.36228855498648527	0.36228855498648527	0.13125299707419555	1
[4, 6]	sin(add(ARG4, ARG6))	None	0.5935291960841271	0.5584935897435898	1	305.2516150116067	3999	2752	11.0	305.2516150116067	697	1248	697	1248	0	0.29023764626761994	117.94871794871781	0.5935291960841271	0.5935291960841271	0.35227690660427025	1
[1, 0, 4, 10, 2, 5]	['0', '0', '0', '0', '1', '1']	0	0.9863956902838336	1.0	1	300.1775753519078	3885	2789	0.5454545454545454	300.1775753519078	13	13	13	13	0	1.00000000000145	11.826800364630811	0.9863956902838336	0.9863956902838336	0.9729764578105204	1
[9, 2, 7]	protectedDiv(mul(mul(ARG7, ARG9), -1), sub(ARG2, 5))	None	0.6779382053262251	0.5680672268907563	1	305.2516150116067	3979	2810	11.0	305.2516150116067	676	1190	676	1190	0	0.3302574959837317	135.12941176470596	0.6779382053262251	0.6779382053262251	0.4596002102409429	1
[0, 1, 4, 7]	mul(cos(ARG0), protectedDiv(sub(ARG4, ARG1), cos(mul(ARG7, ARG4))))	None	0.7295329841828073	0.5733905579399141	2	305.2516150116067	3979	2835	11.0	610.5032300232134	668	1165	668	1165	0	0.3542160238362195	145.79399141630893	0.7295329841828073	0.7295329841828073	0.5322183750106722	1
[9, 6]	sin(mul(ARG9, ARG6))	None	0.7792049871884832	0.5785407725321888	1	305.2516150116067	3993	2835	11.0	305.2516150116067	674	1165	674	1165	0	0.3770302830912198	156.14248927038622	0.7792049871884832	0.7792049871884832	0.6071604120594043	1
[9, 7]	sub(ARG9, cos(ARG7))	None	0.6819680304423017	0.5684870188003581	1	305.2516150116067	3979	2883	11.0	305.2516150116067	635	1117	635	1117	0	0.3321397654343278	135.95881826320502	0.6819680304423017	0.6819680304423017	0.46508039454535216	1
[9, 7]	sub(sin(sin(mul(ARG7, ARG9))), cos(ARG9))	None	0.6819680304423017	0.5684870188003581	1	305.2516150116067	3979	2883	11.0	305.2516150116067	635	1117	635	1117	0	0.3321397654343278	135.95881826320502	0.6819680304423017	0.6819680304423017	0.46508039454535216	1
[10, 4]	sin(mul(ARG10, add(ARG4, ARG10)))	None	0.6670307234658335	0.5664527956003667	1	305.2516150116067	3999	2909	11.0	305.2516150116067	618	1091	618	1091	0	0.3249785292675369	132.9440879926672	0.6670307234658335	0.6670307234658335	0.44492998604735323	1
[9, 4]	mul(sin(ARG4), add(ARG4, ARG9))	None	0.5771208734938283	0.5572868927589367	1	305.2516150116067	3999	2909	11.0	305.2516150116067	608	1091	608	1091	0	0.2826064919993671	114.5609532538954	0.5771208734938283	0.5771208734938283	0.33306850262227944	1
[9, 7]	sub(ARG9, cos(ARG7))	None	0.6432187827381884	0.5645161290322581	1	305.2516150116067	3979	2946	11.0	305.2516150116067	595	1054	595	1054	0	0.31400152367591916	127.99620493358626	0.6432187827381884	0.6432187827381884	0.4137304024671969	1
[10, 2, 5, 7]	protectedDiv(protectedDiv(mul(neg(ARG10), neg(ARG7)), sin(sub(ARG10, ARG2))), ARG5)	None	0.3531357819792284	0.534167468719923	1	305.2516150116067	3999	2961	11.0	305.2516150116067	555	1039	555	1039	0	0.17442026060648347	69.61501443695855	0.3531357819792284	0.3531357819792284	0.12470488051408113	1
[2, 1, 0, 5, 4, 7, 10]	['1', '0', '1', '1', '1', '0', '1']	1	0.3016766775253413	0.5714285714285714	1	302.5297866752	3922	2962	0.6363636363636364	302.5297866752	8	14	8	14	0	0.35116479752047797	2.052631578947369	0.3016766775253413	0.3016766775253413	0.09100881776272875	1
[9, 2, 6]	protectedDiv(mul(mul(ARG6, ARG9), -1), sub(ARG2, 5))	None	0.7188526538897497	0.5722599418040737	1	305.2516150116067	3993	2969	11.0	305.2516150116067	590	1031	590	1031	0	0.3492671740485303	143.58292919495648	0.7188526538897497	0.7188526538897497	0.5167491380043363	1
[2, 6, 7]	sub(protectedDiv(ARG2, cos(ARG7)), cos(ARG6))	None	0.6169254187337092	0.5615906886517944	2	305.2516150116067	3964	2969	11.0	610.5032300232134	579	1031	579	1031	0	0.30153657358550856	122.64403491755569	0.6169254187337092	0.6169254187337092	0.38059697227976247	1
[10, 4, 6]	sin(add(sin(add(ARG6, ARG4)), add(ARG10, sin(ARG4))))	None	0.5362245900005708	0.5524475524475524	1	305.2516150116067	3999	2999	11.0	305.2516150116067	553	1001	553	1001	0	0.2629115521986694	106.33566433566433	0.5362245900005708	0.5362245900005708	0.2875368109212802	1
[8, 4, 5]	sin(mul(mul(ARG8, ARG4), sin(sin(ARG5))))	None	0.6878527835050992	0.569327731092437	1	305.2516150116067	3979	3048	11.0	305.2516150116067	542	952	542	952	0	0.33497232490076956	137.14285714285708	0.6878527835050992	0.6878527835050992	0.4731414517757128	1
[0, 4]	sin(mul(cos(ARG0), ARG4))	None	0.654703067406473	0.5652173913043478	1	305.2516150116067	3999	3057	11.0	305.2516150116067	533	943	533	943	0	0.31921934495892973	130.40721102863193	0.654703067406473	0.654703067406473	0.42863610647144473	1
[9, 7]	add(sin(ARG9), protectedDiv(ARG7, 1))	None	0.5059169613272217	0.5496264674493063	1	305.2516150116067	3999	3063	11.0	305.2516150116067	515	937	515	937	0	0.24847061645737972	100.18996798292414	0.5059169613272217	0.5059169613272217	0.2559519717585696	1
[1, 10, 3]	mul(add(ARG10, ARG1), sin(ARG3))	None	0.37135181000448036	0.5368196371398078	1	305.2516150116067	3999	3063	11.0	305.2516150116067	503	937	503	937	0	0.1834835578331399	73.1846318036288	0.37135181000448036	0.37135181000448036	0.13790216679360368	1
[9, 6, 7]	sin(mul(mul(ARG7, ARG9), ARG6))	None	0.5340734314919139	0.5536480686695279	1	305.2516150116067	3979	3068	11.0	305.2516150116067	516	932	516	932	0	0.2623053408405501	105.76394849785407	0.5340734314919139	0.5340734314919139	0.285234430225548	1
[1, 5, 7, 8]	['0', '1', '1', '1']	1	0.8888447968564134	0.7719298245614035	1	304.6756472542628	3773	3082	0.36363636363636365	304.6756472542628	44	57	44	57	0	0.8887351975180385	34.92031425364758	0.8888447968564134	0.8888447968564134	0.7900450728987187	1
[10, 4, 5]	mul(add(ARG4, ARG10), cos(ARG5))	None	0.6340236575928759	0.5626373626373626	1	305.2516150116067	3999	3090	11.0	305.2516150116067	512	910	512	910	0	0.30934787133257624	126.21978021978023	0.6340236575928759	0.6340236575928759	0.40198599838744836	1
[2, 1, 0, 5, 4, 7, 10, 6, 3]	['0', '1', '1', '0', '0', '0', '1', '0', '0']	0	0.7069692973542516	0.75	1	290.5	3104	3104	0.8181818181818182	290.5	3	4	3	4	0	0.8590790799744615	4.358862144420131	0.7069692973542516	0.7069692973542516	0.4998055874015643	1
[4, 7]	sub(sin(neg(ARG4)), neg(ARG7))	None	0.5163100076241602	0.5511627906976744	1	305.2516150116067	3979	3140	11.0	305.2516150116067	474	860	474	860	0	0.2535944419281439	102.24186046511642	0.5163100076241602	0.5163100076241602	0.2665760239728604	1
[10, 6]	sin(mul(ARG10, ARG6))	None	0.8576242636525933	0.5867768595041323	1	305.2516150116067	3979	3153	11.0	305.2516150116067	497	847	497	847	0	0.41252506417896645	172.64935064935068	0.8576242636525933	0.8576242636525933	0.7355193776056528	1
[2, 1, 0, 5, 4, 7, 10, 6, 3]	['0', '0', '0', '1', '1', '1', '1', '1', '0']	0	0.9850227006405399	1.0	1	297.5	3161	3161	0.8181818181818182	297.5	4	4	4	4	0	1.00000000000145	4.9590062111801245	0.9850227006405399	0.9850227006405399	0.9702697207771827	1
[0, 8, 7]	mul(add(ARG7, ARG0), ARG8)	None	0.25293417463148077	0.5251196172248804	1	305.2516150116067	3979	3164	11.0	305.2516150116067	439	836	439	836	0	0.12538920135660486	49.71291866028701	0.25293417463148077	0.25293417463148077	0.0639756966965084	1
[2, 1, 0, 5, 4]	['1', '0', '1', '1', '1']	1	0.15501218971475295	0.5333333333333333	1	305.455452411193	3922	3185	0.45454545454545453	305.455452411193	16	30	16	30	0	0.17196916618127261	2.552664188351919	0.15501218971475295	0.15501218971475295	0.024028778960162558	1
[6]	sub(ARG6, cos(ARG6))	None	0.8496951584580901	0.5854858548585485	1	305.2516150116067	3993	3187	11.0	305.2516150116067	476	813	476	813	0	0.408757455926686	171.03813038130377	0.8496951584580901	0.8496951584580901	0.7219818623071188	1
[10]	sin(ARG10)	None	0.7171741180795372	0.571608040201005	1	305.2516150116067	3999	3204	11.0	305.2516150116067	455	796	455	796	0	0.34830075116097353	143.29648241206027	0.7171741180795372	0.7171741180795372	0.514338715643162	1
[10, 2, 5, 7]	protectedDiv(mul(neg(ARG10), neg(protectedDiv(ARG10, mul(ARG7, cos(ARG5))))), sin(sub(ARG10, ARG2)))	None	0.46300962946305435	0.5452261306532663	1	305.2516150116067	3999	3204	11.0	305.2516150116067	434	796	434	796	0	0.2277991302463512	91.56281407035178	0.46300962946305435	0.46300962946305435	0.2143779169755149	1
[5]	mul(add(ARG5, ARG5), sin(ARG5))	None	0.7897323197121735	0.5792141951837769	1	305.2516150116067	3979	3211	11.0	305.2516150116067	457	789	457	789	0	0.3816495823813667	158.4055766793409	0.7897323197121735	0.7897323197121735	0.6236771367979707	1
[4, 6]	add(sin(ARG4), sin(ARG6))	None	0.6369114592130749	0.562905317769131	1	305.2516150116067	3999	3229	11.0	305.2516150116067	434	771	434	771	0	0.3106955209727078	126.81452658884565	0.6369114592130749	0.6369114592130749	0.4056562068769284	1
[9, 4, 6]	mul(sin(ARG6), add(ARG4, ARG9))	None	0.963874322693366	0.5979247730220493	1	305.2516150116067	3993	3229	11.0	305.2516150116067	461	771	461	771	0	0.4593748696885546	195.41634241245129	0.963874322693366	0.963874322693366	0.9290537099475952	1
[0, 9, 5, 7]	mul(protectedDiv(ARG0, ARG5), mul(mul(ARG9, mul(ARG7, ARG9)), ARG9))	None	0.5202041213130945	0.5521390374331551	1	305.2516150116067	3979	3252	11.0	305.2516150116067	413	748	413	748	0	0.25562987160172734	102.97326203208556	0.5202041213130945	0.5202041213130945	0.2706123278311287	1
[5]	sin(sin(sin(ARG5)))	None	0.8299420733742425	0.5834464043419267	1	305.2516150116067	3979	3263	11.0	305.2516150116067	430	737	430	737	0	0.39988672522413055	166.8575305291722	0.8299420733742425	0.8299420733742425	0.6888038451567365	1
[2, 1, 0, 5, 4, 7, 10, 6, 3]	['0', '0', '0', '1', '1', '1', '1', '0', '0']	0	0.9849427396990117	1.0	1	296.0	3265	3265	0.8181818181818182	296.0	3	3	3	3	0	1.00000000000145	4.228813559322034	0.9849427396990117	0.9849427396990117	0.970112200485795	1
[2, 1, 0, 5, 4, 7, 10]	['0', '0', '0', '0', '1', '1', '0']	0	0.5808874893177862	0.6666666666666666	1	297.08000000000004	3274	3274	0.6363636363636364	297.08000000000004	4	6	4	6	0	0.689704599371707	3.3411764705882345	0.5808874893177862	0.5808874893177862	0.3374302752459212	1
[0, 4, 6, 7, 9, 10]	mul(add(cos(mul(ARG9, add(protectedDiv(mul(ARG0, ARG4), ARG6), ARG10))), sub(3, ARG7)), ARG6)	None	0.7349426115582965	0.5734463276836158	1	305.2516150116067	3993	3292	11.0	305.2516150116067	406	708	406	708	0	0.3565089447227482	146.98305084745772	0.7349426115582965	0.7349426115582965	0.5401406422841292	1
[5, 6]	mul(sin(add(ARG6, ARG5)), cos(ARG5))	None	0.7747136896688077	0.5771428571428572	1	305.2516150116067	3993	3300	11.0	305.2516150116067	404	700	404	700	0	0.3745822570149076	155.33142857142852	0.7747136896688077	0.7747136896688077	0.6001813009602577	1
[10, 4, 7]	sub(sin(add(ARG4, ARG10)), neg(ARG7))	None	0.21337699785553757	0.5202312138728323	1	305.2516150116067	3999	3308	11.0	305.2516150116067	360	692	360	692	0	0.10574884294985495	41.94797687861275	0.21337699785553757	0.21337699785553757	0.04552974321384209	1
[10]	sin(ARG10)	None	0.7376494486066988	0.5736994219653179	1	305.2516150116067	3999	3308	11.0	305.2516150116067	397	692	397	692	0	0.35774554954096105	147.54913294797694	0.7376494486066988	0.7376494486066988	0.5441267090297668	1
[2, 6]	protectedDiv(mul(sin(ARG6), -1), sub(ARG2, 5))	None	0.7415135410371365	0.5741279069767442	1	305.2516150116067	3993	3312	11.0	305.2516150116067	395	688	395	688	0	0.3595367845172326	148.34883720930245	0.7415135410371365	0.7415135410371365	0.5498423315414331	1
[9, 6]	add(sin(ARG6), mul(ARG6, ARG9))	None	0.7415135410371365	0.5741279069767442	1	305.2516150116067	3993	3312	11.0	305.2516150116067	395	688	395	688	0	0.3595367845172326	148.34883720930245	0.7415135410371365	0.7415135410371365	0.5498423315414331	1
[2, 1, 0, 5, 4, 7, 10, 6]	['0', '1', '1', '0', '1', '0', '0', '1']	0	0.5715591590789277	0.6666666666666666	1	297.0	3316	3316	0.7272727272727273	297.0	2	3	2	3	0	0.689704599371707	1.5339506172839503	0.5715591590789277	0.5715591590789277	0.326679872327011	1
[2, 1, 0]	['0', '1', '1']	0	0.3180434787422476	0.5657894736842105	1	303.18862722924143	3804	3342	0.2727272727272727	303.18862722924143	43	76	43	76	0	0.31791270828135837	14.989345509893452	0.3180434787422476	0.3180434787422476	0.1011516543704705	1
[7, 1]	['0', '0']	0	0.8467796914508561	0.6608187134502924	1	306.46624814497744	3964	3349	0.18181818181818182	306.46624814497744	113	171	113	171	0	0.6734395717110581	84.34876543209874	0.8467796914508561	0.8467796914508561	0.717035845853607	1
[9, 5, 7]	sub(sin(mul(ARG7, ARG9)), cos(protectedDiv(ARG5, 1)))	None	0.6144896930014654	0.5617977528089888	1	305.2516150116067	3979	3377	11.0	305.2516150116067	350	623	350	623	0	0.3005423146384036	122.09630818619587	0.6144896930014654	0.6144896930014654	0.3775975828050352	1
[5]	add(sin(ARG5), ARG5)	None	0.8378560535221319	0.5842696629213483	2	305.2516150116067	3979	3377	11.0	610.5032300232134	364	623	364	623	0	0.40344931122636596	168.52969502407709	0.8378560535221319	0.8378560535221319	0.7020027664236815	1
[2, 1, 0, 5, 4, 7, 10, 6]	['1', '1', '0', '0', '0', '1', '0', '1']	1	1.0	1.0	1	294.5	3428	3428	0.7272727272727273	294.5	2	2	2	2	0	1.00000000000145	57.25714285714286	1.0	1.0	1.0	1
[4, 5]	sin(sub(ARG4, sin(ARG5)))	None	0.5737275629306334	0.5569176882661997	1	305.2516150116067	3999	3429	11.0	305.2516150116067	318	571	318	571	0	0.28098644377808496	113.87390542907168	0.5737275629306334	0.5737275629306334	0.32916331646632396	1
[2]	sin(ARG2)	None	0.4626922466968728	0.545774647887324	2	305.2516150116067	3999	3432	11.0	610.5032300232134	310	568	310	568	0	0.22779547286675397	91.45070422535204	0.4626922466968728	0.4626922466968728	0.2140841151533998	1
[2]	['1']	1	0.2705336557955769	0.5365853658536586	1	305.63202950418395	3999	3483	0.09090909090909091	305.63202950418395	132	246	132	246	0	0.1878982991577878	35.767891682785276	0.2705336557955769	0.2705336557955769	0.07318845891811969	1
[10, 4]	mul(add(ARG4, ARG10), cos(ARG10))	None	0.48808943270935135	0.5477582846003899	1	305.2516150116067	3999	3487	11.0	305.2516150116067	281	513	281	513	0	0.23988552013609216	96.60428849902533	0.48808943270935135	0.48808943270935135	0.23823129432253642	1
[4, 5]	sin(add(ARG5, sin(ARG4)))	None	0.6035398085283995	0.5594541910331384	1	305.2516150116067	3999	3487	11.0	305.2516150116067	287	513	287	513	0	0.2949535335301583	119.9961013645224	0.6035398085283995	0.6035398085283995	0.3642603004784971	1
[1, 5]	add(sin(neg(ARG1)), ARG5)	None	0.8230772789892213	0.5826612903225806	1	305.2516150116067	3979	3504	11.0	305.2516150116067	289	496	289	496	0	0.3967584219371015	165.41935483870967	0.8230772789892213	0.8230772789892213	0.6774562071883005	1
[1, 4]	sub(ARG4, neg(ARG1))	None	0.6534847630268112	0.5645833333333333	1	305.2516150116067	3999	3520	11.0	305.2516150116067	271	480	271	480	0	0.318464245706336	130.21666666666673	0.6534847630268112	0.6534847630268112	0.42704233550820764	1
[10, 5]	sin(add(ARG5, ARG10))	None	0.7143293691515196	0.5708245243128964	1	305.2516150116067	3999	3527	11.0	305.2516150116067	270	473	270	473	0	0.3467910083271466	142.76955602536992	0.7143293691515196	0.7143293691515196	0.5102664476324079	1
[5, 6]	add(sin(add(ARG5, ARG5)), sin(ARG6))	None	0.7376046514008798	0.5732758620689655	1	305.2516150116067	3993	3536	11.0	305.2516150116067	266	464	266	464	0	0.3575549213366687	147.594827586207	0.7376046514008798	0.7376046514008798	0.5440606217682135	1
[4, 6, 7, 8, 9, 10]	mul(add(cos(mul(ARG9, add(protectedDiv(add(ARG8, ARG4), ARG6), ARG10))), sub(3, ARG7)), ARG6)	None	0.7062699039356083	0.5704989154013015	1	305.2516150116067	3993	3539	11.0	305.2516150116067	263	461	263	461	0	0.3432549454886072	141.03687635574843	0.7062699039356083	0.7062699039356083	0.49881717720521335	1
[4, 7]	sin(sin(mul(ARG7, ARG4)))	None	0.871028099222002	0.5882352941176471	1	305.2516150116067	3979	3575	11.0	305.2516150116067	250	425	250	425	0	0.4185417439998991	175.48705882352928	0.871028099222002	0.871028099222002	0.7586899496342937	1
[5, 6, 7]	sub(protectedDiv(ARG7, sin(ARG5)), cos(ARG6))	None	0.6163222085631053	0.5612745098039216	1	305.2516150116067	3993	3592	11.0	305.2516150116067	229	408	229	408	0	0.30116478493897386	122.54901960784314	0.6163222085631053	0.6163222085631053	0.3798530647681038	1
[5, 7]	sin(mul(ARG7, ARG5))	None	0.710580630336141	0.5714285714285714	1	305.2516150116067	3979	3608	11.0	305.2516150116067	224	392	224	392	0	0.34544379605328585	141.86734693877557	0.710580630336141	0.710580630336141	0.5049248322089075	1
[2, 5]	sub(ARG2, cos(ARG5))	None	0.39350661905087037	0.5392670157068062	1	305.2516150116067	3979	3618	11.0	305.2516150116067	206	382	206	382	0	0.19433642907790433	77.58115183246065	0.39350661905087037	0.39350661905087037	0.1548474592368468	1
[9, 6]	sub(ARG9, cos(ARG6))	None	0.6878828644705459	0.569060773480663	1	305.2516150116067	3993	3638	11.0	305.2516150116067	206	362	206	362	0	0.334883553604072	137.18232044198916	0.6878828644705459	0.6878828644705459	0.47318283523220345	1
[9, 2, 4]	mul(mul(ARG4, sin(ARG9)), sub(3, ARG2))	None	0.6821976702421209	0.5685131195335277	1	305.2516150116067	3999	3657	11.0	305.2516150116067	195	343	195	343	0	0.3322478027423674	136.00583090379018	0.6821976702421209	0.6821976702421209	0.46539366128377746	1
[9]	sub(sin(ARG9), cos(ARG9))	None	0.536128786474136	0.553125	2	305.2516150116067	3999	3680	11.0	610.5032300232134	177	320	177	320	0	0.26307059941813854	106.25	0.536128786474136	0.536128786474136	0.2874340756862297	1
[1, 5, 7]	mul(protectedDiv(ARG1, add(ARG7, ARG5)), sin(ARG5))	None	1.0	0.6045751633986928	1	305.2516150116067	3979	3694	11.0	305.2516150116067	185	306	185	306	0	0.48481144230933926	208.10457516339852	1.0	1.0	1.0	1
[4, 5]	sub(mul(ARG5, ARG4), ARG4)	None	0.5038191532695482	0.5508196721311476	2	305.2516150116067	3979	3695	11.0	610.5032300232134	168	305	168	305	0	0.2478580758828559	99.63934426229504	0.5038191532695482	0.5038191532695482	0.25383373920124447	1
[4, 5]	sin(sub(neg(ARG4), sin(ARG5)))	None	0.5038191532695482	0.5508196721311476	1	305.2516150116067	3979	3695	11.0	305.2516150116067	168	305	168	305	0	0.2478580758828559	99.63934426229504	0.5038191532695482	0.5038191532695482	0.25383373920124447	1
[2, 4, 6]	mul(sin(ARG6), add(ARG4, ARG2))	None	0.9558325247794852	0.5970695970695971	1	305.2516150116067	3964	3727	11.0	305.2516150116067	163	273	163	273	0	0.4558768598872613	193.67765567765554	0.9558325247794852	0.9558325247794852	0.9136158154263252	1
[2, 5, 6]	sub(protectedDiv(ARG2, sin(ARG5)), cos(ARG6))	None	0.28380715543107143	0.5278810408921933	1	305.2516150116067	3993	3731	11.0	305.2516150116067	142	269	142	269	0	0.1405453231468291	55.82899628252799	0.28380715543107143	0.28380715543107143	0.08054650147387633	1
[2, 0, 5, 9, 6]	['0', '0', '1', '1', '0']	1	0.8325399065870718	0.7777777777777778	1	304.83579929948496	3882	3745	0.45454545454545453	304.83579929948496	7	9	7	9	0	0.8953996830487483	20.90833333333334	0.8325399065870718	0.8325399065870718	0.6931226960600102	1
[0, 4, 6]	mul(sin(ARG6), add(ARG4, ARG0))	None	0.7412831568345407	0.5743801652892562	1	305.2516150116067	3993	3758	11.0	305.2516150116067	139	242	139	242	0	0.3595433859868244	148.26446280991732	0.7412831568345407	0.7412831568345407	0.5495007186065823	1
[8, 1, 10, 3]	mul(sin(ARG1), mul(protectedDiv(ARG10, ARG10), mul(ARG8, ARG3)))	None	0.6616751865481098	0.5666666666666667	1	305.2516150116067	3979	3790	11.0	305.2516150116067	119	210	119	210	0	0.3227534589361397	131.75238095238086	0.6616751865481098	0.6616751865481098	0.4378140524934758	1
[8, 1, 2, 3, 5]	mul(sin(protectedDiv(protectedDiv(ARG1, ARG1), ARG1)), mul(protectedDiv(ARG2, ARG5), mul(ARG8, ARG3)))	None	1.0	0.6190476190476191	1	305.2516150116067	3979	3790	11.0	305.2516150116067	130	210	130	210	0	0.5391523995700614	236.8380952380952	1.0	1.0	1.0	1
[10, 5, 7]	mul(mul(ARG5, ARG7), sin(ARG10))	None	0.7374515932533766	0.574468085106383	1	305.2516150116067	3979	3812	11.0	305.2516150116067	108	188	108	188	0	0.3579750090209617	147.4042553191489	0.7374515932533766	0.7374515932533766	0.5438348523919436	1
[5]	mul(add(ARG5, ARG5), sin(ARG5))	None	0.16394745295721125	0.5159574468085106	1	305.2516150116067	3979	3812	11.0	305.2516150116067	97	188	97	188	0	0.08137254163571855	32.19148936170209	0.16394745295721125	0.16394745295721125	0.026878767331156996	1
[2, 1, 0, 5, 4]	['1', '1', '1', '0', '1']	0	0.8759007771880805	0.8333333333333334	1	302.68	3908	3825	0.45454545454545453	302.68	5	6	5	6	0	0.9435167273089038	22.788571428571426	0.8759007771880805	0.8759007771880805	0.7672021714786834	1
[6]	sin(add(sin(ARG6), ARG6))	None	0.5339780192704183	0.5529411764705883	1	305.2516150116067	3993	3830	11.0	305.2516150116067	94	170	94	170	0	0.2620523215633882	105.81176470588235	0.5339780192704183	0.5339780192704183	0.28513252506395925	1
[9, 4, 6]	add(ARG4, mul(ARG6, ARG9))	None	0.2419984986656211	0.5235294117647059	1	305.2516150116067	3999	3830	11.0	305.2516150116067	89	170	89	170	0	0.11992809123386944	47.57647058823526	0.2419984986656211	0.2419984986656211	0.05856327335641461	1
[0, 1, 10, 4, 6]	mul(cos(ARG0), protectedDiv(sub(ARG4, ARG1), cos(mul(mul(ARG6, ARG10), ARG4))))	None	0.7370069260127198	0.5741935483870968	1	305.2516150116067	3979	3845	11.0	305.2516150116067	89	155	89	155	0	0.35767707356952066	147.3419354838709	0.7370069260127198	0.7370069260127198	0.5431792089907186	1
[10, 4]	sub(ARG4, add(ARG4, ARG10))	None	0.3555831304965924	0.536	1	305.2516150116064	3979	3875	11.0	305.2516150116064	67	125	67	125	0	0.17593026392061678	70.0	0.3555831304965924	0.3555831304965924	0.12643936269375666	1
[1, 10]	mul(neg(ARG1), cos(ARG10))	None	0.3555831304965924	0.536	1	305.2516150116064	3979	3875	11.0	305.2516150116064	67	125	67	125	0	0.17593026392061678	70.0	0.3555831304965924	0.3555831304965924	0.12643936269375666	1
[2, 9, 6]	['1', '1', '1']	1	0.47173822694422796	0.6	1	305.86898741496526	3922	3895	0.2727272727272727	305.86898741496526	6	10	6	10	0	0.4715630742261814	21.720430107526877	0.47173822694422796	0.47173822694422796	0.2225369547604839	1
[0, 9, 7]	protectedDiv(mul(ARG9, ARG7), ARG0)	None	1.0	0.6571428571428571	1	305.2516150116413	3979	3895	11.0	305.2516150116413	69	105	69	105	0	0.6653450335816163	314.76190476190476	1.0	1.0	1.0	1
[2, 1, 0, 5, 4]	['1', '1', '0', '0', '1']	0	0.6898373095691234	0.6666666666666666	1	302.3333333333333	3940	3933	0.45454545454545453	302.3333333333333	2	3	2	3	0	0.689704599371707	28.399999999999995	0.6898373095691234	0.6898373095691234	0.47587551367356656	1
[2, 1]	['0', '1']	1	0.8969048360099438	0.6666666666666666	1	304.184129093632	3993	3936	0.18181818181818182	304.184129093632	12	18	12	18	0	0.6933164575278163	95.80952380952384	0.8969048360099438	0.8969048360099438	0.804438284858024	1
[10, 4, 7]	sin(mul(mul(ARG7, ARG4), add(ARG4, ARG10)))	None	0.824899409888048	0.5833333333333334	1	305.251615379039	3979	3940	11.0	305.251615379039	35	60	35	60	0	0.39779816636982246	165.73333333333338	0.824899409888048	0.824899409888048	0.6804590364336498	1
[9, 4]	sub(sin(ARG9), cos(ARG4))	None	0.9453572216925917	0.5961538461538461	1	305.25162965959413	3999	3948	11.0	305.25162965959413	31	52	31	52	0	0.4514075197387802	191.38461538461536	0.9453572216925917	0.9453572216925917	0.893700276606336	1
[9, 4]	mul(sin(ARG4), add(ARG9, ARG9))	None	1.0	0.6388888888888888	1	305.2515324741894	3999	3964	11.0	305.2515324741894	23	36	23	36	0	0.6079398392903943	276.88888888888897	1.0	1.0	1.0	1
[0, 9, 4, 6, 7]	sub(protectedDiv(mul(ARG4, mul(ARG7, ARG9)), ARG0), cos(ARG6))	None	1.0	0.6388888888888888	1	305.2515324741894	3979	3964	11.0	305.2515324741894	23	36	23	36	0	0.6076788842320748	276.6666666666667	1.0	1.0	1.0	1
[8, 5]	sin(add(sin(ARG5), ARG8))	None	0.7172371403446943	0.5714285714285714	1	305.24873224241486	3979	3979	11.0	305.24873224241486	12	21	12	21	0	0.34825639135946923	143.33333333333326	0.7172371403446943	0.7172371403446943	0.5144291154898347	1
[9, 10, 2]	add(sin(ARG9), protectedDiv(sin(sub(ARG10, ARG2)), 1))	None	1.0	0.8571428571428571	1	305.34617139238605	3999	3993	11.0	305.34617139238605	6	7	6	7	0	0.9580655725924079	713.4285714285714	1.0	1.0	1.0	1
[10, 7]	protectedDiv(mul(neg(ARG10), neg(ARG7)), ARG7)	None	0.7215546194338509	0.5714285714285714	1	305.34617139238605	3999	3993	11.0	305.34617139238605	4	7	4	7	0	0.35007594842440426	144.2857142857144	0.7215546194338509	0.7215546194338509	0.5206410688263294	1
[5]	neg(ARG5)	None	0.06036255129348411	0.5645	1	305.2516150116067	3999	3999	11.0	305.2516150116067	0	1	0	1	0	0.31595368047217887	1	0.6477416977052995	0.06036255129348411	0.039099341452664624	1
