InstanceID	A_0	A_1	R_0	R_1	R_2	R_3	Class
22	10442.1606658724	8882.12131948235	11639.905960216704	16844.660155406553	11917.756567266035	7688.4279839951605	1
12	10831.631996582102	8162.253761433901	18427.296199216682	16532.305201180858	9013.159328807513	9734.158789519886	1
52	13404.53795463299	12495.96763045423	22602.45539494335	14079.49910183304	19243.947655531036	19242.205398600603	0
3	11233.098154469058	10496.68544251608	19129.66760057915	16223.961653879489	11259.69449299689	10465.664662995312	0
19	11294.671269145034	8888.175785141393	17154.091199380433	16310.73557657257	10483.818335353544	9142.185849398094	0
5	9075.002108567529	11243.562893754217	18289.532019266793	9164.237051479935	15715.380501067426	9685.88049149482	0
60	10613.83733848968	10372.37545575363	12457.908820026707	10105.399139179906	15377.078572340046	15152.013808564017	0
58	10550.117786895347	10338.69776130995	11558.792208168361	15169.216465908818	10212.876029802881	14721.988816031047	0
2	14225.140438753184	13503.91970847295	24683.241209513322	20192.928805557003	14627.087476024357	19694.821924341708	0
33	11389.348105309362	12466.318878404185	21120.409773420288	16900.398246807486	17922.904556232992	10978.189118050874	0
10	9168.709201127025	10125.351417665814	19975.974036540603	10179.556017694174	15756.1439481656	10523.562164036583	1
8	6931.75274453413	6112.903798775167	15540.479186539944	7484.528444585141	6538.964475076203	6877.922372439791	1
29	13080.822832450833	13598.752517872133	24330.7639293356	20895.70204647596	14969.960842690694	19669.695060056227	1
26	11273.461603394257	10715.936178488519	11577.791485936694	16205.662592282464	10583.795941192073	14624.933329251842	0
25	10821.38617587881	8344.378602440254	10191.241790131124	14768.180764152099	12418.162289701908	7618.613717542599	0
9	9102.960201034435	8950.290950657263	19806.870380758373	11152.90576089041	10607.037281675663	15192.18229048184	1
44	10868.766888066346	11429.723305513546	13181.677835749046	10939.20195215172	15849.909741788993	15132.718453780066	0
18	14535.114158862916	13407.182899870702	23489.821214964588	20164.20998914713	15624.358906593165	19837.594835935583	0
62	8741.771952642008	8168.9964998847645	8471.728974158477	7991.928642244451	8007.607461642493	12702.35982336836	0
11	10927.910986491077	12371.413371971725	23356.79704023201	13134.761812347786	18579.706379579195	17633.066202660288	1
47	14054.782082824295	14377.92157049758	26072.24404633645	21386.966817002838	21797.384782712594	20869.571462403303	1
40	12624.659624683349	12846.241734774547	15772.096627272653	17682.77557925294	18144.41091507517	17464.931330387488	0
15	15052.461332738008	14918.811250350669	27008.127384930845	22491.482747186645	21379.510321086393	20610.2324052009	1
39	12300.951766459442	10674.69781091941	14999.113792121248	17629.32096547349	17289.498866291262	16896.471705789074	1
56	12646.188562082942	12610.921353262427	15516.995542245408	17675.382393370302	17977.777900481287	17767.014178529604	0
57	9426.162516708342	10771.372716796983	19957.253898402207	12191.30731827341	12118.068316857785	17340.610867792737	1
32	15435.847330456369	16244.906309874026	27441.42370392643	22160.37001950664	22662.229536400486	21805.53286959015	0
23	13040.765442719296	13257.125053406948	17913.466873085024	20270.048282282758	17211.359422604328	18014.56529108002	1
49	8385.9535442408	9610.132556754035	11596.5639507002	9292.77070211816	9066.185499093903	15184.84330367812	1
43	12118.445990354308	12471.202306120374	23185.190867847592	14238.12848745045	19300.882611636738	18453.073408257133	1
21	10903.26572783351	11808.892709592623	15137.855810930287	18187.714868499377	11182.223554382983	16588.440209560937	1
45	8264.22412398744	8636.678048312378	8895.426289451421	7120.788039764411	12521.937132373574	6642.73201575221	0
42	9093.659471937866	9754.151428413772	18878.979754591055	10455.991267889978	15926.57781924919	10050.208305503711	1
34	7288.977361352007	5882.064574005205	6984.400456179936	6420.525733690717	11278.73698035903	4834.450226568145	1
35	10852.044705295246	9250.321948654293	12696.873152947752	11055.67083303916	15044.158001310483	14628.140294071613	1
46	10943.724152485684	11467.617923153353	21730.404781668785	17136.690775974035	18151.838931140897	12018.738742208738	1
20	8296.85867530837	7128.424403590494	8492.197805050373	14321.06142089006	5475.846824275215	5884.153174497461	1
61	11681.18605300084	13192.569165726094	23103.923412178126	19771.08087714514	14644.028043326141	20032.735419888555	1
37	10134.315970272008	11614.231006579437	18726.75804721958	10556.480825591656	15798.212789765617	9322.626871518627	0
14	13077.431262255546	12146.591765085484	22949.712911043494	18931.13829898154	17956.8336462196	12882.533811726214	1
63	14082.24760813138	14477.127342897182	26426.770314472946	21868.04144984802	21284.620405790916	21724.81986975749	1
53	9889.69115957408	11413.875272557263	14409.529006267807	16526.760517888095	11148.023431862563	17286.16385079323	1
0	16686.29108557261	16296.114438569386	28180.450488711518	23039.897178154217	22839.12493784959	21967.061490128137	0
38	8468.215754791221	7171.16621509768	9281.153828388608	12549.939667724284	12939.345526523939	6637.4346736924535	1
27	8850.682598436088	7077.240851745696	7362.366647986148	12893.505423140698	6548.794811057876	6071.953095376957	0
50	12535.43811050783	13030.66038573308	22212.61416208622	19003.44152121963	14727.392385829602	19565.556569588607	0
1	13352.689036962038	12948.084793895074	22104.15823496723	18502.293176117124	18565.853947443582	11837.84943901979	0
55	12495.199707675702	12998.668022003112	17577.2919572358	18850.265161902396	17655.712956701478	18665.445134053614	1
6	9180.572457529686	11279.83161871541	20484.2993836641	10259.002394303929	12016.208350336976	16552.89148579702	0
13	12832.930889283958	11012.38799227884	22890.733534959607	19829.63061581726	12688.097238085184	17700.612713354905	1
24	12945.433632379145	12873.918163109074	15417.709094434515	18499.30299238485	17939.55851104009	17665.9075125556	0
41	9746.46888255522	9829.993378123596	11213.301817204863	13434.942535277733	14192.71180838976	8479.259776496005	0
30	12812.41679051513	11294.334627452037	22529.335297429923	19650.91557935645	16825.233668597226	12534.634413670989	1
28	10930.89015499177	8909.338466098812	18491.533096999086	17329.9548687685	9471.270917468371	9847.06081984465	1
59	11997.088772814435	12033.663564550594	23226.539159326327	14177.628122316595	18642.061552542404	19188.80890925175	1
31	15118.585108842568	15058.645941422403	27268.228448776525	23148.01984854436	21242.531003298685	21256.370297262685	1
7	6756.871397465742	8357.1390653074	15314.73332923363	6694.540205777639	8222.031989725467	7727.005611073017	0
16	16182.605617024998	14436.46404480245	26452.059287444856	22688.181160590782	22076.799634801915	21648.741809624094	0
4	11785.178531068006	14319.856377214172	23888.334250113043	12671.003292673322	19748.419588537723	18765.11985231993	0
48	14764.624168665216	14235.60190616371	25452.710209671248	21483.31755955799	21757.152978368238	21426.485014183305	0
51	10346.81538611681	10293.079813099448	14217.317255920858	10959.453305530196	14967.263851451655	15946.050433320059	1
54	11236.748508096245	10992.254093354839	19494.44099296319	12165.165649745473	12772.158309512588	17769.501660952592	0
36	13991.220722502885	14999.301729636212	24764.58740133105	15257.882651810694	20159.374539956858	19574.940900343045	0
17	13111.869926384521	9781.077379922192	19852.622193669053	18075.38254706358	16244.679311959908	10238.520976985603	0
