Explore_Iteration	MacroPopSize	MicroPopSize	Accuracy_Estimate	AveGenerality	ExpRules	Time(min)
100	991	1000	0.9246208275575316	0.5486666666666663	0.0	0.3971784710884094
200	984	1000	0.9374855415832934	0.550333333333333	0.0	0.6847560207049052
300	971	1000	0.8919323664238632	0.5531666666666664	0.0	0.9516946196556091
400	960	1000	0.8496317947586202	0.5565000000000004	0.0	1.185162035624186
500	949	1000	0.8717899921087173	0.558666666666667	0.0	1.400732970237732
600	943	1000	0.846567337186243	0.5603333333333332	0.9056203605514316	1.4838393847147624
700	938	1000	0.8352142012324147	0.5630000000000004	0.8987206823027718	1.5684907197952271
800	932	1000	0.7380006455064554	0.5635000000000002	0.8927038626609443	1.6539320826530457
900	922	1000	0.7890903758193766	0.5633333333333336	0.8904555314533622	1.737648101647695
1000	918	1000	0.735506131180883	0.5643333333333331	0.8888888888888888	1.8193838834762572
1100	906	1000	0.6421905158236977	0.5658333333333334	0.8885209713024282	1.903389819463094
1200	891	1000	0.702801843250787	0.5656666666666667	0.8956228956228957	1.9831092874209086
1300	875	1000	0.7346474013427201	0.5674999999999998	0.9051428571428571	2.0590937693913776
1400	864	1000	0.7504386224015996	0.5701666666666668	0.9085648148148148	2.127890717983246
1500	854	1000	0.7481083374534687	0.5716666666666667	0.9180327868852459	2.1902696530024213
1600	841	1000	0.6825670980367416	0.5721666666666664	0.9262782401902497	2.2518791874249775
1700	837	1000	0.7553635358524505	0.5715000000000001	0.9151732377538829	2.309624969959259
1800	824	1000	0.7650699647702701	0.5736666666666664	0.9162621359223301	2.367342233657837
1900	819	1000	0.8160073077808953	0.5736666666666664	0.9242979242979243	2.422526117165883
2000	812	1000	0.7279107626782154	0.5758333333333338	0.9236453201970444	2.476359001795451
2100	802	1000	0.7792159387425953	0.5773333333333337	0.9214463840399002	2.5323553522427877
2200	795	1000	0.7395835002531687	0.579166666666667	0.939622641509434	2.5860331853230796
2300	793	1000	0.7363317043179106	0.5810000000000002	0.9306431273644389	2.6397201379140216
2400	793	1000	0.8105092736026756	0.5815000000000001	0.9281210592686002	2.6968170841534933
2500	791	1000	0.7946973884681284	0.5815	0.9266750948166877	2.755387834707896
2600	782	1000	0.7781772436427609	0.5806666666666667	0.9322250639386189	2.8149724046389264
2700	775	1000	0.8253508668719605	0.5790000000000001	0.9380645161290323	2.872216602166494
2800	771	1000	0.7095185422467425	0.5816666666666671	0.9442282749675746	2.928063217798869
2900	767	1000	0.8222512276712095	0.5833333333333337	0.9478487614080835	2.981530718008677
3000	766	1000	0.7971285464498855	0.585166666666667	0.9425587467362925	3.0350080331166587
3100	768	1000	0.8244102687742586	0.585	0.9375	3.091916835308075
3200	771	1000	0.7887592721667458	0.5840000000000002	0.9364461738002594	3.151748037338257
3300	767	1000	0.6515408594826729	0.5836666666666669	0.940026075619296	3.212971536318461
3400	763	1000	0.7476747008945103	0.5849999999999997	0.9423328964613368	3.272974435488383
3500	759	1000	0.8159629695629562	0.5846666666666663	0.9420289855072463	3.3310595393180846
3600	760	1000	0.8354315394863283	0.5873333333333329	0.9473684210526315	3.3919264515240988
3700	753	1000	0.8140746686574226	0.5876666666666664	0.9468791500664011	3.4523331840833027
3800	748	1000	0.7369867937802697	0.5891666666666666	0.9505347593582888	3.5097419023513794
3900	745	1000	0.8340385897485213	0.5896666666666667	0.9530201342281879	3.565672016143799
4000	740	1000	0.8133835575297169	0.5893333333333333	0.9540540540540541	3.6204235196113586
4100	737	1000	0.8114640197429153	0.5893333333333333	0.9579375848032564	3.677432652314504
4200	732	1000	0.794185839364689	0.5873333333333334	0.9590163934426229	3.733691918849945
4300	729	1000	0.3681979554715385	0.5868333333333333	0.9629629629629629	3.7895098686218263
4400	727	1000	0.7495349089041673	0.5883333333333333	0.9628610729023384	3.844516118367513
4500	724	1000	0.673847041820827	0.5868333333333332	0.962707182320442	3.899883766969045
4600	723	1000	0.8019055062592119	0.5858333333333332	0.9640387275242047	3.957428483168284
4700	723	1000	0.7161581372394678	0.5858333333333331	0.9612724757952974	4.013730482260386
4800	726	1000	0.7943126768622837	0.5863333333333329	0.953168044077135	4.0734579483668005
4900	725	1000	0.8119635991081878	0.5868333333333325	0.9544827586206897	4.137357934315999
5000	727	1000	0.7835535524729004	0.5863333333333326	0.9504814305364512	4.203739066918691
5100	723	1000	0.8430463313399399	0.5851666666666664	0.9515905947441217	4.585652283827463
5200	723	1000	0.8413384159465468	0.5849999999999996	0.9474412171507607	4.652817432085673
5300	721	1000	0.7762282925550319	0.5853333333333328	0.9528432732316228	4.72260703643163
5400	722	1000	0.8777322502941008	0.5848333333333327	0.9515235457063712	4.786885718504588
5500	718	1000	0.7077475647989414	0.5836666666666664	0.9512534818941504	4.848216716448466
5600	718	1000	0.700808490189432	0.5829999999999995	0.947075208913649	4.912474469343821
5700	716	1000	0.791743192843778	0.5829999999999996	0.9567039106145251	4.978640119234721
5800	714	1000	0.7131268094149847	0.5853333333333327	0.957983193277311	5.043398702144623
5900	715	1000	0.8054306488902735	0.5838333333333328	0.9608391608391609	5.106689667701721
6000	717	1000	0.8061048357060576	0.5833333333333327	0.9511854951185496	5.174591751893361
6100	715	1000	0.8434655380664304	0.5833333333333328	0.9566433566433566	5.242539286613464
6200	716	1000	0.7826023677431428	0.5836666666666663	0.9539106145251397	5.306758769353231
6300	714	1000	0.8599466029548004	0.5829999999999997	0.9537815126050421	5.371037435531616
6400	709	1000	0.8722312948818371	0.5816666666666663	0.9633286318758815	5.434826270739237
6500	710	1000	0.8866412987332434	0.5819999999999993	0.9591549295774648	5.4984148701032005
6600	716	1000	0.7558776470411825	0.5809999999999994	0.952513966480447	5.56589705546697
6700	710	1000	0.8230767373771775	0.5816666666666662	0.9549295774647887	5.6328234831492106
6800	708	1000	0.7972894563129195	0.5809999999999994	0.963276836158192	5.6977627714475
6900	706	1000	0.874395230545681	0.580666666666666	0.9560906515580736	5.761841905117035
7000	708	1000	0.818831767654681	0.5796666666666661	0.96045197740113	5.826109735171
7100	707	1000	0.9028406389873723	0.5793333333333327	0.9632248939179632	5.8912233511606855
7200	704	1000	0.6014373479839978	0.5799999999999994	0.9616477272727273	5.954142618179321
7300	701	1000	0.8795006839178912	0.5806666666666661	0.9614835948644793	6.018689501285553
7400	695	1000	0.8430420986224276	0.5803333333333326	0.9683453237410072	6.08188145160675
7500	694	1000	0.8383918805856314	0.5809999999999992	0.9711815561959655	6.144067617257436
7600	690	1000	0.829375703522049	0.5796666666666662	0.9753623188405797	6.2060622493426
7700	691	1000	0.833678429977138	0.5789999999999997	0.9739507959479016	6.268270738919576
7800	689	1000	0.8097497155974913	0.579833333333333	0.9724238026124818	6.331506685415904
7900	690	1000	0.8620186713331528	0.5804999999999997	0.9637681159420289	6.394435286521912
8000	685	1000	0.8530170944108154	0.5823333333333333	0.962043795620438	6.460064899921417
8100	681	1000	0.7794562433300527	0.5816666666666666	0.9676945668135095	6.5276588519414265
8200	677	1000	0.8004583187336212	0.5831666666666665	0.96602658788774	6.591100617249807
8300	678	1000	0.811519230552139	0.5841666666666666	0.9616519174041298	6.653617119789123
8400	672	1000	0.8692554236867742	0.5846666666666666	0.9657738095238095	6.716762618223826
8500	670	1000	0.8163135876805531	0.5846666666666666	0.9686567164179104	6.77944213549296
8600	666	1000	0.7687160752931667	0.5838333333333331	0.963963963963964	6.841247483094533
8700	670	1000	0.8544786090395834	0.5848333333333332	0.9597014925373134	6.904267585277557
8800	670	1000	0.8875616699307851	0.5856666666666666	0.9582089552238806	6.966638584931691
8900	668	1000	0.8316862934945992	0.5853333333333332	0.9625748502994012	7.030837937196096
9000	665	1000	0.8645063761329559	0.5848333333333333	0.9578947368421052	7.095112705230713
9100	664	1000	0.8389851358712263	0.584833333333333	0.9593373493975904	7.159733386834462
9200	661	1000	0.8972301147063888	0.584333333333333	0.9636913767019667	7.22382291952769
9300	653	1000	0.8532812534019635	0.5834999999999997	0.9709035222052067	7.3316228032112125
9400	651	1000	0.8840140649607112	0.5836666666666663	0.9692780337941628	7.395404851436615
9500	649	1000	0.8593584757553347	0.5838333333333328	0.9722650231124808	7.458474918206533
9600	652	1000	0.8567599476301122	0.5838333333333329	0.9708588957055214	7.56518368323644
9700	651	1000	0.844748487236057	0.5853333333333329	0.9662058371735791	7.642012683550517
9800	654	1000	0.8089956213477553	0.5849999999999995	0.9541284403669725	7.709187539418538
9900	655	1000	0.8400247320521518	0.5849999999999995	0.9557251908396946	7.82176011800766
10000	652	1000	0.8319748977843366	0.5843333333333328	0.9601226993865031	7.941490952173869
