InstanceID	N1	N2	N3	X	N4	N5	Class
477	180.06361947781562	167.12944508412826	222.94688780725488	338.83978819121427	175.0140553611368	157.94276852029554	-13.5177704418902
421	713.2232028116712	676.9968546522875	641.0178036807712	956.5206012449426	733.6368389330336	668.4906391791112	4.59890619103152
178	47.730679461914086	21.255963250466536	80.41904725988407	160.03036204185605	39.40126109907303	31.46088864021835	-10.9998922720577
576	313.3352540666017	304.6364607918074	295.1219665221314	397.0669786224313	322.97209218253204	275.9317273915303	9.75431760235675
387	64.59023530933324	57.646686288487075	112.78770037821779	194.42657045172	61.9190362453381	41.093220459779154	-10.9998922720577
183	635.8937748621958	612.6942428590856	530.8176358462014	692.7225344991947	656.0142979325287	595.1499517911733	2.84766698359609
606	664.444699655076	630.056490599299	631.8375469105206	975.4706539831672	682.5536374368852	620.0511538952949	0.423360024179602
212	659.3796935783477	629.1030266046707	640.7177384243643	949.4320664102892	661.2540860318783	629.3234131765591	0.841470984807897
617	642.9988273463356	617.2016026523365	539.1407910589061	836.036433903471	663.8933038071663	619.1201710601763	3.70906636717581
433	679.3824414459884	642.2247672140842	652.0874369587979	972.6621977788193	699.781375869828	635.1611131614981	0.841470984807897
398	4.521761362585855	6.526144859962149	44.05450110255158	112.03251637537439	3.1188811605369073	4.241350551230428	-16.3437573619525
145	16.84725299836203	15.436872419986763	22.82277078229624	73.0399361684657	20.92042430122343	11.625870830456774	18.2589050145526
3	647.0729999471779	602.2710348761269	551.3334901128411	781.6015537938356	655.0593110045398	599.6380983234552	-6.43887501600522
316	682.6542212559466	635.4254264792239	645.2795300714863	968.6333178356638	679.4717020511107	632.1666118320353	0.0
153	641.9218681196336	593.794081945261	525.0649904504263	765.0778364190389	642.1067638676153	584.4843260060145	-4.60645306664104
616	664.2200681170888	633.2639690738499	658.2104527639591	989.2242214737554	668.8647493162819	613.8728962461893	0.423360024179602
284	674.1395650100737	619.214443580027	608.3246223650779	978.9851836529475	682.5979780249577	606.8923339752033	-3.02720998123171
494	676.940538024125	641.0123614589877	610.3058230771293	934.1502878244104	686.0944055502588	631.9479571564858	-1.67649298919356
84	31.30578332552798	24.57740906722707	48.75213827975997	104.52628409667535	34.78277748346505	25.195381761683688	9.75431760235675
567	16.409009025233647	12.172656852403996	18.99199877719511	67.7775942956727	15.95012432373499	13.666391284120369	13.8685029797282
79	655.2776346723391	605.446737401109	543.6200486236394	756.6097105450257	660.9711961278747	598.411483072289	-4.60645306664104
412	676.9136782180099	646.4124022275934	657.1082837260057	984.5980703915711	694.9010664724238	640.2097450971846	0.841470984807897
121	14.321679833777127	13.28955532832369	20.11971426887649	64.44028406681633	17.1452719903063	19.938390602826484	18.2589050145526
431	47.89029640400098	20.236627983381474	87.77999136873424	157.38659349010888	25.768664505187687	25.257436449566132	-10.9998922720577
330	673.8907878000477	616.7426752760612	644.7776516083387	970.1178002260509	672.7351294407138	608.5189536704905	-4.79462137331569
14	668.0684034131475	635.2576667556659	647.5136399465133	970.9855927324614	687.6822647499177	622.3218354487565	-1.67649298919356
486	14.825460182117686	10.330122652128143	59.435740551055986	126.80874286818668	6.837736270101117	11.385977154595846	-16.3437573619525
269	669.0344682525084	623.2431857271663	625.9583668454919	944.5627022265074	674.4076489778627	616.0820266401065	-4.79462137331569
0	655.5061020442154	619.8764419501198	575.6066872105655	845.2996838057238	675.0991411143817	615.6431871916125	3.70906636717581
358	654.125411675856	621.6653053988047	573.361602413961	844.9526612755104	670.3029777729463	614.6591350960691	3.70906636717581
220	18.998223470705003	16.33557802602829	81.58190956628327	145.4231776170978	9.069092529634691	3.038918263247826	-16.3437573619525
117	649.640041806896	616.2603457098503	546.3600292872783	747.5637417538413	672.2507175262724	612.0602691566551	5.46217147874633
184	26.24739809598155	18.40798958741207	56.847252323382286	131.82701660077132	20.22749850696999	16.005245571954465	-10.9998922720577
586	650.915641528447	620.3769564744272	535.5692216013609	709.852992910455	674.1797437573498	610.281390185694	2.84766698359609
536	645.4710679613249	620.4211055799453	550.9687801136918	873.2810127796719	653.3249957964156	607.3630773005187	4.59890619103152
348	670.1942015974458	616.5627439942164	619.8767757052469	927.5995639085586	665.0291804081069	599.804334908021	-4.79462137331569
103	9.62342495646062	8.052607146704677	53.031985991433814	124.70943983003124	4.611668474791071	12.192074667205084	-16.3437573619525
155	29.617145756696626	17.625609304796942	83.43483450412938	159.29527675847433	19.19348519092724	20.131232524118435	-13.5177704418902
452	658.9408927583899	615.7835357755074	566.0058804962017	853.4418793808868	662.5544520257873	593.668379017479	-5.4402111088937
589	647.6480654383103	610.2699506014477	549.8784674898576	762.1090397265286	665.4557712577467	603.2886567905888	-4.60645306664104
276	680.918761734401	632.3479339079363	662.1799761338101	976.0913733029281	685.0258855476591	628.2789391329749	0.423360024179602
614	619.6050142486695	588.0771381026509	567.3452953360487	877.5213769600381	626.1811508631513	571.2402568472634	-4.79462137331569
444	656.4143894487745	625.4408299885099	554.9196102759003	922.9779909051545	653.0975151640565	612.6109731542975	-3.02720998123171
560	12.66492174319323	7.875302297367147	21.224990611927396	64.92420443429047	13.620905713734775	9.275721263536017	18.2589050145526
527	644.8171372843742	614.4121984409787	534.5975258988317	703.8977701823536	665.4800153467035	615.4533187181654	2.84766698359609
239	670.207830541957	632.9769819966833	570.7053488180342	837.4342237932583	694.3350969187928	621.7861131508351	3.70906636717581
274	28.411739253863665	25.464224167998402	33.03432735251939	81.07321312308021	26.694445424508473	18.464540948782133	13.8685029797282
478	639.0211714993279	582.5835323124378	514.4389824336473	753.3755874423338	633.0567462519775	573.4742319668583	-6.43887501600522
118	658.8172716462136	586.9432282851963	560.8484225504816	834.7962114060283	645.4186076638362	583.2319278521456	-5.4402111088937
425	58.727297593410924	41.9051398349286	102.50892955650066	165.28811724151115	41.705757651941916	13.423630180520297	-10.9998922720577
604	5.612077164053899	10.598870285139999	68.09966094200442	134.73536257613443	4.963919204803289	5.920211044001679	-16.3437573619525
146	41.02233354666627	28.73320896658127	57.50789895535734	103.19979077581542	29.206396601630562	21.98915838418474	13.8685029797282
60	14.054897195024864	16.44344141849094	53.08474007448041	121.79322586741623	14.138312663883587	15.235010410070487	-16.3437573619525
506	664.8252704086386	620.8367937347579	586.0977524665343	909.730750700838	675.909721856238	613.5400368917326	-1.67649298919356
113	124.95811514807247	113.31909260860846	141.34509068854942	246.6691801188415	106.3382355573017	100.60043538336578	-10.9998922720577
42	120.37265426151292	109.05583165773027	142.69949836308976	249.93842039120537	140.34963077528366	125.81411715493928	-10.9998922720577
334	649.0967491941803	613.4788975912331	559.9031363541259	844.9133854135314	655.8403817419496	609.3698736032511	3.70906636717581
298	639.315992871521	616.0750736924522	550.5619372188303	765.0240491037883	659.3014416538481	601.9888998277643	-4.60645306664104
253	26.142504108228373	9.339735802251477	40.57825796428128	93.62889364395116	34.52697279619806	21.988868877132706	13.8685029797282
488	645.3574652292965	624.5667317738184	540.8229404065216	708.9042282477362	668.7696778533895	604.9126930714375	2.84766698359609
67	649.1341661103104	617.5830188613724	587.8121415740238	922.9611788996682	668.9910912353281	603.1004128081258	0.841470984807897
241	412.5140610545278	394.2182638730045	349.17700240517274	540.1169544207311	394.03393549297124	374.3785521992077	-6.43887501600522
462	11.270366638582882	17.275396497661024	46.74121018981569	116.80228304061124	8.259958101063994	11.868821148510373	-13.5177704418902
34	637.1209953827915	601.2777418360014	532.4299428806162	731.5652743643041	660.9755542939125	608.3233416336203	5.46217147874633
165	651.291523334418	615.7585181476871	576.0824312892961	915.0433790250613	666.6787384764457	606.9133277368426	-3.02720998123171
409	409.4694222831052	395.4794537756482	335.8137262287072	538.8112397067333	392.28996040884925	368.7292387718239	-6.43887501600522
11	643.7465077840529	581.866888986468	540.4648312130838	812.3800264466869	620.2171826131349	564.2694273964394	-5.4402111088937
207	395.48557572117767	370.96358682657444	332.8333579618664	524.6963301803164	374.4411442983841	355.85332332375555	-6.43887501600522
602	24.196515577737355	15.396137608435225	90.25177479248825	160.18189487098186	10.784221542674791	4.131352217314925	-16.3437573619525
363	671.555847232225	620.0436119848227	678.831365155417	995.5747257440781	673.0460212599022	614.0179381815448	1.81859485365136
367	17.438433974261276	4.477523865030053	16.804904546169926	69.05085042851296	17.2292600437528	9.492256375144455	18.2589050145526
135	660.2425706453905	616.7178486386866	636.9349434661935	958.0012031411229	668.3241725225129	613.7376831763947	1.81859485365136
397	656.8426542373651	622.3181120883443	668.1119161303012	977.9149869752762	653.5665083285794	612.0324292569463	0.841470984807897
271	642.8266481165788	612.5056369362107	526.0748298251195	698.5438929814832	656.0173715161184	600.9794906015255	2.84766698359609
396	663.3559545188646	637.3408714352439	598.9468662060362	906.9254024293173	690.184063149065	622.6998346401609	0.0
552	40.883907191752336	25.19712947674115	64.42365804416056	143.51976682508584	17.871555047589222	13.696138119654506	-10.9998922720577
518	652.1952877223978	612.8421430449995	599.6056704087712	908.8310613260385	654.0909144290558	602.857946253134	-1.67649298919356
54	667.6823861519293	626.0002304323684	666.7079323124219	1001.1236590292332	691.4555834434889	616.3215417066698	0.841470984807897
344	203.9184344091949	182.13316289770123	175.48651436219143	306.7355524876543	214.4196407715083	180.58310707548887	-4.60645306664104
329	396.503635768875	377.31750734748846	349.02662838680527	546.610970106763	395.43007994370856	368.87237016537887	-4.60645306664104
134	285.05355853969354	234.56449676810544	279.80025695676665	495.9446212782442	240.4733812859151	238.39564299495328	-4.79462137331569
48	601.1778578403586	582.385140309306	519.645166061083	789.889536623473	617.7637712067566	579.696049636428	3.70906636717581
73	629.2119801252757	601.7408984036248	601.912662579153	913.3025038163687	642.4280129241736	583.4883677770857	0.0
98	11.843331450144904	11.889814891490907	77.67157634721349	154.37577413204204	10.606474688215897	3.7189984775168945	-13.5177704418902
229	17.344156462491096	18.167181466851158	54.26411510153654	132.11008552827985	5.957173589805082	14.04671079693984	-13.5177704418902
570	657.8126483651613	623.1263978873945	658.2584739165837	988.550719215944	657.7014181061212	619.4145298897803	-3.02720998123171
548	640.3555820753946	596.6313632187015	575.4241798216487	905.8206826873142	661.1569203558365	596.6020918180432	-3.02720998123171
169	9.983483965490661	12.610502502241896	21.79475513516223	58.32519965270136	17.782576396801844	10.639837842168909	13.8685029797282
133	657.1645493997911	637.1472751816425	627.7725701145871	948.5320043294812	665.9034745266102	616.0419346461188	0.423360024179602
89	203.36188779127087	164.26785242228019	217.0233267282448	339.102613702925	183.21579557136766	182.78749762427043	-6.43887501600522
21	9.133233343869607	6.7146366022454504	14.270438522803733	58.84273328855278	13.62651679203339	7.998365437068087	18.2589050145526
100	655.530754926563	632.8346206722865	563.2062644775235	899.268202732082	654.8393855653995	614.2660019096376	-1.67649298919356
256	458.6477971411138	406.7927100237247	390.55019840381135	610.7166566361695	416.6271637125461	396.78230212795717	-6.43887501600522
95	290.4240652835155	287.8990984495014	307.5159551229379	434.344588573656	344.2331136369216	306.3694192876275	7.91486597298705
568	635.310716216536	609.7770734311991	545.0776016856706	729.9798184168901	659.6718080798446	602.107513137598	5.46217147874633
189	656.7240700321636	619.0142953463088	589.5769008651457	903.8685710703799	651.7245334098484	593.478233702755	-4.79462137331569
198	13.353767172731853	15.191244296778569	55.74520562698559	131.9951093563552	4.0596376214650665	3.827748158609489	-16.3437573619525
612	573.5362283086906	546.5886323332438	517.8958281844143	757.0477050412002	594.3708921903701	527.5545388930606	7.91486597298705
556	629.67965448789	618.5341888323813	527.4913537920743	737.2995016015067	649.6639784300421	598.8861759169976	-4.60645306664104
609	642.7372849890781	629.0676187193704	573.596553268443	830.0204313014942	670.1747806899604	612.6978502330935	3.70906636717581
475	636.4625667029676	625.1156483509562	567.7712137933947	877.8468474126922	647.3860123662205	608.8956930031698	4.59890619103152
467	626.6966313312994	622.2973545684163	574.3823358430266	871.8908992838667	661.4361210971309	604.4255411988319	4.59890619103152
65	28.70628128033982	17.847844731354627	64.41327127017563	142.70021986763803	22.60035483272194	10.79174421822587	-10.9998922720577
97	22.511417141649037	18.53718767809173	62.67710042247248	130.71072639392284	16.754681339998072	7.377636616163171	-13.5177704418902
378	594.3596476054471	576.8303294055881	512.0915131699464	745.8274156787525	605.5348986712978	567.6688546919829	7.91486597298705
335	638.0325366827954	615.4423130565743	542.1798947110929	725.7303290922058	666.0792404244883	612.7888442769438	5.46217147874633
562	621.5159887010321	609.8159105628093	523.4772016002757	725.4622526347772	658.9974451130475	605.4850670517654	5.46217147874633
295	27.258888201570336	8.279281334942922	42.32010041344108	92.1795473385868	22.404920588889777	17.304515461032786	13.8685029797282
326	655.5138896187214	620.852476656789	675.3268476212546	991.7815776237558	672.6920968933243	620.3537496751707	0.423360024179602
195	625.2892430507658	597.3013852350804	513.1729225678613	678.8935447247608	644.6050465694124	599.9543142019003	2.84766698359609
446	26.18052306853429	30.2690287659575	95.47715274636585	161.75556362817684	27.75220911079247	7.302574036301549	-16.3437573619525
251	661.5171786364468	637.5913658139024	628.9947137993727	951.2634288232272	690.280051681732	611.9933148781862	0.841470984807897
338	650.6434161485569	629.6635337949716	636.6430292179351	955.8116391314277	658.6732359449603	606.7206033646559	0.423360024179602
285	582.4975344921002	552.5541960405043	480.44355101651786	654.1574764877433	584.6847823863732	537.0984761743571	5.46217147874633
171	23.216744078517035	13.543260027264203	25.38119834058489	72.1250064846498	12.474393833712812	12.26071564921622	18.2589050145526
201	434.7995596759288	396.5714757634643	412.7294328382154	579.392723774764	481.229536465917	395.71860002014284	7.91486597298705
297	20.062315668598373	12.635281885591981	24.40169174430057	74.67746883307207	27.18039620478481	13.380165979870565	18.2589050145526
61	642.3218233612054	624.1896258535371	557.0468016942882	829.486668159989	674.4517833718926	609.8054548079032	3.70906636717581
125	635.4526262920403	624.8005942220193	557.1748356691286	740.0165924213192	669.1097031480341	615.1184067140389	5.46217147874633
243	631.4996666832545	617.2137725881184	532.9307350071309	697.1323991870726	666.1932425538415	602.6032092044729	2.84766698359609
245	629.8133131914417	600.1553854718551	527.8864087130939	717.0364391110037	641.1778091196318	587.9816024393167	5.46217147874633
430	637.0207960776713	609.4495153137246	581.5234481208431	933.3079989257681	655.6338239181313	599.8807382390295	-3.02720998123171
521	12.222967523653	8.37493787008338	74.5027656142193	151.87790482578356	7.435797374863375	2.6227035252902913	-16.3437573619525
385	12.051136696719485	18.792686826585452	76.31314655692557	156.60548121245478	7.536485139138647	10.049443227987311	-13.5177704418902
283	646.6039514774067	622.6707721394034	594.9020117943696	916.7027595371361	673.8216193047659	599.7694941729831	0.841470984807897
406	634.051194537533	614.9991200907234	529.9895546484951	699.7732941415393	660.2610081956163	604.3332291790977	2.84766698359609
119	645.1454621570065	616.8036862829003	615.5215636600351	936.1942773396157	656.3001007209477	600.9371339526502	-1.67649298919356
597	78.87442131963958	76.98761046801138	104.36521426537443	220.66743570387393	88.93100208698702	88.92559310165889	7.91486597298705
196	23.23194090124739	20.111853226719813	59.45099968461663	127.86661651334141	14.536417349142607	8.715454682218912	-13.5177704418902
187	15.45591264718267	21.87634107245858	82.82492403029532	157.6926834246743	15.462887592791839	6.131866064444526	-13.5177704418902
543	629.8396978384047	612.5467762043728	522.0524446289278	692.3504987709055	658.6970797998181	602.5196772654573	2.84766698359609
539	645.6586879118571	604.1996290824494	563.9697718694857	766.3007564595979	651.4269489814244	586.8974249181946	-4.60645306664104
223	29.533453858123906	20.993949408335215	66.10807621537336	156.6906516846831	37.88646936570917	17.101618895099925	-10.9998922720577
535	445.9335016582757	426.6885878414919	423.5940200505218	611.5221173054456	476.036658340021	428.5130795684359	7.91486597298705
249	353.6948830250251	325.6747383086197	356.52626463000684	484.1748379768958	365.79156771897215	352.7993955681407	7.91486597298705
191	47.22875308485534	25.936351236055263	49.64753177097705	131.05028123102494	27.858654326367425	7.489684062719023	-10.9998922720577
628	203.18266925002146	171.45694016693955	186.65433945442604	266.4383594133668	187.15520949099306	170.13650685360892	9.75431760235675
393	639.6303406684694	628.8039099331648	530.3836530595488	753.9404732208328	657.9479637927807	586.7741075191949	-4.60645306664104
70	654.0786093971216	617.5912351047732	641.5371862095399	959.7905792844712	665.3045903350276	614.3968043783733	0.841470984807897
341	658.0783787482961	624.8111919001755	612.7481357506657	931.8181775908214	689.0694898602345	611.9955300042386	0.0
142	13.900422552024791	9.170443378655136	52.555736570578624	139.57619796166557	8.502723563393975	11.257820328002675	-10.9998922720577
180	18.22298106163659	22.279288556035254	31.35761921552829	104.03408752814316	23.924169013603347	14.499747699027083	-13.5177704418902
498	26.818540814017613	14.036013829370582	29.631072219383938	72.07936926466392	25.64426087187693	20.72032291492535	13.8685029797282
90	645.8018910329333	625.3702156533232	642.5941017228207	975.6495107948699	670.9278027666558	608.7463165834871	-3.02720998123171
439	644.9279909642577	615.3345707789738	576.1741154589124	895.2608333832643	665.4348819039063	611.3231787386687	4.59890619103152
574	626.4977606261292	608.5135105090368	571.793987084821	877.6918154617222	662.9391776623186	588.1816822938282	0.0
257	650.7323736585815	617.6345411741897	642.0899968430687	958.2932359942467	653.3365437761411	600.6216514199908	0.423360024179602
304	34.68852393085222	29.20745207509919	70.42920962407158	154.3206467212638	26.442145474395407	12.22398793264277	-13.5177704418902
124	652.8979576664389	625.4067318789587	594.5293390668107	939.1393737718658	679.2170583867014	613.2791512315031	0.423360024179602
547	20.903875627262064	10.978017437316444	20.96213321723531	74.64336492426852	21.567214323507088	13.203659662069988	13.8685029797282
356	619.5204872289723	579.3353750500476	543.7742295823791	789.7010168936957	630.5375629830281	564.1901677480362	-5.4402111088937
482	636.4076046168138	595.4322870170824	532.1344666890486	787.7885950072765	640.3840466330944	582.253941446011	-5.4402111088937
384	639.2844390615837	623.7334473985554	625.908875558745	934.9888841242237	656.7473931266217	610.0801732683243	0.841470984807897
419	433.8925757101781	445.92127391954796	363.1997823196773	597.5822268220902	430.95745546164477	417.72951617030697	-4.60645306664104
116	18.870016156249388	28.022757523262207	46.48225403868465	102.17321744633698	32.71192340182138	23.943159069632824	9.75431760235675
571	7.19340799128038	8.041911212732659	50.06122424773808	122.40642731595635	6.845258404278652	4.983448068159908	-16.3437573619525
603	21.120253980624927	13.066454445574895	17.89684827584123	69.16920639669772	19.74376926176631	12.986301392533122	13.8685029797282
138	640.1333518928866	608.2132385921916	592.6218275487945	909.2216707465279	657.8428718281556	596.7123790464483	-4.79462137331569
311	137.45718097371926	131.5081958640473	142.23527510462907	203.19249443899764	149.800188658029	132.11558260609812	9.75431760235675
140	643.9414477577292	631.7155343379524	619.0552837880628	913.4988386428494	672.5747556295242	611.400363570061	0.0
168	651.4009125563997	613.5239067555981	573.4808732944635	908.0222098403364	661.9000635645149	598.973311637793	-1.67649298919356
247	26.670936791054675	13.064130595914285	58.81015365255395	142.0856609486673	19.358300026368312	9.504914928877609	-10.9998922720577
16	20.458866588132434	16.721985249377973	51.94944849342395	124.77588722238902	11.083312762547562	8.036290522535015	-13.5177704418902
327	629.8542070245513	622.9235055166338	541.7385930922147	695.2578992747541	667.081813450617	599.2631148601272	2.84766698359609
630	611.1601909673514	593.9280317769042	523.7599592705769	714.7478234090003	642.4942695323837	596.8914966487852	5.46217147874633
558	655.8626518057821	638.8900181198732	631.678553104437	952.9414117247379	695.2523660991723	617.6123145282511	1.81859485365136
40	15.668523520191647	18.231259359366362	19.336999616373628	77.3816455148961	24.676925478474377	16.770683272047222	13.8685029797282
350	17.825654260644743	10.312357254613659	44.75336463300266	120.54815284168396	11.170252579918555	8.097725461005114	-13.5177704418902
262	653.5897041625656	622.8306509822881	625.909897834786	911.6122934671339	669.2395557549944	616.6652545552753	0.0
76	648.3766594582175	618.636115184398	643.4980382442824	958.7350021327053	657.7779000241283	609.7148659211097	0.423360024179602
590	9.311767369053694	2.001322292802256	21.72234886737834	74.00964039518408	17.646386837695474	8.524948756768122	18.2589050145526
179	5.236327467863158	12.172665263304207	75.54103956986579	149.74801018883693	5.173491114131788	5.121909513749372	-16.3437573619525
301	18.998505175655097	11.777071538460577	28.155337156328162	76.35489438699861	25.369722330934	20.703114775393182	18.2589050145526
553	626.4574241165872	614.1868157704146	525.2025913775692	694.3145537728586	664.6835585854117	599.0682183844516	2.84766698359609
479	14.776557770054346	15.60513448312244	29.248664024675097	72.29132130172617	27.13869173901519	13.01924613618225	18.2589050145526
429	623.128382287886	612.0804430071521	538.4111872049306	805.0843835526446	655.0666198760063	601.6822720213263	7.91486597298705
592	22.79451559272762	41.916402052045136	97.31310479292438	182.67251374948654	31.009128757951444	17.939080604831588	-13.5177704418902
225	23.368481198753887	15.619697481955178	27.290186886505598	83.59905446577912	27.92101707104296	16.047538295199043	18.2589050145526
457	640.3787466909596	620.4624427247052	586.1292605419931	885.3554277887403	667.0103731018315	607.3616343823446	4.59890619103152
317	636.0681619284978	620.0673206234151	587.854268043365	908.5909810127422	679.1000812184451	605.0034926643395	1.81859485365136
267	607.912017298287	599.1365898381785	559.4634334612552	794.3952470428571	638.7925001775286	584.3818225134488	-6.43887501600522
328	638.2139949942373	618.8608817099696	654.522785769367	984.5664526838842	662.370112992252	603.6100718981069	-3.02720998123171
154	652.9334078673934	613.3932613744802	638.2355961595841	970.887776809366	676.0231649458057	593.3948379216422	1.81859485365136
131	589.167217806692	565.8544310849674	497.8585465182284	681.1959441938529	611.1913392148756	569.9380853626335	5.46217147874633
584	649.7935311044031	617.6230122956504	604.9713831858638	907.0603429475151	665.8483511257964	600.323553225195	-1.67649298919356
27	445.2657012870538	419.22206611898963	360.30162168415205	574.8298966010107	405.80374400005013	412.48358364004696	-4.60645306664104
600	235.49740745875152	206.61020379143253	239.81943000881327	402.2820297104102	225.59147943882752	216.65201433500067	-5.4402111088937
523	622.2470919450533	607.9893367016952	536.4047199773197	685.0820263889132	648.7397965199153	598.5918819627874	2.84766698359609
529	620.0327161415642	593.8389133221855	626.8509094879659	959.1598499341245	650.1467106468878	590.9878346952007	1.81859485365136
38	620.8947590275397	603.5149188411403	610.9126655494124	911.9981086019899	634.7562455394561	585.6610619509636	0.841470984807897
45	555.3057156511318	559.021115011532	461.4945070787658	624.241034119138	595.7918171943112	540.7986271796988	2.84766698359609
557	642.1728933569847	604.149874829366	652.3481739764168	959.6896281583792	642.1267769559942	580.1982214341992	1.81859485365136
349	14.427703156005338	13.55055455792781	47.552673585895256	140.82490830670653	18.30133045817245	4.184354281970275	-10.9998922720577
346	633.8375644308087	615.370290919231	588.6452666105002	890.2958233959481	644.3232463831896	595.1688047148157	-1.67649298919356
489	21.800534813005363	12.783211632895908	54.97874517609692	144.38633589744563	15.772351937725155	8.523550494569594	-10.9998922720577
598	32.78128326010222	29.728513386135113	42.18474241498367	92.00875178907268	36.77507106218913	31.36846996673705	9.75431760235675
263	631.0627302233235	614.0323286826342	576.1546554798509	892.5437668216384	668.3501054469176	609.0778450708787	-1.67649298919356
226	639.560954075758	604.6852191428159	589.3365476576223	907.0147163855189	646.3883755295094	597.7085806049018	-3.02720998123171
321	629.6681735582192	606.939442278033	609.1670263992922	901.7913440503793	643.982440054788	598.1209391765055	0.0
629	650.8197474464488	608.032385898387	658.874852638287	972.6221208735735	665.5087002129494	605.0350337480874	0.0
126	619.4224108469277	600.6499519724521	568.2308742399034	888.9548039639983	614.7318151959892	585.2024565945023	0.841470984807897
91	404.90205907579553	371.55379668617263	359.4884078580551	687.4075323455411	369.5735635823288	365.3665902073677	-3.02720998123171
265	10.131224663381614	10.729223916809865	13.953927065185955	68.79514457568193	20.4172780190718	7.422647038038348	18.2589050145526
544	430.4017828866335	410.5911054712344	357.0487176513286	606.6738412776568	416.3332924446907	384.62097007432413	-5.4402111088937
459	634.408834349249	596.7861280128644	618.8260254464933	946.5991880818538	651.2030370330954	591.9763418432001	-3.02720998123171
621	635.4088432891533	603.8853271754401	621.4028217953609	933.0745134695222	644.2179731541273	599.643268597898	0.841470984807897
266	62.288665719361546	35.17447859420299	59.895241419184515	153.36411317120334	54.03949647194774	24.592035367659808	-6.43887501600522
217	611.9127124879573	602.500688798775	513.2929846587781	690.8910367614968	637.7145253149649	588.4497495957456	2.84766698359609
401	601.7565454192576	584.8900495112193	587.5990046975664	916.3024550274015	632.7858664674214	576.3975692042648	0.841470984807897
324	157.06455052008235	140.227653202763	174.52977676982874	261.64998370840743	169.83214166345414	150.6172163690843	-4.60645306664104
417	11.95076711094056	9.056092303161744	48.909991045921295	130.36060578303184	7.917433692830249	3.220728826918316	-16.3437573619525
308	14.917790326032243	10.746008430290034	27.92415046222297	73.67409447898174	18.77519963065753	7.4032404190033585	18.2589050145526
445	656.7554560653997	623.5479958624991	599.8635936259644	941.5305902521656	671.7816644712697	601.5418331862687	-3.02720998123171
458	42.00124130446931	15.549834517419594	62.86408229302787	157.92958771824223	14.376838065492272	10.653844203479828	-10.9998922720577
376	71.13153651819174	85.3969013873765	96.84461861358902	171.98336657698408	96.51982795363904	89.00957749661384	9.75431760235675
371	16.73370776613536	9.348381214526388	22.161097445025398	74.41747065275595	18.366886199976143	11.63517469496382	18.2589050145526
312	625.1236008761241	610.0001390073961	526.1856219355313	697.0386715004337	657.1277298429591	599.568701529678	2.84766698359609
545	311.1000856087482	283.72235052982006	302.6949107907936	379.9950843107925	325.50419765839706	283.1257302583137	9.75431760235675
504	636.1589499793491	611.8959863239	600.9822411660498	933.1194431591915	654.0017402378759	603.9482735369472	-3.02720998123171
404	630.2336721438743	603.9993103015197	621.622294783538	954.6783565295154	656.2048712776642	598.0833538799857	-3.02720998123171
246	619.5231181070952	569.028913349085	539.7091917152624	812.9368990121457	613.7348327070823	561.8298944403376	-5.4402111088937
420	623.7658054520813	597.2521320883077	574.565116894941	885.916482943407	635.5158152687688	580.9704812253569	-4.79462137331569
206	630.7146913408399	609.2237603374656	602.5454848382916	913.3544780976097	650.7154529679641	601.4467537951394	0.0
231	12.161823697597308	17.261905421778735	59.888867986554665	138.2176609237147	5.9494906904362415	6.815982732974504	-16.3437573619525
546	628.9712381194737	614.3813543474055	583.2865310353003	900.8096502200315	658.2994957231298	603.0831853953056	-1.67649298919356
490	460.3331904093482	429.0787434177865	374.7347686464268	652.0590948886244	465.0065239543907	420.2889915967658	-5.4402111088937
25	649.0134369554437	610.1867382171299	668.471177065195	993.9770450919851	658.2229921036824	605.6215019834193	-3.02720998123171
320	631.2636689314265	600.6033115636238	577.4863276479181	891.7657362567751	661.2404396630083	600.125620890033	0.841470984807897
62	611.8548744901717	583.0568177998351	510.3818074065319	662.1467995036503	631.8591326535263	583.1993329382658	2.84766698359609
77	136.34659127945167	144.44225436871457	196.89990484411612	374.00810952286565	166.14602588143723	131.29779303019077	-4.79462137331569
455	12.072670048982058	14.488839311430992	17.326716945364307	62.906924703547695	16.29187021631345	9.779414112451686	13.8685029797282
626	575.5648001328183	554.6849367781537	494.4438354066694	674.9970997549707	605.806631472319	542.4719724283843	5.46217147874633
216	33.87038436406992	19.27550728957485	54.85819753375727	115.22960849674787	20.827096907859634	11.060407357111766	13.8685029797282
438	605.429532137336	567.8788603630652	529.9056051465185	743.0767129655302	605.8200944130728	565.2342645087098	-6.43887501600522
581	658.2544979687539	616.9219376472976	685.1227502860244	1009.0396351976364	670.298979141163	611.2504504046972	0.423360024179602
47	11.957693428808472	10.88828935766548	26.89262128286889	84.6762987681557	24.54217231196553	12.427660597560227	13.8685029797282
83	629.5469104760148	615.6043259241927	576.0264127096954	877.3106236461423	648.5864803746122	602.712849264098	-4.79462137331569
580	638.2322377347621	612.700776653177	564.8641856748111	907.3202837796135	645.0027126717819	603.4289685700137	-3.02720998123171
78	16.932688638121107	6.970016111882851	77.20706382634019	153.11788042926526	2.873041312417439	3.997701238736375	-16.3437573619525
391	627.8784463328142	603.1245614095839	574.20152491213	895.1243418956891	648.2191433557392	598.395046139797	-4.79462137331569
585	637.9617592821941	625.8446729386208	564.5915382182346	838.7817155498603	661.1783745783292	600.4969795895095	3.70906636717581
468	20.390412516920193	18.189144353840902	53.59753162511593	129.33766325250994	12.20947961598188	9.00424837449896	-13.5177704418902
525	571.333250286215	548.548211377658	486.5072705657939	734.1898134719587	566.9398419546667	542.5629921640086	7.91486597298705
333	14.387086592189862	18.59633447330713	30.020490364870874	105.31563308659778	21.670691107695667	10.597047208120605	-16.3437573619525
147	634.565472150616	613.6139018569701	544.3384579171961	736.655994394039	657.0843634638544	600.8874861894303	5.46217147874633
382	592.3045360926717	578.5517459779908	521.5747082278532	765.9043148684048	614.3157929917228	571.283459163349	7.91486597298705
306	651.6867383449535	624.8689607216149	583.861583025749	883.45271345535	667.8400612612231	608.65422830482	0.0
555	617.9018827021777	592.8547361147995	519.0096199321985	707.7386729441127	638.2762623010025	586.9842244467327	5.46217147874633
192	638.4927766169452	621.6311640271445	588.3015259627165	907.8589253359604	646.8711882356271	602.8754312610172	1.81859485365136
594	648.7456293882958	629.5841629775048	625.6451597281049	949.5445984425398	647.7377614304027	607.1920031458492	1.81859485365136
71	418.31079261555703	392.11066985447934	383.56140825379595	551.3563723245842	408.81028009960016	401.29097091938894	-4.60645306664104
209	613.3219991879587	591.3982339606781	536.7396299533632	814.0633955143812	625.9972073431045	588.0164974692453	3.70906636717581
286	290.31837683877535	267.76486313671865	274.54927309135945	364.86453760171594	318.6787666602195	294.1696135619211	5.46217147874633
92	601.9179514370904	588.2872427391827	518.981291981039	774.8076336676938	605.8882978437539	560.1350224458303	3.70906636717581
63	614.3197553902006	608.8649562223698	616.6961704710806	928.4570178586625	630.7261431981783	595.4554551749487	0.841470984807897
101	15.156877579884844	12.407048372768777	58.06419042830625	149.27794138665263	13.371448454772068	10.766993716158346	-10.9998922720577
157	20.007882388393195	11.66177515369077	31.13760016018407	86.35404690206938	27.125003948261675	16.63164965494793	9.75431760235675
279	139.89955685616323	145.9147007145893	175.88287518548344	282.79143734309815	174.84071569864463	124.98212418920569	-6.43887501600522
579	9.755057368650974	14.825853973148234	21.82109211849367	112.19391614050696	5.865315290828955	10.628133883066146	-16.3437573619525
473	27.568019319459538	7.5947759120387985	78.90391433127544	162.9381324576724	9.794175127191552	6.047639439687741	-13.5177704418902
182	610.72075440794	606.9612718335945	525.3093169470208	788.6276068984822	634.5054830705262	586.6881803144787	7.91486597298705
240	31.806843257090982	27.190282367532248	40.77565663082106	92.53805727081303	36.08222692517637	25.752584854714314	13.8685029797282
565	34.87000158534546	45.277854473201124	49.6452629784298	90.5293745855539	41.97810707976181	33.568540287514196	13.8685029797282
128	148.7774169373791	118.67950708487099	159.63846999347479	308.0454142575215	152.89426264699193	126.49947575468964	-10.9998922720577
534	647.8283000547035	618.4269133561914	652.8828951826459	985.2540497452143	666.821473719074	605.2621844457148	-3.02720998123171
233	650.0466944631266	623.378740890481	633.6245240441849	965.171350301548	671.5452566455265	602.5754187045723	0.423360024179602
450	608.864147270781	582.3160679367247	530.0717263441	789.212585718468	624.0620751461114	576.7297723828937	-5.4402111088937
441	12.398143055696536	10.2542015390553	24.08356537466899	74.14900118433977	22.644423304259465	13.503273693446495	18.2589050145526
32	32.649131905881504	32.13967508808587	46.30549395013447	106.32376097711213	30.16696917286753	21.740834239716946	13.8685029797282
537	622.2238622818412	601.9231848495324	537.501122610371	780.89902783156	644.274226619597	589.140935102098	-6.43887501600522
160	619.6714912097102	606.9905751521229	545.2391648510655	812.9244984205735	649.0019044122299	591.9387478677089	7.91486597298705
200	628.3251278915161	601.5101308014142	563.5890890238685	793.9720327668698	643.3264059792655	585.957327599363	-4.60645306664104
395	619.047995219407	598.3959576058762	536.2473394642475	732.2401692631836	650.2049615134039	601.7649903741036	5.46217147874633
163	618.2933652880027	599.6642474661403	534.3337626132904	747.4738603043143	630.884220628571	568.2981658911157	-4.60645306664104
305	4.758822686810352	15.69399799459101	57.607502630269515	136.89217257475883	12.062112151733874	2.8375765592253557	-16.3437573619525
541	631.8255364234352	608.2649444239801	563.4539711226541	789.6482340112832	656.750251013275	591.828041694764	-4.60645306664104
13	617.8599590056043	603.9816199446037	555.1392329826607	866.3984243123225	643.495017515294	604.5764403917653	4.59890619103152
299	639.5992421216969	602.4139737701677	595.053361145049	944.3952342999269	653.5155513519829	597.4554951384864	-3.02720998123171
162	624.4382250626178	611.7530481266233	544.4041669945107	831.0384783922258	638.4583071572739	601.9015457527728	3.70906636717581
106	608.3930383971752	590.1998357056674	558.5758688884893	856.9194040974367	632.0914621658991	583.4493978713757	4.59890619103152
51	21.234473808556675	25.27824014911977	33.898118281893524	86.5899568931339	42.2356081143215	25.249724800877587	9.75431760235675
161	625.0302784502076	605.3885734361915	539.7552012849217	813.8663766212667	662.0756319811092	602.6899194777985	3.70906636717581
244	623.2028927763206	608.620811992221	607.7752143114919	903.7009514586617	640.059049890465	595.7010359091043	0.0
415	582.8273416652984	570.9073986510007	521.894502852195	779.2551286029367	618.0306488181792	564.0122941504748	3.70906636717581
502	617.577469816038	594.1770278467212	592.8534419517462	902.6042509013356	638.263029123177	578.4171518446282	-1.67649298919356
493	619.2498517154812	596.7488778432364	612.535367713589	906.2127349347794	667.2319487098741	582.220596201602	0.0
277	15.09374155486395	13.769305190349929	46.28435129105851	125.08813482624352	2.6164930354308753	2.9568520161539933	-13.5177704418902
447	397.34269121505423	390.0429096054662	313.2112449439095	554.6597230958354	388.7090351564093	362.2507225938497	-5.4402111088937
222	627.7663130598223	613.0267816315537	590.7040456138549	911.0697776313964	659.9252398065213	594.2697182629873	-1.67649298919356
52	17.265828498326915	9.733762047872524	45.85958199058859	130.4314983289526	4.429088040779899	4.539005105547952	-13.5177704418902
464	607.9288335767078	592.8411801868091	606.0549632221059	902.1043829784494	621.9771218569587	573.3396759720291	-4.79462137331569
588	632.0796746558838	604.8423110285435	533.7863095096552	812.3197482554058	651.9975014630509	602.5736597601166	3.70906636717581
599	15.290639209937387	3.2215770844050287	12.242725267445676	68.15632009890119	10.729675017559293	7.196352099097401	18.2589050145526
623	14.621284677922278	7.777023616036448	74.29281339955745	156.67142164227053	12.55879252226031	3.7132012828777237	-13.5177704418902
59	639.4608553187229	624.6145895531266	578.2808434318675	886.9553344250244	676.9964495470826	603.9459256790037	4.59890619103152
620	629.5282514759548	607.6849625208225	554.0357059899278	827.1468240830213	649.5272492422811	601.628990956438	-5.4402111088937
476	59.34503265408762	64.36485863071951	82.6846764472418	122.08691311351028	72.43282993491302	67.44186394620134	9.75431760235675
122	17.21684181431333	8.106944418455457	54.73427049846024	135.7667168265512	3.6839202903201196	4.558250539551632	-16.3437573619525
474	626.0223968175027	613.1267423557774	574.1393098589097	885.081946473175	653.3596308317445	603.6075637172604	-4.79462137331569
440	622.5399972781593	612.0703913055854	521.3005982020632	694.0791748936931	658.5788161520899	599.8740426646089	2.84766698359609
466	630.466251936891	618.9574645770525	550.7332266059612	747.9261260190638	658.0948444828883	601.3392821247182	5.46217147874633
211	651.0697921685916	611.7468376177173	604.1635748723974	930.8923659568546	657.9956036186909	601.7296846971013	-3.02720998123171
46	97.26118615166821	79.83025172930273	117.46545754691819	219.57192734856352	92.91601470327885	75.003795748887	7.91486597298705
510	642.0696262336974	620.5712598959424	656.9284390193656	983.9774869235404	657.7286081679326	590.9425653781595	1.81859485365136
6	549.9102305804063	547.6789286924966	495.85033039030566	684.6009841991606	572.3825065067072	512.6076525547791	5.46217147874633
381	634.0356264277699	608.4650814041372	589.1651800772734	895.6112235826066	640.9262769426674	586.8369231727378	-1.67649298919356
23	297.86674569416004	305.01969666502987	318.3103068338128	399.1110143025433	368.2302338633685	304.5055695968865	5.46217147874633
472	15.741550255667914	16.27981817516558	62.17463431568896	134.20782273950599	14.646054108553075	7.969830859788313	-16.3437573619525
141	20.68356374391134	13.929765053692021	50.705006841045424	134.22893758091462	8.929402337368217	4.521322764698473	-13.5177704418902
618	627.2691252884877	622.0024810419196	534.3629663425601	705.3236216538273	659.915955405695	598.6618939718142	2.84766698359609
615	651.2004336617218	624.5469943330378	672.5097600122826	986.7727470263413	669.2756570338244	607.692807948039	0.841470984807897
362	612.0598943064701	593.4553007796761	514.1566074089319	683.8635949828367	639.2656238252744	595.592546817667	2.84766698359609
374	636.3079362248184	611.7826773983152	628.8282048068223	951.3951296609686	661.6006736142847	595.1470054049345	0.423360024179602
508	60.53298019448984	26.20596488828921	98.58800064944724	182.9302885169394	34.94382434029675	34.91944374334795	-6.43887501600522
186	435.292506217705	385.18599094028207	430.8875886150532	681.5756787908435	402.87032462561194	390.1628877258735	-4.79462137331569
369	620.8982962413696	609.0999100275592	585.8467253381758	919.2185490561068	634.399071596718	600.5024723007497	0.423360024179602
41	563.6802700645429	560.8476352727682	510.6039436503299	749.7011572904472	594.6695944220819	527.782622936935	3.70906636717581
416	107.1822000051003	121.84226172690386	141.0647328366524	248.536295932175	149.35939811877742	119.76162756363657	-4.60645306664104
442	9.195489847119234	8.624871211765516	48.91515699549408	144.92959466982086	10.588837595599298	17.674814478921746	-10.9998922720577
281	628.212017153213	603.1094974416217	601.8660639662526	950.9662184886215	659.1056288497508	583.3957280089537	0.841470984807897
292	598.1873386419674	578.8238050361842	530.9127808046966	780.639939570441	615.7182460709786	588.692077012236	3.70906636717581
422	10.695470473106502	11.034294819975216	79.77902342500327	162.02483406783205	1.7921161273171164	8.843595262513766	-16.3437573619525
400	626.8190420747258	611.0551485263343	570.7764361097564	897.8219858590613	648.410518871399	605.5443631071494	1.81859485365136
300	378.79025263191517	332.70875838686806	308.73851240951024	548.224868183006	354.5116750047388	365.1976595517336	-5.4402111088937
314	639.0014055251834	607.0891173206279	650.4490644644894	962.7981509853653	662.0213256967245	594.3327850991798	0.0
342	548.624610458576	539.726279039635	494.3154048250715	787.3728549350774	581.389937856982	522.6006998525348	4.59890619103152
343	17.42309910362729	13.863500757324344	54.502352290782596	139.75533505052337	3.5580699211386086	4.592200695844994	-13.5177704418902
427	502.1559717548825	445.76272632831456	426.7586718139256	701.6248585208051	460.824418576028	434.1421151586988	-5.4402111088937
75	606.383940961419	588.7888204203922	507.87129387792817	686.4458402584116	627.6026332692539	595.3434255366128	2.84766698359609
366	6.228057974188625	1.9616191352525219	11.602445542482647	58.12540494494712	10.423515212866807	7.279403189709149	18.2589050145526
37	13.92770380884986	16.305480924136297	43.44320945499687	105.00186520279024	23.885007360464044	8.08402306349853	-13.5177704418902
208	649.2054524054487	614.556972564091	653.8401743019353	969.0481464295149	660.4996375006302	594.6163116673588	-4.79462137331569
357	654.4428468150089	623.139883173514	634.0827445440382	952.2206452097107	671.0612719946862	612.0390750880571	1.81859485365136
434	617.1942293190958	603.6996869913979	529.4146016927381	712.3150046571491	643.4263218546017	584.868629285087	5.46217147874633
389	29.271881669292192	8.902777594536923	29.1081505756536	91.67027841758363	30.867959106961735	18.889552346042922	9.75431760235675
282	633.0304510533946	592.13855306309	623.4985001754256	923.8207329815621	654.594627235583	589.5772846745688	0.0
595	646.9566465813174	624.157724376569	618.8340387513443	922.3371114532783	665.0769048902669	606.912271094558	0.0
522	7.01974451296847	1.2759437144667034	7.657615920445857	62.87169743409337	15.964056531618642	6.748554751239761	18.2589050145526
250	277.95624183216347	249.30729506879803	282.8808309467431	424.19318799360695	291.30583939270383	245.0982513388814	7.91486597298705
309	620.9275391749767	599.7490148098576	541.5556792236141	755.8460846337834	647.4084816500908	587.748179378821	-4.60645306664104
485	645.8940380895745	611.2173573333741	615.1270192623668	942.5365958496452	656.281253505534	600.6299569190661	-1.67649298919356
149	12.862125421376817	17.716222699528885	54.295964959753334	140.41663492768043	10.536914522146063	14.658106197413876	-13.5177704418902
481	10.236372490819505	15.874779718306419	79.39987533354524	169.8822370363227	11.99631604052545	3.2342296062633324	-13.5177704418902
611	654.945861881513	615.2343103684011	652.9945000251413	976.2579750261186	672.9662407649412	607.149831236437	1.81859485365136
372	11.52364409789555	6.361338853823026	42.32467567243704	123.01840800691232	9.629147538377325	7.140452431530365	-13.5177704418902
188	619.8866313564641	608.0123383996216	530.0797680174832	687.1875368944591	651.3952813146084	593.2888078071729	2.84766698359609
495	630.6009474249912	613.2804256990848	630.5660861683307	950.4327839793116	662.7281166286267	594.2112304675766	1.81859485365136
453	22.784790488650614	8.55553663980412	18.884393420957892	73.93558607612025	17.138514204704034	5.5725720967845245	18.2589050145526
307	23.627625043190246	8.765129606712874	20.085270520419453	77.95089754596536	23.317649868422507	8.771044650121226	18.2589050145526
170	636.1872081593433	610.835291913055	580.7609518643918	902.2488772166435	670.6751221184383	604.2832359163823	-1.67649298919356
505	629.6893413646936	597.006756144887	563.8147701785304	797.2617874129656	628.1967101305542	580.3741800352617	-6.43887501600522
370	621.1166729575658	599.6824225769934	554.787467618721	772.0960284502929	634.3294643829896	590.903817227221	-4.60645306664104
542	18.16950358640797	15.129659190141915	82.5620233563103	160.68333547878194	10.146793644792183	6.538084569440883	-16.3437573619525
497	637.8938888672883	613.8723297155334	594.4826464566181	930.5437804190212	668.9824292559349	600.4038397175216	0.423360024179602
563	644.141071334569	609.5148712621457	668.4857854722694	991.283209477869	666.3526917737074	607.6214751431636	-3.02720998123171
68	640.4282416006405	625.352977160768	621.2870388979059	939.5494663113448	671.8187785178424	607.6050506258841	0.841470984807897
43	5.966957836499843	0.7292729534335658	9.532754861438727	62.060900699907634	15.22733280319059	5.539785360851322	18.2589050145526
20	40.463742714734785	56.111201150584215	63.56224731280469	132.95181111756898	56.157945184964625	52.28505804695061	9.75431760235675
515	611.3350227157276	603.1010946831839	517.9323443789202	708.4058139123896	642.748338566878	596.3552091763851	5.46217147874633
633	16.444329828845706	16.287228465751525	49.845507820321615	134.20436379477263	6.009750060366411	5.384253604444076	-13.5177704418902
619	634.0839313371758	617.1526468267014	579.7148515255635	868.2221002348094	661.9958132520079	594.882935851124	4.59890619103152
575	624.1113592678	597.8734907052801	549.6498742283609	821.6914006653349	648.921597716362	591.6843239094715	3.70906636717581
273	618.3865502279365	610.5333019821177	558.9140974324692	820.8940010601033	646.5923396582558	590.9716036422614	3.70906636717581
351	625.3686559096038	595.6063223746332	599.8714723503812	933.6713949208456	651.9291130805674	588.225785732024	-3.02720998123171
500	642.3799556271654	611.7300881145054	635.93953057291	954.0857850993957	658.4099994894857	605.8535900493094	1.81859485365136
280	24.014967850986288	11.781338226497272	43.86576845424566	130.26161016477175	20.544971379861597	23.723118101179644	7.91486597298705
583	611.8485001124186	583.8921990867107	526.4142382770808	873.2874041833513	636.7159099097072	588.5240643419535	-1.67649298919356
49	9.490996244352255	6.820769491642701	72.73301738960411	152.50248739090577	7.554478831184877	4.527639080902647	-13.5177704418902
394	632.0761566076989	603.9506319639304	651.0418339532725	972.0344103646007	655.3496365612936	591.3227634394326	0.841470984807897
136	451.0211305954397	399.42363580536664	380.22336985112764	684.9076203070783	435.75069058270145	394.61355326305085	-4.79462137331569
109	551.0699795306073	560.4680915844111	519.4807080655985	802.2504667338344	596.1063123670694	542.2673293183867	4.59890619103152
219	603.2669612435275	588.0701566927428	584.2695140319377	912.6484465825039	633.98985132186	560.8954640083623	-3.02720998123171
173	644.6036039911825	613.2260738519132	633.4823930528988	950.2528076473758	660.038342997971	603.4774744382826	1.81859485365136
69	26.359271043371216	9.760557586531046	41.307955928311166	94.07178375853542	12.201849621366552	7.790736824090352	13.8685029797282
288	27.512776782552702	20.301077864379195	64.18999851580766	163.57712660562652	23.15516991064556	15.246783421227697	-10.9998922720577
564	14.039005205842255	10.632881677239196	27.627084796605978	74.87966407809809	18.959658220152896	6.995554360946603	18.2589050145526
405	12.64359409159268	5.597184232042013	76.41594592739324	158.2729888809893	13.89616448407449	7.313314933085594	-16.3437573619525
80	619.1044693171145	611.4116318731675	542.9795372351163	806.6333433768285	640.7730920970004	587.2619234761138	7.91486597298705
461	90.5602453761978	64.76895526580414	105.77100247868728	224.90978638901396	103.08832015939129	83.8561911975804	-10.9998922720577
144	35.975764176710804	25.204752152505975	36.35515242464559	96.25924910918293	26.718261414170705	31.048341029592304	13.8685029797282
205	653.2703641961136	612.4503271881009	638.5048517098569	956.7653307359419	661.8935328827808	604.6308075564315	-1.67649298919356
313	629.1148479381951	616.5559220965953	592.8505052093054	922.0316955244746	668.0540389813519	599.359157948716	0.423360024179602
166	28.151490120639096	5.336583773125607	31.995115563446376	85.41203462467311	13.707029311491473	8.406055730966607	13.8685029797282
8	16.742575435806554	9.927398095927458	25.954103060366187	75.55461162160722	27.15567852335431	10.46248798271778	18.2589050145526
255	619.4789407616225	606.7653717024656	557.6305289367466	870.7372059052315	648.985503151056	599.5452946715247	-4.79462137331569
258	16.46050820959873	8.690135108983869	15.412242207984118	71.86602533461533	21.77929773025649	10.791157347692975	18.2589050145526
151	630.0719014847268	609.5023377999191	592.0585002717512	932.1007874571485	667.0487374798648	602.7143964304084	-3.02720998123171
199	604.9674887029768	599.4765195565124	534.6207742378149	799.641025097541	626.434364707343	589.5423260602306	7.91486597298705
587	639.8691297768779	602.1413979880203	580.1097232965175	836.9883540897221	648.362120307223	595.8097972566393	-5.4402111088937
53	30.39635974722729	19.157150824625255	59.98137834490008	144.36848075874462	15.415527874138121	14.076670394160407	-13.5177704418902
252	646.6994589261255	613.0538444524943	595.0070902879387	936.3854215586117	680.7449510532916	607.7442847613262	-3.02720998123171
99	615.2129986272356	600.9805242109	555.6959048641645	824.0022781117657	634.8955714914517	581.465221738317	-5.4402111088937
410	629.6993493242732	610.6125220863661	614.6804202766735	933.2237809874522	657.6067806551572	599.4707928213444	1.81859485365136
465	623.756137215974	598.584064778656	561.0590301834184	880.776890780275	626.3104306749948	576.0951283071807	-4.79462137331569
437	22.032774124656463	22.856268199048305	29.01316388759564	67.13742256327845	16.027603270612957	6.001659117358724	13.8685029797282
293	640.3328320041043	610.674446568989	658.2939142149546	949.8610267193982	670.6895805421749	604.4388438815058	0.0
105	451.4835461460125	421.20567061081545	350.46696864583316	620.6390706420631	441.0165469163211	427.99482646882245	-5.4402111088937
50	621.1575338739567	609.1033022602588	532.7487249585307	822.523134687226	637.4782642397568	595.7090321060737	3.70906636717581
572	634.4748448377313	603.0709084164934	585.5453638370518	896.7635322489785	656.7239186019164	594.1554713414498	-1.67649298919356
591	598.8490431995839	585.9096443421247	495.98902871754615	660.7476829571957	638.0767001848352	594.1183679948371	2.84766698359609
193	6.100954059048107	0.9255983318383266	6.036053544035985	56.238057472867496	10.157508406907349	6.130073209165062	18.2589050145526
435	636.5273990187297	604.9798993252733	647.5750150696047	966.9762311329745	649.5956039543847	591.3318540304512	1.81859485365136
260	595.803711942418	579.5906278803484	527.0529462040627	746.8362612713544	620.4487395139687	563.0282870379796	-4.60645306664104
318	26.766711415179813	24.37070711715161	39.75055716767156	93.68091278750333	35.69588546640398	15.289769552764266	9.75431760235675
454	633.0287952714023	614.2146174740483	564.4458830984889	881.625458174513	653.6695032784148	596.660535702383	4.59890619103152
624	22.875332646524562	10.237887378099	27.194781346429046	81.1680573243871	14.719988335424876	9.63242333810874	13.8685029797282
87	20.541881456803676	10.826595236419186	59.75350820972322	140.63760516707393	25.459729306928672	16.011559981526805	-10.9998922720577
601	26.884710079518616	19.112996009125318	63.32467480397229	148.31218371935063	20.722278187142965	3.8359577137309007	-10.9998922720577
291	633.4492392296715	623.685010713317	609.7862927967692	925.5212966846973	649.7690102190239	600.9115987581856	1.81859485365136
111	614.6777516096145	592.9054570809794	545.5172003684258	768.0400854611584	642.1140931823127	586.4231596928726	-4.60645306664104
302	605.9209567930603	608.101417808481	522.9028777010892	809.7585020423783	634.3850010865397	595.2225410359216	3.70906636717581
19	30.45676284178559	40.44224687223835	71.40196631593575	183.0570341939159	52.111934525922656	46.63322694648598	7.91486597298705
287	631.2422617588606	585.3664475616131	594.8479833872942	934.9433993898382	645.9375801291948	589.5535193024207	-3.02720998123171
4	606.8338591190271	594.8011594422542	573.0895687317906	877.290765719937	623.6254647264783	568.8742751809893	0.841470984807897
66	619.872576510592	602.5550425450361	611.1970429491449	918.4420807928864	632.1971587716303	582.6682693610642	0.841470984807897
471	140.30201411654625	128.3533472898388	145.26033291387628	271.0086205103273	148.85136165561747	136.20770379620524	-4.60645306664104
289	624.858067201305	598.8575833599514	540.1645525049568	874.9454858354547	625.5882694441991	578.8351720430825	-1.67649298919356
213	102.0052172207839	73.7863872186561	128.96644251489207	311.9831581175149	92.44223174959365	77.99785014291125	-4.79462137331569
528	5.219336638265541	9.30528950393251	42.871783794664815	125.87418289671773	5.489111024857531	2.924398591802129	-13.5177704418902
380	15.884094052371816	5.368094395056211	14.945284766719393	72.17782511633942	9.47905986397357	5.17866741658379	18.2589050145526
428	24.84357980403418	14.671830982806561	29.444992992144574	89.52086930712335	21.446292378893304	17.562490001203862	13.8685029797282
158	15.942254923137	6.829831283292558	15.994500216071536	69.90201273174273	14.275163175229086	6.1763053218284245	18.2589050145526
39	361.66068344610954	363.3604747223301	320.39973685967016	529.5778579564301	349.63048139060356	330.3903328983319	-10.9998922720577
36	638.6470415730628	613.6647724074751	603.7370300117921	944.1873546160812	649.5363849564723	590.9118754366446	-3.02720998123171
156	595.9826050518449	593.6816933592323	514.6141109280458	789.568334451374	629.1731299838804	585.0327996951501	7.91486597298705
24	644.2945008867855	610.324318754584	621.4963827303684	945.5803567649675	662.6870917020432	597.8591754690565	-4.79462137331569
108	86.84965832654905	80.11763224258812	95.95930169181248	164.7784893859445	97.20141795584665	81.02423372075368	9.75431760235675
635	621.2652899519323	607.8019777061977	557.3648447430182	831.5831061300713	639.4159925552221	585.974647837106	-5.4402111088937
152	605.9079220364633	591.3281817927734	525.592268002957	757.2807214890155	628.2924965972761	586.8544288949815	-4.60645306664104
377	462.5553169733305	417.88835524852834	346.28343213858363	589.2622478577586	430.6848471496792	411.83447173405483	-6.43887501600522
559	10.470962174317815	4.721594447162318	11.787471691737538	63.251367245912924	10.417232693456919	8.686871202285623	13.8685029797282
451	622.4741062887931	606.5126187099405	545.5718920745121	839.5089018571039	649.5242824002346	607.035412502211	3.70906636717581
323	621.7610175459579	601.7701441704639	553.3004625420407	779.9762256251186	635.8058342594111	586.7723709697924	-4.60645306664104
337	605.9788735763029	583.9920041243831	503.7656581581661	699.5941774617143	624.7003318672162	581.9106801684214	5.46217147874633
484	641.2342406207569	609.6825541074494	628.9525089571675	940.4270988709674	661.3240390513979	605.2990182689997	0.423360024179602
411	13.890782359007925	10.026943019676072	52.423960675713	140.19276040180839	11.03388302028872	12.95044869219214	-13.5177704418902
294	605.9817346182891	582.9962801687213	553.3850334790876	859.4128564697826	640.1664315849828	578.695727145831	-4.79462137331569
345	623.0128524158521	605.5409010776629	627.1750483900547	940.3238611186689	635.1302325200646	584.5623694676545	0.841470984807897
202	39.24223824443732	18.173210166318636	40.664964864535676	109.72055824758063	32.08727026064488	15.391424438542101	13.8685029797282
15	6.45902698095329	7.794312608822777	16.82650979719448	62.95817875153203	13.208554568419366	7.271642577224602	13.8685029797282
332	614.2130888645811	598.1476009833344	546.8571807272415	846.0066533605992	650.2169033478264	597.3895116766128	4.59890619103152
268	628.0603783730154	584.4202550471065	559.0484874637307	806.8609218263598	632.8363670261326	566.1345162114953	-5.4402111088937
114	224.15537923023416	249.25652392984165	233.55049434325767	407.23602309413724	290.53744524260367	263.0166863594442	7.91486597298705
230	431.09602969733027	401.53772732217476	393.68803117952604	602.8305613642801	415.02857337040126	398.82613744430927	-6.43887501600522
264	632.8296637691216	596.8854400898122	570.890568062266	884.1668169250639	627.6236161861855	577.9468693657527	-4.79462137331569
355	597.8060806267733	560.1772203346123	532.4718043245485	779.0153544873681	606.8198330598898	547.588572718023	-5.4402111088937
503	645.3600326135148	622.5556411520037	587.0106443568595	892.2815935691655	659.0016758978613	602.7242442441985	0.0
322	623.6496870517508	596.7123718041684	618.1248395714638	942.2431851668349	655.2171343200703	598.192782014692	0.423360024179602
112	611.3666483087205	549.7247389145764	585.2447426283758	921.9142909961109	611.925127521705	561.2564024226732	-3.02720998123171
593	137.7848841227789	123.53203144931112	149.08190376993133	183.3596400756679	142.89932907698645	116.52820683818892	5.46217147874633
278	12.077391270641451	9.082377764422471	15.260162971075484	68.77736595390508	11.91852107382337	5.127374757975069	13.8685029797282
218	593.7415926885584	565.0811691554857	506.3477958521828	709.4344800342269	606.8105759969712	558.5626171720222	-4.60645306664104
347	28.06709781695917	30.62846213031929	68.61446629662888	159.7993975874891	26.089304477996937	12.031635892757244	-13.5177704418902
259	630.061034183533	594.9873727541112	610.2714257300801	942.5016151660695	657.3885097416671	604.8748888411907	0.841470984807897
360	37.62148575037234	52.57305211623061	87.72795452632616	176.49862722567346	49.32389834313861	55.59861905358529	7.91486597298705
228	578.943510331145	542.1524403121019	468.5906955633833	653.2409395914888	583.7691987185453	541.2905972912469	5.46217147874633
82	622.1976974543843	594.3408479643102	608.5379126077349	918.2095547361689	622.1573148340907	591.4503717172045	0.841470984807897
368	607.5234337407942	589.6722452158198	521.7189269307454	787.0481227416449	632.5352830331746	574.6037592412868	3.70906636717581
18	580.3020242361197	544.2674653014076	497.31389615263646	771.1270299215076	560.3578213680747	530.4510447270882	4.59890619103152
74	591.565036197023	587.9070305796788	505.84635983396754	676.0663805994468	623.2340410807001	571.2872883989035	2.84766698359609
203	590.4987888259024	577.6622276727746	499.7949529520991	674.9564430184037	616.4228904865726	567.4559541833684	2.84766698359609
610	13.957182004978414	8.493025232477926	12.962046551993653	74.93418831319781	8.955739201019274	9.417450691436615	18.2589050145526
115	611.9983538272339	584.1835366758462	533.8012348788046	752.2886360746807	615.0964525005279	573.1243386526377	-4.60645306664104
10	619.4748737947605	603.3801762341241	522.1207903190281	684.646689354604	650.1469416197536	591.9227148251159	2.84766698359609
418	25.487722653723896	23.67783018401272	70.26635041366849	149.0316657277419	18.918361755330448	1.2948555974605749	-10.9998922720577
608	613.378719999809	607.5922737069292	532.9093750198049	800.4791279094933	639.9669973471441	598.4230227923535	3.70906636717581
636	542.0004013351867	525.0046069441823	452.0616764413091	648.0001405070986	575.0654346581757	526.7333464213968	5.46217147874633
107	601.1751822492412	581.1927194926544	528.4244115011547	824.3220598011716	645.4922459564767	587.8114968522956	4.59890619103152
530	637.1473162512553	609.1233689884045	605.9630072108118	925.8455671215895	649.7002165119452	604.9961485887997	-1.67649298919356
532	615.690754654738	587.8239843806805	586.9621076803361	895.4104087875877	639.1744228372816	589.0705290088268	-1.67649298919356
631	234.521060922158	259.96984003881386	226.21301019884874	279.91098263387977	250.12189774696	209.41029108735341	5.46217147874633
129	311.5070756798858	309.4931503910223	337.53294875306415	553.7736830703742	365.8746780661942	336.09865716679695	4.59890619103152
55	28.236810602813765	21.31787924718928	47.61330342334668	105.72338755019085	22.165071243352724	10.788818849241878	9.75431760235675
538	604.2217257957761	599.4241224920462	524.5195853981198	789.0163317868834	639.5215600603899	592.4639902239467	3.70906636717581
627	594.420896361596	582.9502040620639	509.5741731805354	788.4948713442575	621.5228649186429	590.3065398350839	3.70906636717581
407	10.959050141114155	11.873432169359539	77.22976419892426	155.9942162514863	7.934842811915352	1.1660556913233726	-13.5177704418902
215	631.0651769280894	586.0148134200379	562.1114779159298	897.5174694829875	654.4529916777751	604.9757134153541	0.841470984807897
175	601.2888972789646	588.7041455977194	497.73607821185664	671.4344193241519	621.3437445450746	586.0051994897917	2.84766698359609
197	621.0087295269195	588.9869963697313	623.0617330434878	928.9930984082985	656.9958340336932	590.1337544271188	0.0
159	40.625453308965305	6.768961628916512	71.33805816275769	154.698305205975	23.51414023306887	4.489889494745464	-6.43887501600522
550	220.72103948938062	261.69088994126434	223.0978308815188	317.83845823356484	294.1359472768709	206.80900494833702	5.46217147874633
58	628.378743220065	609.634150633185	607.7705235412812	925.4058903313703	631.4228725266513	597.8192332398716	1.81859485365136
242	603.3621910167323	584.9494584908448	491.41805704114785	646.1060757280346	627.8338713367483	582.1909901646627	2.84766698359609
254	15.389511682306663	0.9145387707684025	11.585288534258753	72.96050580656863	14.193672340343097	5.602088470705055	18.2589050145526
164	641.2924744830987	605.2632108870002	652.838135644645	977.626524852692	646.4617755697086	599.3332159206307	1.81859485365136
359	643.0352779952572	600.6290842706195	663.0556481381831	1002.1311879836537	662.476721782854	614.6763162852012	0.423360024179602
551	25.37696134006582	25.069311490051444	35.94268112748885	74.65491305343228	29.039163516010724	23.132678177395697	9.75431760235675
150	18.110985796344455	28.521087828963093	59.058435090371596	143.13600638872938	9.839842487143077	5.596900823836076	-13.5177704418902
364	621.8553693279924	614.1998611151054	556.833104413324	821.5595509433108	648.4884125371477	602.6540057520998	3.70906636717581
331	625.5965385543456	593.4265715815477	570.4220127568635	878.6385303529979	661.1195010697205	605.7327714999226	0.0
139	18.01802897678959	19.74140666860286	42.34372093408157	96.647055033367	27.46262573427806	14.37504049979847	9.75431760235675
336	621.1467661970861	601.5273755577144	558.000371775348	878.1633486990067	653.9055084864289	602.1057419526828	-1.67649298919356
86	10.268101890411568	8.317700126567859	50.56678645316291	145.76933585574696	17.894683939302208	2.458582140070946	-10.9998922720577
487	6.055608819885336	5.047063740687773	46.33915689152535	134.15095045266543	0.8352355343339024	12.435045927023989	-16.3437573619525
270	121.03433052992007	113.02634494723843	154.89773487900192	190.32696399477064	151.13782862237852	123.39235047758235	9.75431760235675
130	618.7132995288555	586.4094694385117	549.7207044829545	776.3333078862701	615.5025643054986	566.4557541217471	-6.43887501600522
81	627.2210143652995	583.5827689533312	559.8729228361457	828.2787734464182	635.7247615117805	583.2612298174536	-5.4402111088937
513	640.6259372558276	603.6105468615758	627.8961953457574	941.437278538677	657.4626643107277	595.3005015206129	-1.67649298919356
577	12.101541806746283	0.9209277498054841	17.454872403267068	68.92997681518723	13.053956510518434	5.570434697445097	18.2589050145526
148	569.5219375218147	565.8715054943793	522.8430568436158	770.9491293184556	608.038692502083	566.3519806711375	7.91486597298705
176	622.3384284727423	603.9476316123978	557.3151835815974	854.7469038798066	650.3046333806999	591.6669966052505	4.59890619103152
94	646.6237886422291	612.7396182248413	647.5059281417839	969.5238729739431	658.943462838422	610.162585489698	-3.02720998123171
319	249.83255801703234	266.92278275058845	252.07492058984832	361.07047686707335	281.3747686272172	232.20501516984822	7.91486597298705
408	625.5050556011989	587.9050498863022	526.9366944886546	796.2771755150075	642.9509951210089	596.65219546529	3.70906636717581
56	601.3606294601026	578.7418847814258	591.6676769281695	892.6506365316095	612.8777723030112	563.8440015399287	-4.79462137331569
637	11.53163122482221	7.8912933711536075	31.162199035638267	92.24133666778854	21.4221748135717	7.333501206062016	13.8685029797282
127	615.310319711858	587.4211271037055	527.7280651975036	780.4753814298115	631.578526399707	570.1536470451206	-5.4402111088937
143	636.0727618366583	611.6574314750003	665.6942648977314	985.4704184918334	653.6580928477337	595.4089706854186	-3.02720998123171
509	610.3455602912318	598.8631704909849	560.0940556017821	888.3289386089823	658.9216563542617	589.7234507258328	1.81859485365136
386	10.231252558381234	9.58022408830567	80.95429349936384	168.44057226299046	5.0313617620483075	8.353497006321158	-16.3437573619525
7	3.8063646322656024	5.096141076251373	44.92870269004402	128.82229257366265	0.5113801107448821	1.306126393487582	-16.3437573619525
463	605.5502584519959	594.203667493544	550.4123546424925	787.9970810511351	626.1208050765393	585.7428334576356	-6.43887501600522
17	629.3430266049738	609.1646701993632	599.5559058717072	906.9882994408628	672.6007180646552	612.9025233570101	0.0
85	23.7962766401119	36.15556140548945	52.98347768508579	118.88248344455313	46.94474884202241	36.91504524804871	9.75431760235675
72	613.5465392285194	591.3896378578497	528.6322134367855	746.9450106319107	626.3338110302476	581.1893961713952	-4.60645306664104
33	11.349020906044249	3.207866550984204	14.606579260887015	70.28360705501429	17.445541502667062	11.12235098099428	13.8685029797282
634	634.0035232182108	607.4816849132999	632.8003170680664	969.6265432093253	663.5406971446367	601.290305922595	-3.02720998123171
93	607.906049446631	588.4721780078899	537.311967844129	755.113811929158	628.7126001418285	583.0793954147896	-4.60645306664104
185	604.2044601000389	593.8721604667528	499.12064040530646	677.1497750827231	620.9193379033433	590.8393216113875	2.84766698359609
181	620.7265039163851	573.8362976162902	577.1769943797949	866.4611511508056	596.7580370101052	562.2973387324516	-4.79462137331569
235	613.0294478295995	604.1461723550673	597.0357106020962	884.8173291506755	632.753000688684	596.5668836352177	0.0
28	613.0865487129807	600.1257872042265	567.2478521564102	859.9058214439423	625.7697394196986	589.9269140545011	0.0
469	92.08521759052199	71.81259296373591	129.44074613422134	284.23686196559004	84.43804073846766	83.41097700508277	-4.79462137331569
339	136.91904073798688	108.0024996950802	135.14073360381062	242.5268899943249	136.83348521260427	116.36141178575534	-4.60645306664104
1	145.209305001435	149.43468759866363	197.5014598986443	291.58830255906605	186.6572688625008	155.7757487690638	-4.60645306664104
354	17.73770962902898	13.203448282055414	49.76931063423622	139.13799194468083	24.609057703550256	23.639400860153035	7.91486597298705
573	8.74763606607013	10.749089285153694	47.773782255204274	134.2304427102279	5.030575881001741	0.8348226447744673	-13.5177704418902
365	636.7910226122251	598.4459339024879	639.9528309084586	940.6941509103025	623.9599285460656	592.2615342682143	0.0
496	573.547089734694	564.4940879101091	516.2763771866789	813.6468075353102	607.2337798514811	553.5049736574322	4.59890619103152
423	15.812874253868188	8.629407598008958	23.67403554856351	75.10037359564787	19.43251734758798	21.239307064748026	9.75431760235675
516	8.748990591529891	1.0409377022854174	15.300633510561388	70.07401065998873	22.14184975121034	12.578064428060003	13.8685029797282
549	624.9954582791578	599.5957080121439	614.0268741252636	932.7254328096651	653.0768516571916	602.9977406220296	0.423360024179602
373	12.385581246030753	6.418995825785786	24.687721386396202	82.897784279724	27.5216116511068	11.64491656424558	13.8685029797282
492	626.3752197856138	599.8995222727714	578.3821746008424	893.9152784546936	653.8042971948603	594.7215059993774	0.841470984807897
57	373.74913748752897	337.3914403323294	309.9686361947545	542.9327409170975	352.09398093746734	355.4608155475036	-5.4402111088937
436	555.2883535151101	526.9399903194992	561.9888800818046	810.3994398616443	571.3358507438317	522.0625228948123	0.0
210	552.2192383014832	507.3090283243005	519.6297588897786	798.463768859341	567.0076382163002	497.83110759868725	-3.02720998123171
531	31.370912153715757	15.042311589378453	48.1681387723796	111.4746397991109	36.40665428556435	21.13169055945573	-6.43887501600522
132	332.7654214181121	334.93625611557894	303.78927866723166	528.6286548677148	340.5092451079071	326.7586600950725	-4.79462137331569
524	569.8329143325961	539.3492789676226	584.6016416105971	854.4635288086735	569.5752975680062	525.886796796072	0.841470984807897
392	73.9556964284249	46.105820210229695	89.93746639792485	185.9631114348829	60.830695742287105	69.05811698558772	-5.4402111088937
5	529.6699629758047	501.6632407727823	504.01799579825854	798.0843603602382	548.4393342152314	513.4050454261711	0.841470984807897
275	478.0949853708291	477.5006463983087	417.2780788250388	625.1948940184025	501.3419420255095	464.06880950866577	3.70906636717581
596	80.71871177579781	63.37835488213699	107.1764247221419	262.05865198838296	73.3381416704826	65.64515389218101	-4.79462137331569
361	7.339847199435136	1.4070345164199662	13.865540569281388	58.403183443159556	17.798941911286263	5.647937747505295	18.2589050145526
352	574.1728840174048	540.9624174441873	551.2335644406593	824.0597926808034	585.2887956225071	537.2889216372831	-1.67649298919356
526	548.3884023659413	530.4554745124441	460.8520201427986	609.1410516037479	575.4738931728235	530.3813796487373	2.84766698359609
414	133.45998177567645	122.80602140197426	133.98254452006373	288.1653265072352	137.04822119744168	142.91793480174886	-5.4402111088937
237	567.1694479600859	533.9314503735391	552.8600153734818	835.0359469857332	585.3633023930379	533.6595597012705	0.841470984807897
204	548.7992433662195	518.1374781429643	482.83010423764426	774.7676156683821	558.7559663973421	526.3759113075542	0.423360024179602
12	30.009751504572762	6.91371299348764	53.37440285430997	115.77703880974252	21.545453932653736	5.7395953598348655	-6.43887501600522
232	539.8499874538796	493.6484418643575	511.8853446622662	775.1083364604827	550.4472941487212	492.69785072350555	-3.02720998123171
514	11.5185955310462	7.532191057751206	42.183846183529425	107.06877590389935	5.2531679703307175	7.372787517128617	-10.9998922720577
172	555.5699978326559	534.559678793738	532.4400441595554	812.3977341703388	564.2686789504347	524.2664682473362	0.841470984807897
174	500.7617069774927	487.1885513045363	440.48778266202373	660.4429688935015	526.3156826495722	473.0115626139044	3.70906636717581
403	13.457418150403798	6.135823384397424	37.14439957755615	108.07162068878894	3.2968533820753727	7.217892574618547	-10.9998922720577
315	342.7252781782232	335.231489461037	293.29634194808176	477.39756180240096	317.87462162556136	315.84907651581426	-5.4402111088937
44	557.3544653266218	520.2973581221032	510.0143647483492	804.3233022048533	561.1035926098906	512.9863976773279	-3.02720998123171
480	555.5352801339163	516.7910230787257	486.7257939815198	784.8227086585301	572.3742331693516	532.8150965437015	-1.67649298919356
30	12.425478969143997	2.197092503870658	7.391551738210687	50.811222368896	9.458299824112672	4.143803785327631	18.2589050145526
501	557.6135918515199	535.3038830256849	475.94809771949167	713.4678739366954	572.0352446018371	526.4374580475555	3.70906636717581
379	548.3252188398902	530.9230887834491	467.9889011146541	707.8533078456022	570.9284215627206	524.8845131749506	3.70906636717581
578	555.4640904181188	533.6030461053152	516.4760680077977	797.6043658977742	580.134823475028	528.0320122784464	-1.67649298919356
533	565.3963910369869	536.5121316797132	534.1947755110623	819.4999523731827	566.4180690283342	521.0977642775053	0.841470984807897
167	136.72344264721954	106.7185572870062	140.33224562552599	217.75814473655683	132.0910856724018	116.7575417197598	-4.60645306664104
110	137.3921320646703	94.57999670742198	138.3890085211292	320.40545915597323	113.79959845941073	123.05947363728345	-4.79462137331569
520	5.0125402144330335	3.9210386700639592	36.78808647132144	100.33256004448569	0.5056950796738644	0.8468761338644799	-13.5177704418902
449	547.3431977017127	504.39957931500703	532.644280302048	794.8370734082795	542.8468824362296	497.69650780676403	-4.79462137331569
88	18.367046572918206	0.9026267147830906	24.780619607764795	76.11511452572104	11.620839583519096	4.137974769880998	13.8685029797282
383	561.9658903700185	538.6928803894327	540.2092780882062	837.1010348325724	578.0556372929144	533.0835975546961	0.423360024179602
561	554.5807435173482	534.0793711894906	464.6383570402188	711.6718450760361	577.1479579796908	532.6130868801218	3.70906636717581
375	76.05832958807378	85.37321814778925	88.48381184425396	180.22736396401604	78.24995579706858	60.57085137606379	-6.43887501600522
177	90.48957387605788	80.78188161029867	96.77604533290506	187.9072991292553	85.1370863465513	89.80998099929369	-6.43887501600522
424	544.3347523316015	533.6211590335054	458.2478668426693	604.8386439702484	575.655892760402	516.131460889523	2.84766698359609
413	4.625940296402293	1.870577858338093	6.548008190557957	44.22067980462115	8.853130694844886	4.135871303391756	18.2589050145526
248	13.2796209541851	4.316528513184768	19.376509594014905	63.434569723011336	12.179634699625739	4.135900362049149	18.2589050145526
491	14.334213883897041	10.941526728670631	73.46654079441957	136.26500573528935	2.998653815800101	15.611000599719567	-13.5177704418902
35	562.5181861676222	538.0370767301429	564.1421589510705	834.2270942019987	588.515065407724	525.9118196528437	0.0
402	559.1527798257256	537.4559152997699	529.7354729153501	801.378135586197	593.4221469620776	529.6233998069436	0.0
517	19.663563984873342	24.383980074129383	40.41857043310989	98.30459408279917	25.790513214807426	24.031365380391204	9.75431760235675
511	36.900452030633794	16.06632960072416	61.26588192451185	133.96246280235223	27.642881141479	8.903932710140356	-10.9998922720577
290	562.521594121835	530.1914258949074	507.1263858013372	792.88323803021	578.5955528484121	527.3319152232589	0.841470984807897
310	543.0649136399259	524.4545500612514	503.46374368038477	762.0984903368084	554.3673161119572	504.9897455294048	-4.79462137331569
194	26.55657439706691	21.067144629610755	33.52790245208444	96.04626238707692	28.97240504673166	30.249663595302334	9.75431760235675
519	542.2201782337345	532.2762828520495	452.10705888663506	591.0764318409415	568.9882106380187	514.7486913640942	2.84766698359609
607	556.7509067647344	541.8228005161643	537.2121233524726	814.6352084732467	577.8156193913418	521.4546055958049	-1.67649298919356
512	71.2837484887986	40.28856730606751	81.40446475793314	176.97119023393705	74.23294899280297	46.61540009965112	-6.43887501600522
340	362.9452623244115	331.06280844618044	336.5343019021681	592.6498372505897	350.98865793816606	349.4317798538634	-4.79462137331569
123	557.3138010566762	535.3254618332901	542.4785129239765	835.5999167932451	571.9950244651099	516.1343307722638	0.423360024179602
303	3.3408333341556813	4.38735185622996	39.02477453868473	103.02780837051476	0.509180160177594	6.293517725851917	-13.5177704418902
190	6.890691669834579	10.905829650514177	47.73412705520989	114.38791138625805	4.107866181559012	7.328864482941459	-13.5177704418902
102	41.94606946260401	38.85648193710626	57.89572688124422	122.95943465236452	43.46040930763345	37.70220000680737	9.75431760235675
569	13.92590882480454	0.8961764722188221	6.948649412519009	52.46227215523533	8.37911725420924	4.633102582270182	18.2589050145526
426	549.4494377852386	535.7049406629641	456.2745415141999	608.5478862457184	575.7223148657079	522.0733978243632	2.84766698359609
613	559.1845710842678	534.404305765184	527.4338673232999	790.1482475108172	580.3904812875054	524.8045537623881	0.0
296	538.663130472901	527.3255284840075	440.1428059732534	586.4027293817705	560.8979242683512	516.3587103464349	2.84766698359609
470	555.3154684880976	534.997635301611	533.5089003548154	835.3686572942194	593.5842627731762	533.7733639731335	1.81859485365136
224	3.340548208792269	3.9191393868022133	12.764743138518222	73.35951820535303	0.9190976902482265	1.303964452398087	-16.3437573619525
236	533.2596751880427	526.0480249715112	445.00405364034964	623.996513372716	554.7746523670631	515.2814623584787	5.46217147874633
353	9.552975696886335	10.702723942233593	20.994566409357905	60.29714575574857	14.107489214654922	5.128337791098616	13.8685029797282
238	552.193502771682	533.9905791355046	493.4274600687532	776.393438637219	566.8635359235146	519.7240414049699	0.841470984807897
566	22.325510281599755	25.317023421221066	37.26432681105341	93.66523916887965	30.199264337545753	30.549725968145445	9.75431760235675
632	12.896965047303086	14.068440545969409	29.55255499866793	82.8194452915348	13.850548849533034	4.483102554914086	-16.3437573619525
448	543.7805190208421	525.2655494446759	463.8702440984956	734.9973454200779	563.1348439342248	520.1586869906657	4.59890619103152
227	544.8272374674103	522.7114186594372	452.91685295194264	595.5836474814577	565.5463278304657	520.6903349819481	2.84766698359609
540	540.2916539105577	524.7732881336119	501.43450820312285	780.0220859632423	554.459497779336	515.4292264657831	0.0
625	534.6479120368266	515.7500462394097	469.47561752174465	653.3651304902544	547.3861537558073	493.82339941226604	-4.60645306664104
432	541.5724380354368	526.8924954047064	454.98625340332615	595.0737696019306	570.4877726620974	518.3067109672777	2.84766698359609
221	551.8130246858238	523.2084519750404	524.8568173603148	808.1628558661505	571.8596353318261	522.9525475466688	0.841470984807897
390	534.6707365972603	506.0688752282207	533.2697936184233	827.3321084829926	550.5889120271738	489.42238630792815	-3.02720998123171
9	13.279030461514225	0.44844948804741114	9.741880633531615	52.483712245324746	4.393888204510777	1.4386013984285742	13.8685029797282
554	553.9559482572779	535.7112058335179	535.8554125200639	819.2288060819577	582.4954670290014	520.2699866467948	1.81859485365136
26	13.12596972608256	3.912294573990071	64.62144249535253	128.48551460071687	0.5049823914131866	1.3212060435921784	-16.3437573619525
22	5.656170019841806	4.271942415718099	11.822665972016777	50.566064822810844	7.984725112243284	4.690812972870318	18.2589050145526
31	258.80655192257007	233.58586656568906	240.47887962337282	333.74831013653227	276.1730483263141	217.94626257063715	9.75431760235675
325	554.1272321971164	537.5349660000054	481.2834335889404	723.8254358326516	579.7296255052659	525.988080852704	3.70906636717581
104	572.0456437168478	542.0737427830519	560.1810683735937	842.8293281903755	583.3516086560101	527.2488563900661	1.81859485365136
605	27.968836902835555	34.84161909796665	43.418521740075974	86.54111448159644	37.86115402178957	32.6340577640622	9.75431760235675
234	567.4099229170283	532.3820986440992	508.18189672016524	789.6865636073609	576.9182747095148	523.0043623354072	-1.67649298919356
272	558.7306763588452	531.3725485671874	533.401010085696	808.0949373849921	586.4285693810251	529.5596908065728	0.841470984807897
456	535.7631641336299	517.5350051427299	467.9825035214502	701.5308864451072	556.9963579382938	512.9147375397682	3.70906636717581
2	44.294878984006886	13.231822412034633	72.35246807819416	132.0653259860579	21.12168651256765	16.836526120796595	-6.43887501600522
622	22.40088725759961	1.8248466052415018	51.14342646318948	121.27760319376323	8.185624390735551	5.775164922053566	-10.9998922720577
443	11.010159394997473	6.89226488550683	42.08195841602062	118.68902252834957	16.440148985079407	11.597022252335226	-10.9998922720577
399	537.3186147888771	517.4251037686961	459.38323024383914	660.5131386794687	559.8348457221416	496.7437498541489	-4.60645306664104
29	531.3619346026253	508.49917908199905	440.48561370689595	607.2116265527944	552.8891533972347	510.1364004579641	5.46217147874633
499	5.839968335319569	1.068085837801822	5.225417176775197	44.567571374241886	8.6538411267425	5.3567518451778176	18.2589050145526
96	536.107272747289	537.805589669729	480.1699915809734	743.6453894694556	569.6256186094413	523.7750534385116	4.59890619103152
214	540.1315035397989	521.0760089279728	464.1743622129475	655.7106933739827	567.4774205785693	512.626380299375	-4.60645306664104
388	558.4446769413511	531.5851238171057	474.2621729399928	639.3025546939091	570.0787949820316	510.97867558789505	5.46217147874633
483	540.2809952663035	522.6818730215273	441.6093881922064	593.7939363611067	560.5122774417862	516.5768501866253	2.84766698359609
460	472.8240262632911	453.45010507306375	391.4402107216208	549.1689879916493	515.7683732370995	457.1993229419628	5.46217147874633
507	5.212370416659213	7.995796808654596	11.84836223667642	54.308433588997154	8.031546236809763	8.487689775870232	18.2589050145526
120	7.189947897741625	5.64790086276523	9.09689955283601	54.43517687395903	17.246176114273908	5.706434812063534	18.2589050145526
261	535.9060404696812	529.113397605758	459.1659516630637	593.4108796348281	566.7984880404979	517.7006089022962	2.84766698359609
64	561.8433405908547	538.6292584583784	533.9672195256508	821.8299709300433	593.1581484949452	527.902439232805	1.81859485365136
582	21.693168916962346	19.11283529645236	35.6532285606229	87.77529968758182	39.097771022515744	31.17831973160119	9.75431760235675
137	8.353427583858458	7.1063570436915295	15.734006559392386	54.55705632827157	13.426814983527326	4.75904224023423	18.2589050145526
