Performance Statistics:------------------------------------------------------------------------
Training Accuracy	Testing Accuracy	Training Coverage	Testing Coverage
0.9205215176001929	0.9175183606590703	1.0	1.0

Population Characterization:------------------------------------------------------------------------
MacroPopSize	MicroPopSize	Generality
675	1000	0.9179999999999917

SpecificitySum:------------------------------------------------------------------------
N0	N1	N2	N3	N4	X	N5	N6	N7	N8	N9	N10	N11
1	0	4	2	21	998	3	3	13	1	0	1	6

AccuracySum:------------------------------------------------------------------------
N0	N1	N2	N3	N4	X	N5	N6	N7	N8	N9	N10	N11
0.962603551860973	0.0	3.7477213881580203	1.962603551860973	17.339192633042284	792.457186213568	2.6078730573833258	2.8076439267661613	11.251249608390246	0.962603551860973	0.0	0.962603551860973	5.3580411781268475

AttributeTrackingGlobalSums:------------------------------------------------------------------------
N0	N1	N2	N3	N4	X	N5	N6	N7	N8	N9	N10	N11
29238.6586425608	19512.193342821734	90583.42063720309	137971.1313424018	584287.1721104548	9417654.285463685	41181.93165131668	97585.60161571918	158086.31612948704	19177.332065828778	8177.1532275042355	30627.166399897043	68613.21762635442

Run Time(in minutes):------------------------------------------------------------------------
Global Time	30.41716536680857
Matching Time	1.8620823740959167
Covering Time	0.0
Deletion Time	0.16944899559020996
Subsumption Time	0.0
Selection Time	0.03467305103937785
Crossover Time	0.005243543783823649
Mutation Time	0.0
Attribute Tracking-Feedback Time	0.20681217114130657
Expert Knowledge Time	1.2856695691744486
Output File Time	0.0
Initialization Time	1.2884196360905966
Add Classifier Time	0.06046600341796875
Evaluation Time	6.755172657966614
Rule Compaction Time	0.0

CorrectTrackerSave:------------------------------------------------------------------------
0.9602994589760354	0.6897708051245781	0.6977155238459444	0.8897190048552746	0.7269419144673279	0.749135274322672	0.936469733452874	0.964357399062723	0.9239025903409174	0.9762698022417413	0.8350862665853719	0.9318705432095102	0.9505512824461392	0.9872085218822095	0.7718395990069293	0.9590507194320953	0.9607681849073958	0.9349814733978778	0.944172316777478	0.8760883773490856	0.9810683215462177	0.9517169568219199	0.9260184733785869	0.9133799268557271	0.9371388854550353	0.7555608694023016	0.7158702766588538	0.9145840625493554	0.9565204732001094	0.9383294578759875	0.9739425231944234	0.9903756639310922	0.9703110516085935	0.7693456540874679	0.9430272719785168	0.7432786458643741	0.7091354721746805	0.9585170925574492	0.9008663927445283	0.9524088126161019	0.9478440334460551	0.7527121964613593	0.845025723882755	0.868437032023406	0.9918136427076131	0.9388519032104884	0.9195533413337567	0.9036429904356316	0.9838493072246169	0.9490220583346566	0.7382210567670603	0.9523670956482329	0.8778661813118066	0.9155593236454467	0.8914397770281748	0.9353177652744092	0.939535907931192	0.9352838145932597	0.9435747510514892	0.9208499274123692	0.847760027293505	0.9703156909358434	0.9103098691202354	0.9394057998518804	0.9811627139411189	0.9649933201457435	0.9610567622354701	0.9038046631851886	0.9803306619864581	0.760203426453552	0.9797701834805512	0.9820261876447417	0.9711328001832338	0.925832607005861	0.8427486676814581	0.7433302045474772	0.9410891807777989	0.9944456655797275	0.9630256991464667	0.9867146111431613	0.9363146858282095	0.9912572901324523	0.9380993373340483	0.9744130640198236	0.9309682769623112	0.941395612190458	0.9356628078417284	0.994834949242205	0.9489936146233369	0.9432339713909218	0.8798750438209365	0.9359142110342655	0.9593864139003098	0.7001590139956584	0.9375349516459032	0.925442985984597	0.90850365676061	0.9553066979964279	0.9189840626595096	0.831110330550024	
GlobalEpochStatus:------------------------------------------------------------------------
True
ParetoFronts:------------------------------------------------------------------------
Incomplete Epoch:
0.7087890988131672	0.9317618508447778	0.9317669319174159	0.9318516443802648	0.9326045353103924	0.9326195259747523	0.93270339100935	0.9327251590811848	0.9327586418442871	0.9329376647585784	0.9329743793053323	0.9812645477034896	0.9812741063040091	0.9812749506921868	0.9824266031995211	0.9824600533182176	0.9834562873268979	0.9834819375323791	0.9835288795706867	0.9835775472449862	0.9836082241047198	0.9836193463965398	0.9836561599461726	0.9837436083265854	0.9837563942413107	0.9837564515626147	0.983783085353952	0.9838846572945155	0.983903834055492	0.983908986461713	0.9839186580232655	0.9839324700354772	0.9839343028715513	0.9841539474669903	0.9842126135968794	0.984260771619252	0.9900699942350429	0.9900759335831594	0.9900918029676893	0.9900996904887701	0.9901110182651881	0.9901382339629039	0.9901456856036025	0.9901457412551359	0.9901628752533436	0.9901734085168934	0.9901837618625424	0.9902892523763369	0.9902961331241814	0.9903356140088936	0.9929693208802228	0.9929930823051317	0.9930006882462011	0.9930086289094932	0.9930256409324038	0.9930287427237038	0.9942982058160513	0.9944222097881751	0.9944868479584383	0.9944976142538926	0.9945087576718568	0.9945228847513502	0.9947640218802565	0.9948421745387103	0.9956234713650937	0.9957418328830681	0.9969525087747558	0.9973364857242059	0.9995637980396724	
576.639344262295	375.6283716283716	375.352	375.0576540755467	374.983842010772	374.85141294439376	374.7625113739763	371.9065743944637	371.7482758620689	371.0309278350515	370.95368782161233	366.32303090727817	365.12307692307695	358.8225524475525	352.7758007117438	352.41310541310537	352.23719676549865	351.76151761517616	351.7496443812234	351.37366548042706	350.997150997151	350.0417246175243	348.7136929460581	347.7590361445783	347.6106194690266	347.03225806451616	345.7882352941176	345.19736842105266	345.06972928630023	344.79532163742687	344.6606704824203	344.3478260869565	344.1876046901173	340.5893909626719	340.05899705014747	337.92694965449164	306.2008032128514	305.9050683829445	304.69237079573423	304.6381578947368	304.4971381847915	303.9966555183947	301.47457627118644	298.99740708729473	297.9268292682927	297.5916230366492	296.63881151346334	296.50294695481335	296.0315893385982	295.8308751229105	274.5493871665465	273.93939393939394	273.7237888647867	273.28	272.8971962616822	272.49329758713134	95.99708171206224	92.75493716337522	90.95391705069126	89.58333333333334	88.47433903576983	87.84477379095163	23.8758109360519	21.341521394611732	6.757763975155281	6.097879282218597	3.1965517241379313	2.710526315789474	2.4667170953101363	
Complete Epoch:
0.9736754834494862	0.9759565493849365	0.9821530367572485	0.9822104108970016	0.9823084148918152	0.9833750991663045	0.9833770301218895	0.9834133564532422	0.9838370252143096	0.9840763051897234	0.9843720470303893	0.9848194374823884	0.9898615937743461	0.9898878117698627	0.9899191585913543	0.9930086289094932	0.9935138342238449	0.9944136583662078	0.9946762352279052	0.9948400779280846	0.9956234713650937	0.9957418328830681	0.9958477436544312	0.9960026918452063	0.9967594125496664	0.9969058875985252	0.9977526625251445	0.9991228553286252	0.9995637980396724	1.00000000000145	
749.0	368.92	364.5833333333333	353.42	352.27066666666667	352.0	351.4133333333333	347.0833333333333	345.5466666666667	336.5833333333333	336.15999999999997	330.2933333333333	305.1066666666667	304.4533333333333	292.584	273.28	205.8	88.236	20.297333333333334	7.286666666666667	5.077333333333334	4.984	3.1333333333333333	2.9573333333333336	2.8746666666666667	2.7253333333333334	2.306	2.2453333333333334	2.174	1.5066666666666666	
