InstanceID	N1	N2	N3	N4	N5	X	Z	Class
477	430.6967128388843	194.6844814083593	461.93317793944726	461.68565247904655	210.81743188387497	1291.6012211705097	2776.2071376199096	5.2
421	544.820840399625	346.2510976139408	597.288183746183	482.70329851005977	382.4392216667151	1063.0763555474311	2191.1732231001383	0.2
178	496.37086208342447	188.081118344959	487.6807513661895	529.422004207569	205.3629472095929	1365.779271661607	2852.451103451182	4.3
576	346.96703780711067	181.68825638338296	397.3192553196515	389.89634007531254	274.4060710674344	775.9771044939366	1580.4510895892413	2.8
387	613.1883038534437	338.1227484800345	582.4592322379481	668.5650104066726	391.65459188061135	1461.0104699941687	2704.0798541600984	2.1
183	196.89830436955882	86.94005500663484	250.93248823334295	256.63557110461454	99.43296780337306	615.7430003255733	1649.7067778420053	5.9
606	619.9027371544795	317.3012010432408	536.129027962149	610.9386154968947	342.8346188770561	1445.2988991477243	2674.5275895379914	2.5
212	529.3204898261338	239.78308042257447	446.3886304361741	563.1704690171499	294.4997902517917	1404.1457682920745	2628.0863925135423	3.2
617	647.6365647109549	379.09613267429955	555.8590851943243	682.011840734695	470.627584490426	1406.0070780784602	2600.8426518025735	1.6
433	502.76983186692667	220.6648558198904	431.0447427955048	510.0812353538875	242.64681880028212	1359.0905112734908	2610.3515591857513	3.3
398	580.607550304838	372.84031108246046	678.0931090727836	617.4663106953492	377.4657554986646	1351.2804199323782	2516.815841813249	1.0
145	531.866892309746	360.55595228857584	668.3229920583844	616.980436343155	404.9665250674821	1244.5541730801144	2362.7476176764167	0.9
3	486.26586491007384	211.40116406495977	386.18821448850866	523.2462704105126	218.98315041969425	1349.7131185091448	2581.01614559664	3.2
316	422.39194634709474	170.0483535935685	392.48826792956754	462.6809111732552	156.09300340349418	1274.0612802728374	2722.500745004308	5.2
153	648.7827352781392	387.5046347785662	728.1532514340222	658.5662692426727	406.7013686587482	1390.8860786650075	2669.359596692217	0.6
616	555.0835222654234	373.2027131212672	691.8771173984693	626.2864314555264	399.660383422922	1359.7617654468258	2597.153795244687	0.6
284	456.9180042529613	206.5774567730336	388.33355318601235	492.64882279254766	194.26561221841257	1287.7545777179976	2520.039399462642	3.5
494	406.4532181268872	157.1359833834761	420.24789353532367	465.7303205325099	178.88954325736591	1257.0004761932844	2768.1758323672234	5.3
84	230.73237228630254	160.68505267946986	260.7421390508616	217.53321472898472	188.4565106167614	408.51839826253797	1001.0548153908646	3.0
567	432.87309420806804	165.7613764254186	407.1808025651606	471.44347295567843	168.18487544938975	1267.773796789173	2761.2998348443653	5.1
79	423.99562975464295	180.29721839041096	403.2388240556813	452.0730120748142	187.84501573360097	1299.1080082783797	2747.8020505022155	5.2
412	464.5818207585888	193.08528659323136	517.2731296485084	555.5406873964901	214.08751086058467	1379.5032893468042	2852.444206553129	4.5
121	559.2077757570315	270.01858742439157	474.3411294837363	537.5369773016722	288.1872336952327	1392.3410708382046	2645.5728814617705	3.4
431	247.12923870754804	94.36598280587754	308.6741539429742	292.5606587877814	96.5383694596248	664.7796445367135	1672.7797530253276	4.9
330	628.8643647551659	407.15435697044876	619.5640744918297	668.1212727647843	394.96960537225186	1456.8636192352974	2713.6644263792714	1.1
14	549.8872134898343	281.1252084759685	528.1389655269322	607.3999580960985	381.0121627031611	1405.176387361556	2597.7790149210778	2.2
486	425.7224981575941	191.06598245809772	441.0205578637126	494.68153344203614	199.76865260190675	1289.4201462451797	2728.2427195837	4.1
269	438.0380944063727	171.64601345932337	392.3195931002609	460.3818592275637	176.66520874772507	1288.779157514956	2741.418056333532	5.3
0	456.831540246532	272.25430660941424	487.32567155759	602.4125172232611	280.38366846897105	1348.5574043683923	2577.399799454024	3.4
358	616.091738432648	348.93452732627367	554.4093885787573	624.8403130605578	375.49404449254286	1434.3954419297902	2680.7469102814407	2.2
220	341.4453012976504	211.27417331146142	310.1580841527827	314.5575273637875	310.02907940431766	447.89707687363506	1064.1214348897586	2.0
117	333.31793353333194	242.53136375455875	393.0324736661537	350.2471266156528	330.8489830837711	610.2081411287093	1338.6655469771144	1.9
184	486.00664377959214	279.143917325946	482.22242308365645	583.2353201346325	324.89502584841625	1359.4534645165577	2552.013800033329	2.5
586	495.83101925242306	213.2694223063383	418.5955092917005	497.6714620943308	242.21593784115885	1332.3789714199104	2580.487082330805	3.4
536	191.77800821311746	78.9528496616909	242.52282140404384	250.09755161671924	87.47619962688653	601.6658392373033	1635.685408291678	5.9
348	587.880775771522	383.79095988014035	685.8284263048096	636.5088259531095	416.8122104494278	1333.9928044661897	2517.2892321998893	0.9
103	605.1610383162831	335.86892721931963	686.4995635758048	595.6883374554711	397.47245051554466	1452.5354086066484	2748.263177351603	0.6
155	425.25584442241217	160.34493370709993	386.21694671209707	440.74263639578203	158.20334136705912	1293.952331470988	2726.613613443949	5.7
452	400.3814956982873	161.21324576936692	440.60023599727015	483.64175422272797	169.61213247533317	1257.6331994000323	2787.447838550342	5.3
589	687.4902231903397	403.989029211196	607.5455912926872	733.8263204355181	434.70676498891163	1543.1135284383931	2792.560770804206	1.3
276	592.0390026782708	310.235754443848	491.3025393632237	618.3840504833553	345.325313464396	1441.7602171243807	2623.687234830457	2.3
614	347.1020915271931	151.6145629136136	395.1436902602251	430.5826147017303	139.27975302449877	1062.576051924787	2353.9960012407273	4.7
444	527.6070097427098	347.71785466075465	521.8713956626154	565.0136553876172	430.8546658659619	1241.1646894829325	2300.614017336689	1.7
560	518.4442889594292	339.1678301733314	717.48984626199	612.9070487555281	398.74299192472523	1478.9700433201624	2780.7987695345214	0.4
527	547.5843710523137	345.2617179888606	619.5891236465114	606.8974309344496	369.24277467991436	1359.5156925300246	2431.6002463582827	1.0
239	242.3590262816602	109.15929109950021	267.73992527766603	299.36211042461383	91.66825033904783	775.0792085071765	1791.4933364189815	4.8
274	434.9079695564068	176.83197859841889	404.5679080399588	432.44709516634623	172.10352230335502	1342.3668590180046	2765.5756515436433	4.4
478	433.1536444570412	180.8450745249019	390.6587174825342	434.1860164756888	169.80711484061638	1319.9908967306321	2743.0555334102582	4.5
118	449.731672765301	190.19456883960143	409.488024266779	449.82986776853096	208.622873386301	1338.6852834119322	2743.5138957146532	4.2
425	525.261733915632	334.92012470981945	735.1090282640876	722.7222903773038	425.23781935696167	1443.5927959803319	2767.6646982513116	0.6
604	539.731708221601	247.14593199025816	445.58969530228137	515.2140943856282	272.289285273634	1382.5975805781504	2638.0840645076837	3.1
146	595.6388000707313	313.7861369987044	540.5705248200969	569.9362802006937	319.0005651905328	1434.888968299912	2680.50440766061	2.3
60	389.02527635768155	142.08637450267437	355.01898949010496	373.6972634678263	173.20400019222276	1163.7486404109202	2554.012548586011	5.6
506	448.2707529703817	327.82363316758415	524.642200401138	559.5099217390162	369.55201640334184	1204.9328854657458	2271.6585506087727	0.3
113	427.9507840205811	169.00868840570973	328.4884070376025	454.93885554606027	175.913333685031	1292.9000955550619	2711.371001425728	5.7
42	520.2469766569736	333.3068653167728	704.7459872152116	681.2190059884966	411.882047486043	1491.2187058678292	2768.7328227698345	0.4
334	450.7107736000484	173.47361455380639	365.66145780457066	474.092364387826	181.41945000865218	1327.8651772171577	2733.499918534687	4.5
298	650.3902786535099	405.1789942850208	615.7938468513045	671.6494352174293	426.30979777421504	1346.9491818501945	2536.1970045185276	0.9
253	399.56382308435565	159.61370204609628	391.5764849676871	445.2483546820548	172.10677276122476	1299.6820318889984	2736.5882083163324	5.7
488	500.3574004864407	353.38479792141453	685.6557001817228	656.6815487961602	399.5847756072585	1465.0319533288898	2738.6169922919685	0.3
67	359.67056252489743	199.7019981241995	356.0575235516635	349.9930740585564	214.8210707448084	746.0506862346454	1574.6066047222776	2.9
241	404.3166708101802	126.7457804381755	343.1616985025838	467.25596750565177	210.67605230390294	1249.874724427442	2436.186113949368	3.8
462	433.13384980785725	155.89080126340878	425.716606399765	500.8417037559708	239.75572125878904	1278.7872280320862	2519.8128007015785	3.8
34	467.33464287839683	196.4710820948955	466.45147020899566	479.26604323075463	212.6998820977342	1339.1922917048876	2793.332091806041	4.2
165	582.0910332500641	358.0956025313933	597.2962297042493	564.0180454497125	376.25099381286026	1268.7989621786846	2445.22872904541	0.2
409	391.150933084318	129.92020842707464	402.58669436190416	489.62031798029597	203.93977942502806	1310.4858322810312	2669.46695467489	4.1
11	553.9437246524536	370.7032758846556	735.5355363001739	632.2571498087185	401.67530250111275	1480.6555288624932	2822.545666121631	0.5
207	549.0349395671958	247.2934000305826	517.8829027439741	585.2964580179917	309.308647921094	1400.115423896024	2675.7077570057977	2.6
602	544.9880096946553	367.95429382893155	643.3392417787325	572.3136588475686	393.800558351355	1328.2688886095036	2483.917464766572	0.8
363	210.19401027913364	81.46910287937581	153.82372721761277	194.50414728148994	74.62316974366557	484.6481875627224	1216.0779863865191	3.9
367	438.26395332218635	175.3506992519166	333.47784778657683	459.10913153623835	167.45952462745407	1277.95160130079	2693.3303810511607	5.8
135	405.65042496006646	137.72124015388613	417.4446573158914	455.5884593829425	189.01134222054642	1254.7627225239985	2741.2139896826684	5.8
397	554.809983418294	263.4908643539614	395.8861491467281	539.3700237579089	282.03579078425633	1379.0775381241945	2575.003127521479	3.6
271	541.1631345286369	337.10169727603443	549.3014176528518	613.8604560449559	399.59018209133933	1410.3103213023476	2638.8435079674878	2.2
396	523.9280450312713	261.98319669766965	431.5097577754721	521.5984043447107	267.9891738205532	1364.499849261853	2579.623825352867	3.0
552	648.509397036007	400.8577548977365	716.4742404529883	670.8148930831142	420.6562864113195	1378.3745316264135	2649.9775291509927	0.8
518	233.48544980802555	93.19686627639038	276.84685020077586	308.5705216666179	106.28003063400011	754.2174833609665	1887.044555184399	5.8
54	548.4091404902357	328.99110401512405	508.3283448735244	649.3022386395705	378.345947323272	1440.5413695323527	2583.667811804345	2.1
344	432.45238029804204	165.01018964026434	330.44913946183453	414.42327127728447	167.2169433340654	1320.2875402427499	2673.4741430229724	4.6
329	446.3125942669675	176.4228011025371	420.7839971074742	463.6169701030425	184.765063925838	1274.001112826613	2757.223501603989	5.0
134	486.0016397910754	254.31445866532903	498.33039257528446	450.02154406484624	348.4866499879452	879.9681324514081	1832.8578369946329	1.8
48	401.26187502291583	181.21911178222828	424.3861644475501	415.5687015472129	257.8342293671388	910.255235401992	1821.5083811072864	2.8
73	484.66549537955854	330.9536199115212	679.1755060255547	569.3611236092645	397.46137551707693	1288.3552373396317	2562.303415666842	0.3
98	474.9504764852679	260.21365264772186	419.9266151131951	570.5369483676666	303.9619306294097	1340.2469091653218	2504.434346295257	2.6
229	439.90435078406915	163.58651641115515	395.75594338599427	453.8260051793839	181.5072048412452	1276.7893372194574	2774.5514951972314	5.3
570	369.7129055926418	120.6438677561066	426.6127452169834	441.14470095215717	170.5639885102009	1275.5435136275235	2761.794216056961	5.6
548	399.79714773258536	144.69673649775493	308.56890117861536	390.66467166827016	148.77449020585755	1060.3180066078896	2324.7652158405	4.8
169	627.0157492697266	339.0462299932209	506.03806042297435	627.5679128551471	371.0360080633928	1449.8353050959977	2662.0262558585237	2.2
133	445.59471124448214	169.55564429198094	404.7001183404337	468.9196672718105	182.68697838817332	1303.476180903012	2800.312716261156	5.5
89	536.8202735552509	331.6110610657062	741.8654227055632	624.8340318187135	418.17340807691915	1426.4407544413211	2775.303773455785	0.6
21	517.8001554737731	224.23417488499413	464.3933444754846	519.0926900061895	244.8800138216133	1378.0556082103692	2658.6078730289514	3.5
100	614.5438080078769	392.5586925912309	610.3064524265359	720.6094360291879	469.2416698249816	1511.9259872325902	2751.465977967932	1.6
256	635.4312056201961	373.87507665268544	688.5053631455299	584.9224760162642	394.33080036923275	1366.8757063667663	2615.160319214317	0.8
95	481.3313635575271	294.6534137766803	493.70551709029206	486.06858959079443	357.93343195271393	993.0520433005382	1996.9126282494362	1.7
568	422.28990424195416	184.76353708207003	459.73818648286044	459.4111751549367	176.36794583376715	1315.150962874212	2825.3265591950894	5.7
189	525.1812260281033	331.2206640848897	740.4034068774596	639.3989681880806	395.11179684153507	1459.8969966298123	2790.9688184744386	0.5
198	506.32822854254437	291.9152273278917	534.6663349713398	611.8748892217385	327.9370047143196	1401.136232332496	2630.1502745251273	2.3
612	399.8691058103771	192.92567691198667	410.76274887205193	537.0168991029681	204.78977530457666	1306.2686906704141	2527.141460787304	3.5
556	420.20559560665833	177.41862531060153	350.74981085607135	443.1259147868413	163.7316598068473	1321.4615349193598	2710.465277610027	4.4
609	521.219721291841	333.823083151935	547.1779213726776	620.6936593906893	373.09673276264846	1428.169178504763	2626.532053226803	2.2
475	316.74497385198373	114.32806617093348	239.99936351361757	271.4690654444179	116.07889729972356	674.4530351355487	1512.187883040226	3.8
467	445.9656565552299	309.6743795811441	467.793501129275	455.5323996738525	378.8728779702792	866.430332965512	1797.643558623807	1.8
65	605.9894879609511	349.0755522503211	735.2264959208699	645.6817708528389	379.9630368145031	1522.0931439972649	2888.623366231167	0.4
97	444.533220593769	226.25703831622258	390.697834717089	513.3293703367946	242.38668546104486	1318.8304295724581	2544.61612258231	3.1
378	630.1227516725797	323.96774493603635	561.0259824175856	633.4382890495707	404.69782826817914	1461.1382160733615	2683.5442366243506	1.3
335	453.7414747489934	256.39443222559527	305.79971654040975	329.5193819715532	293.06245531842427	595.0520159735278	1270.9002307860433	1.8
562	200.89893330856935	92.28188669667435	202.64925706218946	242.5953340599447	97.51168566911312	601.5450045923981	1389.7305981498307	3.8
295	436.0004780922077	166.40503832668887	377.5053953847319	498.5544882832302	188.6645739638778	1336.742342974163	2765.239032044571	4.2
326	702.5593702063486	383.0047621760399	632.0858019980612	695.4052217696977	438.43604166106013	1525.7405153172715	2880.046354148437	1.5
195	344.197980195571	268.2967649082157	553.0210719310705	394.7280758002498	284.8467898210032	850.1350757857318	1873.6192940678739	0.2
446	429.69992491879276	165.84203979807626	501.2041500741106	512.5571266131283	182.51558875951423	1335.1299376074835	2844.6418946276613	4.2
251	585.834508430358	289.3251357981867	540.0322370973257	608.08633641111	342.73360506071134	1393.4092204698134	2712.925030779762	2.2
338	232.1129540018977	212.83507542675898	538.7537694756215	345.2653863037955	244.20360105225507	616.3905787103955	1540.2199519947123	0.0
285	644.8781734365762	327.7433253735215	635.67408716807	663.4699742255282	431.2148969214399	1501.3369961157002	2808.261495991454	1.5
171	471.607679731632	301.7757401933464	529.112684591989	447.3074387351769	315.5682467139157	977.7736716604061	2008.6865334399035	0.3
201	299.3120044620524	205.42494958757246	438.7584580746693	305.3247324533841	227.34749707863105	553.4285570216765	1411.2938910870225	0.0
297	503.72038901325396	331.8739286687838	695.6222396131401	677.4078673818359	411.6324811238931	1440.3473648343277	2735.085168837967	0.6
61	425.2389010630762	182.71164012689883	407.98721583104447	460.83584554845913	186.8209890962997	1299.786159186032	2770.643319390204	5.3
125	467.7338929880547	197.49663515558697	403.3563511100887	528.6860367586318	273.219864132107	1318.2560928431162	2499.5636687708343	2.6
243	471.3720505361538	313.5850877576771	673.4863548684182	626.2752628904268	399.4054125181789	1346.801877180207	2598.590851947347	0.7
245	494.78710962081345	288.27272080558834	533.3695274998415	574.078179251818	342.73994919354857	1379.6485901542117	2591.8173560177183	2.0
430	418.8766638979849	164.55525582551564	468.9364766531416	513.8133913593833	174.3628203970192	1307.4417369453586	2798.9808484318232	4.1
521	448.9335843665304	194.69252766874482	373.1090212657431	511.20913365495295	200.9921108938448	1337.6703432829745	2570.571480363401	3.3
385	158.3770614534216	63.70996346107752	234.33432325002653	230.4289991708621	78.4670563827298	504.3540165608526	1493.0119439892055	5.9
283	604.8674280215943	310.58279818398853	535.8898320105416	579.2726963656556	342.89279134902245	1428.7582172271611	2690.145536938655	2.3
406	577.3702441131618	385.8410034449696	601.2500432377858	726.5833770881381	447.1992413247463	1504.5868759190041	2726.5671004844166	1.4
119	594.4852098138452	266.9610418844168	487.4992495481106	578.7873383280969	306.0057819148816	1430.9393747708066	2689.417857841989	2.5
597	278.38450317361134	151.9625360790094	313.1116513090004	296.1592833302725	178.0225124444059	603.5054644873971	1375.535539162319	2.8
196	271.8266032288856	91.63708887128897	308.8496551475409	344.42714031754576	116.98887186119426	873.7563679646263	2093.7164177229515	5.8
187	404.98095495136005	155.5597516265312	450.047664603802	469.4434601599751	171.9476124723694	1291.125375450154	2823.0321335071676	5.2
543	512.0498621158647	329.3893129346332	743.2063183902235	718.927698133164	425.13078327993713	1481.2237189410557	2818.957377839857	0.5
539	559.4681193349039	270.30442391151394	470.58553110997826	536.7445900663939	280.1582727150423	1401.0477583659003	2619.4966300385568	2.7
223	378.3146569574949	146.9722691679171	371.19525302305755	430.27327471439685	159.08886953918224	1146.8101128091726	2552.5755928343715	5.8
535	425.9334330446748	178.27482663063986	464.1283376508372	538.1297408855709	181.41048517922323	1332.1448650070888	2854.8386101864526	4.6
249	428.62364888917875	172.9181215458076	444.8938520180005	459.5431633752666	189.79488494862574	1308.9581964988004	2834.467277438589	5.2
191	599.2435945160605	398.973189738965	662.890895408677	704.1532052214666	466.3610263688612	1509.7943637691944	2831.3109548146704	1.7
628	515.806123540482	328.5195165160614	632.1495301932435	633.9850945200876	418.5867784266735	1469.3840619570396	2718.436782496613	0.5
393	216.98283616050927	94.16935220795017	250.71479316215996	223.40722874763696	103.53539195405594	633.0988289283111	1669.6425285673863	6.0
70	486.7986962092599	262.88807128111057	451.5165590494133	475.7189309804628	367.9804202155702	881.523376753877	1813.1255165834832	2.0
341	564.5266116035677	375.405133730846	767.1782824528109	660.9366618039678	401.86791138178853	1475.87404609921	2891.1984457555855	0.5
142	518.8994332303995	324.94647490930447	676.3347674474899	663.051206831591	403.31327208993144	1463.5487666746724	2784.653989120784	0.4
180	598.5446500176901	307.36690808394235	530.8826266899868	615.3650011804477	335.5714264235068	1457.6070559791688	2747.063015811575	2.4
498	501.1477789116807	234.99010997764546	445.88358537609713	569.0973616725632	250.7630659867055	1395.0362013895483	2682.305217807756	3.2
90	411.635507147151	268.74776372574604	535.0015820665923	402.6944130093391	289.95146195019856	821.8674431218908	1807.351190846808	0.1
439	196.35581152834538	71.74710132558596	228.08382669222462	226.08407824968162	80.94976680016472	550.4855092411526	1531.0218256178932	6.0
574	419.92098292463237	159.60058152159135	468.6493740403119	502.6278005208028	169.92081070627998	1348.620942239832	2890.531554139887	5.6
257	638.9659384264525	310.0970186850927	555.3780449361145	667.229062287665	437.70772898315033	1509.0900726062432	2763.940683186112	1.7
304	551.9911097127014	381.3809578755139	572.437368554991	611.7887809708349	392.20031330301276	1475.5525081550381	2692.447129368942	0.5
124	598.2173287100065	275.7708574861747	487.889779310562	595.2170040544061	327.09056538083917	1447.526983412532	2702.8623820717285	2.6
547	435.7982510748969	174.78133042056805	481.0989800809877	511.33193436556655	168.1056727120808	1352.8903637830497	2889.6859955512846	5.7
356	421.8581173760752	162.12563200610896	327.55798880365427	463.1105767887189	181.15231238044842	1295.8201628016686	2743.3828016379716	5.5
482	460.0949224639237	213.69551376755314	479.4255907684901	521.6907984498102	210.80040468604648	1363.8675211373318	2860.1349315128186	4.3
384	656.1625854353235	342.1104723761321	645.3194722633848	682.1689365816469	463.96530596814233	1537.3009335186007	2859.8929907782954	1.7
419	542.4473481635537	343.99285843268376	765.313810199942	683.4189289045622	401.55378353477386	1477.834396295301	2835.933239699115	0.6
116	459.2762968421636	217.19958020633706	448.68086490488315	564.503208298996	246.96164726899812	1370.2596608429567	2652.2652260633186	3.2
571	583.5312178909356	315.71968007933475	695.4742032720133	629.6364967074716	390.3814416110532	1416.7014130163125	2707.122234940827	0.7
603	475.08854900768915	165.37869518810442	383.8039596288741	464.5792755461124	171.97317468981382	1369.5500490611237	2772.665163496157	4.3
138	580.5288999174978	306.85117274526044	541.6888894225668	588.951070229501	396.43862984599684	1364.433772662792	2491.0236676734526	0.7
311	378.7392145227866	249.06097152607626	317.6895172587336	355.4565130156758	319.2545925542335	557.3766002821984	1257.0633989454502	1.9
140	247.297742045377	97.63728368981054	209.1784258919269	244.96571981113564	102.24381850692856	789.7587043424485	1795.7423684691364	4.8
168	443.1801288829416	168.30068837399023	391.4858502628586	469.4546327878657	180.76381052014534	1334.8817816730204	2821.1267557615547	5.4
247	687.4081374432303	383.5865195627542	588.510760499073	692.5387532416888	441.2344366717169	1545.8290874258923	2837.1958240829827	1.5
16	238.86380666718586	143.7856430178508	313.8824741006326	243.27671615149387	181.56979484503145	518.4660291708549	1229.3904324654766	3.0
327	620.9484679844944	377.6956999906415	592.8588120961386	665.5477219080437	469.42445307756975	1510.349553949098	2789.1604365491817	1.3
630	598.5488514517224	381.60726620136046	549.4200650910817	702.174472329725	452.84290375140824	1512.4413860358247	2720.89003709623	1.6
558	121.45905178975153	56.7363093800135	152.48731231688294	99.09068943075285	57.308308324467454	332.3896880354819	914.9437724183836	4.0
40	382.28575870937084	103.39439419393044	433.058518439534	455.99270421294267	184.99138505337046	1278.865720319376	2802.2325919618265	5.2
350	683.04434863283	378.61619695325004	624.3985529548482	666.5473055517447	435.06795258731665	1546.8862348880414	2878.422550408906	1.5
262	424.1729761608276	159.06008319617789	427.13295969746315	509.07696191779564	184.95423496680928	1341.6442334640071	2846.9537325348897	5.7
76	420.21002254689523	160.6828899621505	387.23704817586093	430.58351836157067	172.49436665994654	1303.8892331580732	2725.7423831995607	4.8
590	571.3139963641894	344.3544012669457	650.6294941696942	545.6080482370254	374.5636668414091	1183.5378272672554	2429.9517367725534	0.1
179	460.28504991647355	223.87934096569458	385.804718503267	444.65024616986716	271.56985229491903	1054.1927832024396	2047.329637486046	2.9
301	404.57111399179934	154.35198225129918	363.45136435844813	436.2697420412379	158.96118402185323	1194.98310458572	2569.9272749916217	5.9
553	487.69526459998514	218.9937084308563	370.03665866727636	487.29840220068417	248.28619307997621	1335.1704399997918	2567.282098505123	3.8
479	648.5375117888283	352.65601973246766	493.68170366881765	633.936324490053	379.74476141293286	1490.1470462123987	2694.587372175717	2.1
429	572.9030995078617	385.8751005904494	700.8588219585706	669.2513500129039	401.3042582961468	1483.0574012475797	2807.673176525653	0.7
592	437.28110528546785	237.15649068934616	408.7599436278902	411.6452563653089	321.45976419256704	786.0517604275508	1602.875762246308	1.9
225	617.7411449369969	319.9053704156299	661.6275229530229	663.0993424416722	416.1374217275	1511.1297532335461	2811.021955776912	1.2
457	562.5796173329057	268.13497942847914	425.97925143601054	569.7989235518675	294.3662453185214	1400.5801579948047	2603.2627599983734	2.3
317	498.6949706969562	237.37463540566887	475.88740427708734	532.3728719545428	267.79726054345605	1379.6016258927611	2643.402197307288	2.5
267	364.5924545626358	141.7230628376739	359.2035099297792	373.6630788259731	139.85602883691857	971.4147108315369	2021.8491211544413	3.7
328	155.25781709866166	44.39822808493904	182.50769019734307	191.8274276384343	85.8530130550741	489.9758919930934	1247.3863101259	3.9
154	319.4826666845363	159.0938457817643	305.58396495235985	298.28767101160344	196.61460615036543	721.0659659922247	1556.5025689307392	2.9
131	433.20199736285895	165.84434237942872	430.08497940083697	489.3817548816367	187.13067432066197	1348.1675365228566	2827.1811558626605	4.2
584	447.8393725121695	169.13454395060074	401.421714981783	472.6648623741543	184.57277430484072	1351.9709786844037	2832.512453762306	5.4
27	586.8513887489767	312.7051526114039	731.2998880244259	650.5868468720943	396.9387658706041	1337.6571959196128	2612.1584700535414	0.9
600	459.296742914723	311.35066861064377	441.5494288660151	531.5571438598525	388.2136184086223	1016.1059222258266	1958.29960858876	1.8
523	589.9944259845904	370.49502494490764	627.586495274269	668.6309060702843	459.2158247010951	1499.3566701228813	2802.0371676108366	1.4
529	287.7216062494565	130.3752368497273	260.62937310477287	295.83436713380723	110.30710818322764	773.783786905506	1697.7989960583727	3.8
38	465.9847715929982	178.1594560236789	507.5671743849429	518.0147637910343	189.93417976785403	1315.5493942397572	2839.2466660876407	4.0
45	442.09142873741206	168.98474391907385	389.56472624911197	474.9323713231324	177.36737800062994	1318.2601704346755	2798.0832835606234	5.1
557	316.7702679317511	253.97072170057226	405.51342557713264	376.90809564176516	284.27563280366326	766.6923947166975	1628.3331217516422	0.0
349	447.0256293097454	273.65455684565836	407.5632825589576	455.0587329929714	351.67870179385284	885.1276334874135	1766.3161056380748	1.8
346	376.4793001149975	121.79981914456869	393.78110807346263	441.2024285206284	167.25567038015154	1295.2960735641927	2733.7354019895	5.7
489	460.51582540918605	197.7287971246014	440.92511057862305	475.0304696986019	206.77258898833503	1374.3683963515105	2818.803101291881	4.3
598	315.87457478060435	257.18665561817824	614.175023980972	436.97476776616736	295.76734128079613	845.6321325389774	1902.6089112972402	0.0
263	519.1711289418078	228.2842682397783	403.0590069934479	508.0394317959415	232.05580698359984	1371.928535217681	2618.698834493807	3.6
226	606.5990434609992	316.30463878241903	547.4006032256643	613.7581792030082	376.1438450057672	1474.8173553420354	2744.95732931396	2.2
321	319.62201642646795	120.53779416412202	334.6029016079681	352.0853162028168	124.52100316458635	939.7169570738574	2177.0447982852265	5.8
629	584.5490051614164	377.1778644656643	587.9480036418025	714.8302625575617	468.30728463699126	1519.298202557552	2774.658262593341	1.6
126	595.5554321336527	370.7365935126882	592.062276922295	709.046224543426	456.32692098034954	1528.9605278188449	2777.6304910067897	1.5
91	584.1592922046729	321.0045376798498	718.814266920499	642.4947613424624	381.35650201365934	1340.677198221313	2566.771515248973	0.9
265	407.59263900763926	160.10977837561734	449.1423420256696	484.76796039704647	180.88586328014975	1334.212472672623	2883.404414830951	5.6
544	661.118809568149	368.5684561596592	654.1402892758395	694.2359537148574	428.03811008427215	1556.455939591924	2875.9186075433013	1.3
459	435.9246580390131	169.5207159718471	393.3293916781546	506.09101201802866	188.10392042747748	1383.390055982935	2799.3777326282025	4.2
621	426.0786752209351	219.3590590543803	434.68243552310696	525.4845960048809	246.64814010693703	1337.4032430195396	2587.8566742462453	3.5
266	580.4862818768261	294.16234456854625	692.8316175308556	631.7130137923991	412.5889734959266	1305.6478320458307	2534.7468889941447	0.9
217	565.2159385302739	300.98916825767134	624.2643413289672	579.9666983388774	390.0784732213522	1323.2774453256202	2493.417950584127	0.7
401	623.7783676718326	334.39586966303045	543.9555483716589	625.409470036415	417.8320892245441	1498.3035609762464	2696.7521362382413	1.2
324	540.6905825067979	330.8779747286459	636.187096343761	548.6786580674957	352.68998673223064	1199.2298276180563	2379.9569791827716	0.4
417	474.7379834528901	225.70561389929614	430.63440223633654	497.0746565110093	250.50832052731374	1368.1083422333154	2574.9774839156335	2.4
308	181.4111932225224	43.457001733860054	107.82853176178469	67.34936000814842	43.36396478623081	275.96722221739617	976.830181790029	4.9
445	489.8782284149882	219.81387603897366	421.59067472508366	496.94815207551324	217.1116201200275	1364.115934208099	2649.043327153991	3.5
458	581.7050985067224	374.12296146856767	619.6324411769777	666.1528404006951	488.52738783150994	1514.5166265368907	2838.820214325164	1.4
376	561.8313246459446	365.7266256472883	731.2274658629756	660.0858655231766	411.8166171077629	1493.3955764853092	2876.565937448245	0.6
371	425.5500292767473	161.1035784501642	437.8402085654108	486.46297913796855	169.0171995248124	1335.3482390248394	2807.258663680835	4.1
312	385.6470889791635	230.55508182111296	417.7604320989153	476.4483333950966	355.0727196429239	877.4786827740967	1728.6863098693452	1.7
545	610.7898836134651	370.3154415541302	522.1436224908962	639.7327604574477	441.7972451137543	1504.5345271459885	2725.3448615251205	1.6
504	468.66041169219227	213.4885729330073	398.6310566304656	500.78945317677125	205.59722026498022	1355.5412627273236	2608.687922308045	3.4
404	493.22379787839475	271.92423256591957	436.4743672646513	583.3457351112758	333.1814831117612	1375.6137003278586	2552.4064020827623	2.1
246	567.5867554611768	379.974610630604	593.2987473546092	700.9691640268417	453.7215086099583	1491.5105342082445	2776.4190365820796	1.5
420	587.2431226962141	361.99268728087804	546.6737286034958	642.1985741099406	378.5239360792862	1471.8514190620356	2698.339181752055	1.3
206	132.34762102405372	52.87334675648346	214.31421758152916	191.2337033810441	61.69559228994696	432.3363431761514	1312.2565733809986	4.8
231	411.4234541278146	160.03894457002067	391.7396779795302	462.76991970334177	187.73413497367247	1314.098648729303	2771.249612637074	5.0
546	527.5292940305128	360.74935004088695	662.1237494651228	568.374523610937	378.9144715885594	1446.3673422266734	2710.995132650482	0.4
490	421.451633822609	159.86938174841868	444.9095585067461	478.041906325496	189.97010113333616	1328.4184842682562	2890.231499265539	5.4
25	583.0557734864242	291.5339376242585	534.2399623781178	554.125775879804	330.2388331540221	1447.6372599010301	2749.044807345151	2.5
320	341.68543060682623	231.90875045351194	539.9127237846195	363.54892396039855	267.7782431184934	820.134140865766	1795.0416035613118	0.1
62	372.9593343855987	178.29950083630087	360.6509383204218	420.02230807905875	193.0415087249227	1181.0748078148931	2336.194745356287	3.7
77	476.72698758181485	256.43201966970526	529.961179771902	587.0997381058937	329.54280265586345	1425.114143411408	2681.395689181444	2.6
455	501.75825432507855	327.70321768929716	697.5167142871737	689.5990668242736	404.64531146221975	1492.904490289954	2825.06951642523	0.3
626	429.66564111894013	293.62075638653204	596.0944217580367	557.8435411011213	351.7919830404915	1229.8391036123835	2370.7823805528815	0.2
216	384.6533030466991	163.23440140563704	418.2004681208474	440.31337225228555	164.75199952860876	1211.226119666144	2650.7372484840002	5.8
438	583.6992427007539	273.24272055631434	538.03254551168	620.5890824305532	384.68375640280067	1470.3957082357194	2712.6693960349085	2.1
581	460.3403990306958	230.1234891479169	405.53853203560294	437.4689176280521	341.65932615032796	800.8239776362561	1662.3989061138982	1.9
47	309.41950457096493	252.25437386849964	443.8255800810157	322.1456104084158	293.6369281844178	747.3556117940631	1645.710349348927	0.0
83	665.040463801001	371.22522034036297	557.6113201511765	680.4615101007074	435.33025212205314	1542.039118367897	2841.293753949754	1.6
580	568.7684123569837	306.21975108676935	678.2259804362808	630.9094961094102	407.07964148858815	1308.6432046583407	2509.8840460986926	0.9
78	446.89937561650856	172.41396776730303	412.938159634846	470.2657055561314	157.54893308926714	1329.1591038894396	2827.668506039989	5.2
391	418.87230871070363	162.75839698685442	438.88032653312763	452.20602480383	182.92924776254424	1320.431510933415	2849.3644131893093	5.3
585	597.5995393264799	307.447033326027	543.3347269583953	624.4851627456121	348.03736481568905	1466.3852446661058	2751.500373083727	2.2
468	433.76760693010664	165.68589159405988	397.26735335904175	488.74417225559245	170.1819698709518	1350.865877475607	2842.991857655356	5.5
525	416.1476549746879	316.9112192389217	571.5065576318385	492.30864948838394	319.14290618966754	1071.4440599064512	2157.8140757667293	0.2
333	441.1106507513995	154.4579314237615	448.9824595090214	470.1700131097064	170.67687649135908	1259.2606159733023	2712.790496105828	4.7
147	625.4639603904958	332.16764030302585	586.9178701147235	629.0709296373353	399.21031118028975	1488.4729199179121	2812.7207630149182	2.0
382	492.745444608221	290.596832120424	444.6940471701165	581.3938843733	331.8279176822486	1418.206382417966	2578.3550123584246	2.3
306	449.4766610832073	171.15174973866664	330.9137506530275	437.7453174534924	176.9154346102991	1347.4971353791193	2770.8959985815422	5.4
555	673.8774853619583	401.80135164164017	698.8031467490458	615.1546563657906	413.0422704834765	1514.0450018413123	2860.7174889033786	0.6
192	617.7240635983401	370.02224822647577	612.6329940770432	595.2174846807841	384.54784576805497	1411.0603412066855	2664.179753354862	0.4
594	139.99168215373086	53.35440641648152	268.23258786652593	258.72024765340825	67.42773708871377	444.8238825422759	1391.8534319043206	4.9
71	273.9467748404243	101.5463507461429	271.2279828065633	296.3320581594311	102.34377576626132	788.876423680051	1927.7345702292264	5.9
209	473.6558795680993	193.13079164542953	378.560371365787	486.33432569493846	220.68484271262992	1404.5025236657477	2815.199220027563	4.2
286	373.94989615575537	179.6662322161124	283.2330389013108	275.32241660983317	214.81724060384465	671.278200385579	1452.1045578499727	3.0
92	519.1255102429695	235.43307756318086	416.4240743907523	539.8783856480937	248.28998546019128	1388.1277537223925	2661.262424842801	3.6
63	313.2808191015051	113.65304112300056	257.85266267452806	306.74696487134037	111.84254808667245	863.0442105352603	1897.7691936326437	5.0
101	540.9998514813569	241.1426453458906	478.7235002872331	544.6951857616152	271.7125886637627	1407.591555411585	2734.0010869503935	3.6
157	466.95126806859076	194.94276622156377	518.8601723692913	519.3835714314362	211.10348488774747	1415.6325538039575	2918.304947807086	4.3
279	438.93004160220426	165.25550717385588	528.678703101336	557.4514773771274	240.93651534468515	1387.3300437303817	2893.803165748257	4.2
579	499.54696458398126	202.72506487823838	386.3396317539991	489.93604800192185	210.55049461770858	1397.8160080005591	2827.6273572780738	4.3
473	564.7148773730311	262.3975907238154	515.389803371668	579.4692804364156	347.3858044006719	1441.339162819052	2671.341870279398	2.2
182	457.69830554416507	178.21571777459113	407.3003971473646	502.54597686308875	172.47950009259196	1313.150463425361	2798.038766880284	5.0
240	440.38729858747007	153.32447615162877	479.4559087889961	559.7859095924919	241.24618829635747	1374.4779055508925	2874.0616789346386	4.1
565	462.97381731661835	212.22661482384407	384.7018483094891	485.3680251351132	244.58992002829797	1196.0861373508185	2275.7037443503013	3.6
128	592.5554323913973	279.64538392423697	433.66141268709225	554.0082008126461	323.44084957134373	1353.045497419403	2509.6018298878494	2.6
534	489.4634565951078	243.23524977531454	442.3141889632598	493.53418664593556	295.5998402997951	1110.7038467258535	2135.363041322932	2.7
233	619.3508029647965	304.2560334044768	517.7955314144167	602.5767650157244	342.62799016256986	1479.719284608053	2766.492714297901	2.4
450	566.4628422856221	369.2032253688252	561.8103133252378	696.3809220394946	418.7739072794219	1497.3597445003747	2708.41410747862	1.1
441	490.71551054779195	218.55641745186742	412.39311383847905	524.6860758892103	235.47716271409138	1359.3183208683686	2643.2060809243358	3.0
32	429.28051951078527	179.85572346139068	332.5895301642115	439.36160698514675	180.54002763881235	1355.36536968171	2764.3748042112516	4.3
537	452.09958165365856	211.4528559651475	369.6616022125999	395.9802141406265	235.54742840575403	945.7865724511768	1881.420010508541	2.6
160	310.61597485508344	88.3321959364099	389.3905965967366	366.12146384965513	152.0734144470767	1082.6573632387547	2437.7977890528305	5.6
200	621.9779834821948	314.75683182404657	612.3014140901239	703.4548061602104	412.18287492081083	1540.1542128663327	2828.6856077080624	1.3
395	502.58816994491013	312.2044774358891	684.5204750396338	627.3216388071565	405.41972827555776	1410.2592246129461	2695.4511289193906	0.6
163	356.0532363227166	223.80988978836976	349.4385534257045	382.6068422250349	302.28992777912987	663.9084232915279	1406.5047520684568	1.8
305	493.757693409247	312.716710757767	554.1734455122186	603.1513289484848	390.34650301731745	1503.0506475173454	2689.5008729429037	0.4
541	530.1396906545926	358.5605550452797	615.7345198032534	609.0896907089011	390.94254196598285	1307.283129600126	2416.4995292437375	0.9
13	467.35682039806403	164.2164167591632	397.58083992524854	465.12008888118214	170.12872188198895	1370.262738675308	2857.910023014781	4.5
299	577.0905223964708	369.69962877205046	703.3556346524313	690.6648557137287	399.77384975957284	1515.485134236423	2887.8620360077643	0.5
162	533.1673249967429	316.3279958539933	568.6538809285335	702.8415576725918	475.61360959008465	1513.1679667419332	2763.8725963627576	1.5
106	372.1602382548075	135.32976749045255	325.29268118074725	364.1307976491158	136.47682875912068	989.1538276847967	2028.830899315038	3.7
51	397.46683123871173	116.33163071890785	421.4607083516285	473.6133519706273	189.15771370702777	1313.8929170037347	2854.715479355061	5.5
161	492.7775904580589	218.89760358057427	425.03683052848805	552.7255522500775	223.35103833276946	1393.3922204800158	2688.478536361694	3.6
244	509.2447524589351	219.5289637196739	399.2769158073755	521.6198327483238	252.53390779544452	1387.2635459092419	2672.843386650564	3.5
415	545.4779168561626	320.8390860111815	735.0926985692101	667.0294805170433	425.8380513176321	1516.8953084252175	2885.4709722742073	0.5
502	679.4924259962279	378.7343466621584	676.5740982419609	669.2705619950076	405.2384283218733	1543.2622696078026	2925.738138305858	0.6
493	357.44139735847926	242.63754315936453	345.3169863332756	360.4980054558195	325.8811521312876	663.8948733179886	1415.09382731157	1.8
277	423.8733610993265	162.28838245929822	354.4463783126923	446.1641657438391	179.64925617273653	1350.5615079985655	2753.4255232486344	4.7
447	370.1737029923282	249.55615073623648	568.3689453108406	419.2131787608922	292.4587201917466	884.266276794302	1956.5890060711642	0.1
222	383.28940944979786	147.45662471178278	347.35746659893755	407.61700457062534	145.23400729130947	1161.5005121637898	2386.810913168	4.8
52	582.6046937690883	360.721863363738	557.7324381177659	623.2499381270595	433.6003918045768	1495.19260296312	2756.4356801443555	1.6
464	550.8964404236832	352.32512230263546	693.3245426390156	648.1316635447872	412.5210216762865	1391.8303604162095	2691.6701104378726	0.8
588	471.98131906869855	178.19988246935205	479.07262637036206	484.2975404460722	194.31080964074678	1335.8013412520063	2842.514974794748	4.0
599	668.2247665329267	374.97062422411966	607.3136435875218	714.904252203448	439.76373264186674	1553.4758768430866	2912.036712073373	1.4
623	459.2758243027161	175.0849980217335	452.2424053354684	496.0241506617853	174.3619889731782	1383.8747904024772	2882.9442167569323	4.6
59	442.8434492598784	168.79348487144287	370.2776044121025	491.77925064319	186.02078603921683	1377.3802203431962	2807.290635062713	4.2
620	443.04485314837126	168.22891802939876	442.35142379266813	521.3116205794404	184.73586950546976	1373.6529119782656	2896.5993814080152	4.2
476	295.08270357277894	233.92279648746552	585.2592997293578	398.06106798480994	262.67834622396856	804.7535370054777	1826.908182660791	0.1
122	534.9176393328592	229.85556561454197	411.7961016145938	539.8963630198657	248.40371684956472	1427.6015396610374	2706.840852850244	3.1
474	501.3662748727901	314.179698876627	467.0246922480623	639.9991935980019	359.880611690371	1424.4114866537923	2610.643640795002	2.1
440	450.45303185404873	172.35346435287587	433.3689312839127	479.4706317244051	178.9771058190048	1346.477643756418	2883.8329397222187	5.3
466	319.43021149289183	184.55178244241233	181.96542088229745	182.58614704595456	158.94834587200097	386.235955286744	969.604790185735	3.0
211	691.5760878739947	385.7383188280412	558.753660047861	649.4135570766017	447.79316848579765	1536.9775564356169	2846.121719767989	1.4
46	195.6390719573699	76.29458697439297	227.70870525896277	204.61879959782638	84.05074968163493	565.806321468235	1514.6293383780546	4.9
510	512.2476730249565	302.5041680285557	524.6992330513131	606.2013593075139	364.14990158732337	1439.6039678832828	2661.301333697166	2.1
6	298.1717911316939	236.17358189157065	469.21336819947396	378.81544235018623	294.37886272187126	793.964574862512	1722.4096063737718	0.1
381	479.45386046699707	172.02745984147415	547.2818210776946	591.1434939327268	178.81138957651734	1424.3344161939299	3027.8589576274617	4.5
23	390.565062050348	184.51729191224476	392.263277426113	449.6911080359498	195.59509635242438	1204.1961427640642	2391.4543465969964	3.7
472	429.5526758251641	166.3653157485948	319.9427158841685	437.0944148694627	169.6005385740243	1338.7800510963195	2761.707198259158	5.7
141	430.93816587835073	167.98027411118397	416.6753914452995	483.1668210106789	181.80588336858108	1335.6344274836272	2884.882757857723	5.3
618	421.55712352453855	223.88722683106073	390.106653056228	394.923779525175	276.47678771622293	950.1401209716039	1886.6640388725286	2.9
615	591.5205506777788	372.930199481053	616.6350300891347	673.4865955718997	459.4114446841135	1530.05937195311	2840.584733483838	1.6
362	496.22733206502517	227.35188594393253	428.7904437636899	549.792253876808	236.28452999920418	1403.5006517388913	2699.782009033686	3.3
374	522.1494612582211	210.94350824395733	404.1543241300647	520.3132292722556	197.241412718455	1418.1091441003111	2870.770690607742	4.1
508	299.2422847565714	96.62175368899761	257.644091624837	235.45199035643765	98.9263445654712	710.284296862174	1766.2245978921785	4.9
186	451.5320133712052	187.75077282809795	357.3030162249212	454.4879647795638	209.07975254325174	1394.394098562964	2794.495993695121	4.6
369	496.31337095118903	197.7961342925938	373.4140086499174	503.86129558823075	216.85358332754168	1416.4444942457346	2866.345522217628	4.5
41	569.0414924616686	287.15481650817173	604.4354082956835	639.3933606318226	396.338646613883	1385.4585934740455	2599.832452074024	1.0
416	236.5936970462636	99.46204806637277	281.44601904955755	284.7403415073657	133.1537028749401	695.8124038628303	1578.2806889804276	3.9
442	329.94848509412964	126.10193017126066	348.74804132670477	354.36962587129176	148.0416791714635	948.596306774007	2241.1433588206737	5.9
281	460.2263770851688	215.12860896979944	426.58756773834443	440.7985625490136	313.1072915087338	1080.6155166244284	2107.503337598287	2.9
292	545.1683438543757	395.59679294388457	700.8684332835672	685.0390565087623	386.13057431551294	1514.8366956297143	2851.4352520439347	0.6
422	622.5224614703291	324.38255628779274	758.5001193301363	657.9730297319036	423.50084243967274	1508.3476085193504	2957.4918811175557	0.7
400	422.56330808520767	179.0363219910283	403.19032869688266	465.434574500511	168.7760566066755	1365.9776728243896	2820.8330238925128	4.5
300	439.56566247057054	176.00398830237646	474.9935520820201	457.8023528852242	173.5093353604773	1425.451718047139	2906.1902263077086	4.4
314	444.03183245649814	169.05899132622145	405.39082926658335	508.2404895304202	195.9754195353243	1355.1646572025923	2895.9588367858296	5.1
342	582.3893791475834	374.8182219330877	618.9580002024936	736.6097676673995	487.76453489661804	1560.6569992679408	2877.6574926858234	1.4
343	323.68164306433215	154.0219565620011	341.1472737104067	346.4176116450313	145.7573539091212	859.1117980814018	1844.9871787480338	3.8
427	507.85193683617547	269.41239867210123	458.62919027971407	586.9063505398323	294.2710940991268	1421.9622808575452	2678.1134693356844	3.0
75	456.88391211375193	172.65353643315075	352.65723301461395	487.0383160194721	173.98048083412618	1368.2115371796438	2830.6989085150994	5.5
366	551.5592284049209	293.1281323162061	504.47961820142206	552.8121002894478	445.99293162295885	1203.4900710716627	2290.1403301167575	1.7
37	526.0212370979066	291.3235421231004	666.7773572521126	554.0653670050322	372.9913681346643	1287.1398981639206	2555.4977803053866	0.3
208	224.7730570143318	97.27877782214718	298.3783861261301	283.9492252032483	109.37963300586114	701.4025818696506	1787.1633014121458	4.9
357	353.99689599840025	156.00026996964493	250.16066244036608	311.95494190763463	161.92868898480205	861.2165703997593	1790.1471684617438	3.9
434	434.4702453683711	171.4598240529419	397.3765553786137	495.4882601286541	182.5212828497313	1339.3592330922677	2871.361950493902	5.2
389	537.1620212864698	237.67967270086243	553.5072166495947	621.4791744255929	342.13768306799915	1464.9665333339262	2765.325467999341	2.6
282	456.45447288969353	186.21213068677366	421.35031941420095	463.719600594057	175.71725849022687	1353.1470140541874	2845.2834547018506	5.1
595	565.3237763035067	333.6981976362848	549.0160018644553	638.7118736748452	434.8009441147464	1316.7515121892566	2499.893834083984	1.7
522	544.7489938011262	314.5313704687444	643.7544229377784	713.6749474503598	428.1383477011406	1525.7296896328978	2819.844457253363	1.3
250	539.3411838286947	374.94277721217514	666.2421262875067	649.9263051854654	402.01375754442114	1431.3409536051927	2685.096141654063	0.7
309	435.749842987351	164.0651023120356	475.62730514815394	514.9204616102073	182.16998025973663	1411.91074502917	2971.0252114905493	5.6
485	387.0759783039253	215.6753306250722	370.09226315239044	373.33097543814085	198.72287794696783	925.5259165418956	1852.4933932561762	2.8
149	496.7844545311209	312.04520864052733	574.9715948625776	619.2977425321316	397.30435339181196	1499.6232153766086	2717.670838096021	0.3
481	548.6624471521484	240.15577233516774	484.5958421999724	582.7780190500955	332.01139311935003	1459.3606669062733	2705.7037007152335	2.3
611	263.2580825225065	102.99620283039695	284.5025344822865	307.8414355144339	124.39130729286961	814.9050147936399	1779.8730270311394	3.8
372	227.64762809015272	90.67784690206136	274.0084028214294	209.91133942274953	101.00732338703907	589.7471438853586	1623.4943875041615	6.0
188	615.1941888936711	330.17558384115796	540.4213757824856	627.7847130745592	379.4447078112272	1498.5857386356822	2790.548854155796	2.1
495	261.5476732596166	89.52063645888995	250.3720597596451	308.7410740647745	161.52995918893393	808.0048248207004	1712.9547477128333	3.9
453	603.2456221074722	288.8549148442152	449.95681305576454	592.6822485977194	320.08157110930955	1483.8411828099277	2722.2814050911343	2.5
307	463.73767701578953	176.78256961455526	409.23361693442024	518.6907721295496	266.1373500121797	1371.0645931984552	2640.3800751347194	3.0
170	516.0354091481629	292.6640969752216	555.2310895546291	634.2592838262682	363.64199572529424	1462.072174722529	2724.9874818134476	2.2
505	538.8005163365922	359.6446224226045	695.5621222022874	649.8005034893825	386.9247732794561	1441.1502080953844	2780.4726108211667	0.6
370	430.2975841439489	168.1198442445412	409.46927139077366	484.6150830763308	169.71539592040443	1355.0863504505096	2842.726770128026	4.2
542	193.10728865126777	56.2404527020739	296.94665268738663	306.3897628830403	94.42410411364152	688.6237895195496	1781.8153275881066	4.8
497	470.38630047831873	296.1779225748436	700.1505523556526	656.7495710979607	391.66518094647137	1362.001881161481	2582.0633804450067	0.8
563	209.08312987782716	69.43339034018558	184.4246177370733	142.30548853786098	63.32953494306863	397.2967177720706	1069.5277297506834	4.0
68	326.7642302834239	149.50526791289423	228.48775268594585	291.02145259624945	170.49760721649088	770.4222713543836	1526.298338993923	2.9
43	428.7756489508894	178.45146388486597	303.59283359356573	447.81898558857193	191.77818316989232	1231.0234714513972	2369.4351526556125	3.8
20	577.2477471740071	367.89060470605267	554.378626920479	658.1158971365741	442.9815070330252	1500.9226804820405	2764.455969013159	1.4
515	529.1873595632088	225.49240237563674	399.65647385364224	512.6976016598477	240.51444313440487	1410.0327426637134	2685.6526885174653	3.3
633	432.06108134519525	178.3361783684018	458.8974352720662	491.1429258813276	185.89048065186512	1409.9882614839892	2925.713737061924	4.4
619	333.0712949103677	162.8787900617196	302.48798289445256	290.280552380167	218.0791288694054	675.9046350890405	1454.873070973034	2.9
575	329.6497336647267	250.21084060881415	535.4850347241045	460.3964571136802	305.3252392692437	970.3951049152749	1992.8041194069624	0.1
273	530.5488547031433	278.19512362050347	508.68903856615765	558.9876448166993	366.7076344991083	1357.5854033656415	2400.022407109736	1.0
351	458.29682791302264	174.7494545295667	424.5456879783327	495.9332322927578	170.20429992274043	1412.5045603800845	2890.3380855228634	4.4
500	473.07903226629503	212.62334498303125	450.66511529544584	519.7913614081093	245.9163736859823	1397.5933363352492	2719.4489912112476	3.4
280	484.93150958717575	171.62992977954974	375.7032020167334	480.81922196658223	174.76495317714514	1398.0622364121496	2846.0635502012065	4.6
583	562.5727562610788	362.25715664921796	579.8117603132023	652.1770045419181	395.0714877329692	1504.138612892324	2719.485128432266	1.1
49	437.75603818228365	170.2507596301052	343.64348909006367	461.20984921327454	182.14506660174152	1378.2093087798178	2796.7555280212014	4.2
394	434.5654743573446	169.0942467793112	345.04754810732305	436.11300387815044	183.37013139296823	1363.3659025823936	2767.717279854525	4.1
136	483.96510378891134	217.62664596670663	463.0862315741016	549.6544661409785	247.2022132471997	1413.3214234545485	2755.9078090207363	3.3
109	372.1858035461732	305.1372888523315	540.3410105819853	487.0162441593374	295.4877241977963	993.4715977151204	2048.4413496939424	0.3
219	543.1571139328116	371.0865430657484	593.693031653262	637.6198503223851	356.9692003793428	1467.7506655554266	2715.276488166606	1.1
173	635.858188713073	364.3873608832903	554.3122492309046	616.5360985862559	410.68785826950216	1526.7236649235454	2822.068619358308	1.4
69	457.2821302235097	177.15316719543404	343.866557011313	435.54805410237014	178.21895235915875	1417.080309481647	2799.3842823784566	4.4
288	524.502192899111	353.70211964324574	645.1994249095151	612.2082205388643	403.9438002179141	1353.6089778255878	2514.950988344819	0.8
564	446.3238131713028	178.89790362388078	444.83720561242063	464.4748201088633	201.9058433656392	1347.492654195152	2921.5148964476803	5.5
405	523.8644467175508	229.28626721906585	415.9588634687554	553.6307159035763	248.37582089972219	1432.0056329365575	2738.0808364613786	3.2
80	440.20359344978965	164.41992884448075	398.70636733414113	455.6595631983181	178.09482062939225	1382.6580876536418	2858.6687819902495	5.2
461	607.6221177489215	322.0134612847904	622.5883493982953	645.3820842811049	462.9304046790617	1535.9259670566564	2860.152684045556	1.4
144	252.74409026331097	203.3010464147974	445.5245274901789	250.82144426459587	253.804169945387	612.5907427147431	1514.9823632311795	0.0
205	442.48111292681915	180.186995886229	426.8940877971254	503.78105187010084	192.49688826044263	1367.856812045439	2922.686497074497	5.4
313	457.7510939934698	176.04950492535292	428.6653675135025	444.65319050533816	186.4193832178193	1348.7862372614316	2883.2506311484935	5.3
166	276.77583707867024	111.27729727547862	325.2326583554829	339.21433039553347	119.05147576335447	882.1753775019391	2059.9185542318596	5.8
8	632.0353967908645	336.8220919537435	537.5259070455512	630.2353822954799	398.381414500581	1511.6147947034335	2796.9666630962997	2.0
255	475.2280119381906	206.94011359103106	424.267164379703	522.4765331773584	232.6647569850769	1441.0972467311024	2867.2895151044586	4.1
258	473.31846737596044	191.51717921907795	386.15168773067467	501.5826752876479	212.33015773692674	1421.741083895293	2868.1705227257503	4.5
151	510.6689684930641	314.37589691944277	706.0849302594618	621.2034527063175	377.55255296381694	1366.6093382380004	2587.3142538898455	0.8
199	489.5082995217788	280.1555617348034	706.3938530056614	650.4340766607014	376.1827009714361	1335.0561289451582	2540.2644987153026	0.8
587	439.77005679733395	166.1712680778962	438.7997301421102	447.1389187325365	188.21591677255034	1366.9208440079792	2908.1404825071386	5.2
53	339.7524846183123	102.56881391564444	414.73799582324966	460.1713862951921	157.48264688798537	1236.979597875683	2635.535766395223	4.6
252	255.8005457552467	127.61885859869098	364.49183344103056	309.371033641874	118.20159617254993	846.7337454226221	2056.1563010274813	5.8
99	283.7807683703314	115.01591874210989	235.88132351092574	263.65113067636247	105.65003610416115	778.3586289713897	1754.9413890710373	5.0
410	425.97908542995134	167.44590966405403	398.0638682688975	460.3978129432581	197.16734151468808	1371.8109584650817	2876.227029526516	5.5
465	553.4702131975656	335.39501886706813	679.32660721059	614.8771795721694	382.82507797344255	1479.8758417746026	2845.0610050758646	0.7
437	515.3533266467108	300.80034919953437	521.0383915630897	594.473224547338	356.2207862874563	1456.424983463234	2728.17240416135	2.5
293	236.934186225332	104.46433109999245	276.4309594661418	230.7888268730498	103.74108040206976	704.6716208845698	1808.0133277413279	6.0
105	554.4202439244214	318.07319719601315	561.2952941761033	614.2572799861591	373.48053878486866	1490.4546392742882	2779.568790782243	2.3
50	438.5335099286282	169.50265456877997	385.9558751968626	460.4325894279178	179.07185238784635	1375.0082509100903	2862.87355849014	5.2
572	463.6831162583509	176.2881778337731	407.2669493004462	475.9337154108076	175.72833104981987	1338.9140704122644	2840.1541855970386	5.0
591	544.5085830126413	324.19471321797215	599.393946032138	679.3890115964472	377.66684379203946	1532.933703820024	2811.9870769003373	2.3
193	428.89576436938927	168.82243787124114	419.4982419761992	489.52468460258183	185.0909104595465	1353.3961206145125	2906.9615076493924	5.1
435	304.52915057182804	121.55994229058722	323.5879519192706	363.709359456666	130.4116756154469	987.0001233929795	2252.490543137417	5.7
260	560.9518369188365	306.63339184263367	533.2914291041511	621.7450727891886	367.58472029836054	1480.4445487536666	2773.4615556060057	2.6
318	301.6409166656836	119.96627527435362	254.84363372557544	352.51390707589013	145.14828585257104	961.0152685469634	2186.074018109459	5.8
454	581.072923870301	367.8328813458898	554.9034529498444	693.2238851891021	436.5262789416135	1558.2718745261798	2793.367922354016	1.3
624	439.70258545402396	207.2558327994642	371.11847306341275	361.2530578147212	257.90834130019056	850.7748980484669	1765.444808965318	2.9
87	449.3931576861289	187.29320500218446	418.10360605611476	517.0365545218457	195.45456327035686	1437.2781081995447	2886.2605681058753	4.7
601	495.153826838186	255.34794234102333	398.72297594870986	508.6276069658858	299.3808237172952	1226.1129443615803	2316.2276049886627	2.8
291	318.4974993913216	111.34029064867654	255.767471881165	351.554092072478	154.73786479659296	941.3031296222481	2185.762622038257	5.9
111	466.37437678626225	173.95195972901632	405.2556855699851	483.10826724231123	198.61868015516566	1354.1100935419706	2877.4618793387112	5.0
302	625.2099839967764	316.98578121940596	534.5170750255187	589.0252514329794	341.07063444036845	1530.3733743839996	2825.6586660305597	2.5
19	500.9099944919238	314.7302411601486	464.9330106659108	552.8289597130375	408.5789665050549	1186.108825712876	2251.5019895211108	1.8
287	478.9297552933346	197.60419650021262	376.20209029584794	485.1349698368055	225.0216134636047	1413.1307821301282	2857.554227068737	4.1
4	475.77664884044134	206.7424850262522	376.10225680479516	493.321580846234	215.47296820447244	1409.4097003774302	2861.5015259588804	4.1
66	504.25956081321607	293.3750778738889	479.93175576977103	484.7104113662364	381.9687025345487	1054.3269256007286	2109.1629924313984	1.7
471	647.1842546814596	378.6038339619534	600.3289066692266	633.3979078338415	391.36125878154627	1519.8480261005607	2851.5866478210833	1.1
289	164.98336527025734	50.087286366856134	180.507526868176	113.52237915126975	55.71081024498472	370.5691742666023	1211.2634242027366	4.9
213	461.4016080785164	178.85630583081982	443.9126266243172	450.8321557769949	180.12490559967893	1336.771468113435	2871.4702051880536	5.0
528	398.34671446339405	234.7465766544074	348.746371898776	444.75456950482993	357.53674807391263	794.8226781350072	1632.8680178247735	1.8
380	462.184788671997	179.4243660270286	468.79208424839106	501.25487235136296	192.59594375554147	1371.7147706371372	2983.0296254894656	5.5
428	488.7412079391746	200.959655637357	404.2674874973551	515.5642698667859	218.9632708680259	1423.5490303339793	2891.9127720522038	4.2
158	494.9198313472424	305.98413029008356	661.1191289974857	623.0051851370066	379.2401725385033	1445.6721943577131	2776.6019341608844	0.6
39	426.29530624143507	167.14341049557294	432.50207147048866	449.93402485033624	174.408394874113	1262.2178616728097	2771.855074804676	5.7
36	588.5410433178481	323.34143643016716	772.5596727804306	681.5802640863947	414.239909970436	1468.8272046444963	2810.1438687191585	0.8
156	605.7254276367003	306.4933850276109	574.2091460055254	680.1156529016496	386.41625197384695	1541.8668670585969	2819.0484359539955	1.2
24	552.9694077572789	323.0386883805476	587.8136013679023	695.0159827700418	421.46651816556766	1525.2450058777908	2816.355219196658	1.5
108	589.0422934921878	302.76187836107266	637.0374278122351	611.7259123016937	405.7049312642503	1345.1596760880336	2542.2465551108226	0.8
635	163.1332799859253	63.16517203038671	297.0222923687408	215.43141905080458	72.00324205917691	391.2387194847236	1352.8726506452654	4.9
152	454.41606291219813	175.01979139592726	408.31270294272576	478.49873554732085	187.39230924604868	1361.2584466280439	2909.117346621006	5.1
377	493.57074598059324	176.4075207278012	483.66868757126423	569.6089160998008	191.5455456210537	1421.8852021133023	3024.467406155935	4.5
559	379.14075035322753	270.02188276206977	583.7685587522344	455.9983609996186	303.5835693870985	1024.9730943979325	2115.470491601894	0.2
451	308.79059983333207	206.21140773613538	355.26819062894	295.87242646937233	270.071840326865	548.6208570991622	1251.757465309118	2.0
323	442.2231122752634	262.94666105369544	455.675343563039	527.0473428387781	282.85772710825296	1316.1240611627989	2435.0285582227193	2.5
337	418.8001925875987	160.8610042937981	466.6276221676891	499.9332153475894	179.08371467086215	1334.8527819108856	2759.522317024465	4.4
484	454.89908617513163	171.6606165362853	472.85051575772326	497.78763058679397	183.06682146631454	1302.6387494736448	2761.755255093892	4.3
411	423.39088925111594	163.28056769695945	323.85111461695897	416.5920381929801	178.58755768206268	1238.1755492759619	2561.2859471603865	5.0
294	419.5467704108101	158.24709531816447	342.7596998420265	501.4752758676239	239.69614368378038	1293.5042295781102	2429.1939690346394	3.3
345	513.285314074225	314.892147980618	498.80778618910296	445.5976020439653	341.9743990413332	1079.1291946753715	2139.7587763245783	0.3
202	210.90931875287558	85.74028445973826	297.76602551693924	253.24709716650872	81.83846314582311	587.1246145682203	1631.2884954593967	5.9
15	446.1062224030139	169.18903349631688	333.3239429640834	437.01428267713885	180.07513115243415	1290.9653863253639	2649.549578292025	4.4
332	472.7035787265271	209.94251663309728	431.0655801863404	501.799154004312	237.29127249468758	1299.6765364082883	2509.8845586060884	3.6
268	335.79867581370667	246.99205516613745	460.7194313749185	379.2037180244108	301.12369597609666	927.0877765053459	1869.9276240487327	0.1
114	446.08344216050733	201.81359219327942	396.7455779323621	494.6048886965441	234.0478074914958	1259.193638794743	2475.6459620708843	3.5
230	350.6829049527119	102.14339070885136	370.14845659256633	432.58247973323864	167.67952746579164	1206.869613744122	2614.82900114912	5.4
264	420.0770419350729	168.3761133691418	393.6772972875825	457.510696574401	176.19946575426007	1251.5015586663853	2684.050050537068	5.4
355	407.9001752363284	202.72927712822613	342.64382367247276	422.5184270661765	195.10245532875706	1040.2368249339952	2068.5137192546285	3.8
503	557.5412393546337	286.97363630864913	507.3446470364078	585.6105384114194	316.2594305100916	1389.9533152704798	2572.442078582622	2.5
322	429.9456706508283	170.60498241665408	369.33151414465783	416.8880798921754	188.39896944263754	1225.6906638778007	2606.008896918257	5.0
112	449.17587305301583	207.37308771124398	445.1375503537154	466.3621951374549	205.0640751167039	1284.8155458784624	2659.998064062211	4.1
593	430.9424490548135	181.086830715213	395.8680363026875	433.4463619448886	190.85209803055614	1225.3643082832873	2620.5118343491963	5.0
278	486.8417486148927	333.6924836318356	541.542170010904	624.8973098886727	377.1571856653518	1360.7382840979978	2485.8374313644845	1.2
218	489.46668816086526	280.3987704534182	579.5142712900011	510.5727171382967	359.1218949403762	1184.530256385493	2270.2512222977034	0.9
347	488.6559148256552	324.46491103541916	606.5587061134338	562.8600493155517	359.33102205409386	1213.1716141960735	2290.284494118666	0.9
259	385.8906772902558	166.80203809294431	421.00781048615903	431.59090047866056	161.6141329061711	1236.7432096373584	2662.1616110889513	5.4
360	486.00847046713676	211.58740769054705	376.9292362376384	455.5161525621247	225.76879351593468	1288.9967715617447	2475.2241170905454	3.5
228	177.76518604752826	62.70458652282542	256.5662296131907	200.0068606359777	70.85067829221101	420.06078466560655	1271.9204899764754	5.0
82	416.95295628631993	170.6171704256166	444.450263730789	461.8441246866449	201.99223390399814	1274.2225700411295	2659.502176280709	4.2
368	401.48990809396923	171.26414666507574	361.2021392876966	427.1979957154506	183.8993411874273	1248.445448276135	2625.79207703065	5.4
18	468.00089691026943	189.17249685881268	534.3810474926155	563.928650080462	208.79241022994597	1339.157018911577	2836.8160648826242	4.5
74	426.7463478044654	166.92120833171955	435.28042561503696	460.4740357161552	177.16797812805632	1246.8687109903292	2741.252523108376	5.5
203	579.6266499673533	358.65852104034445	539.9410460384087	681.6704325410911	438.3735590195299	1438.3168815498163	2633.8198169475086	1.4
610	391.7169359542101	157.81317024873766	316.4809672598446	418.208003642842	163.84077420136654	1221.4744482233293	2532.039398511585	5.0
115	276.7565532295253	147.53312772262302	246.08972352885334	294.67680765108975	165.58289098916282	736.005479976529	1565.9399138560457	3.8
10	642.1077491779529	352.1046792173648	597.9403439982777	623.7297028025969	417.0704444103664	1444.4490439913177	2734.9781059268685	1.4
418	515.2405246843442	329.55365073312424	635.6278204840083	584.9804507155926	363.2874586407393	1227.741462795467	2393.3103487719764	0.9
608	410.9008709833444	156.8606474665489	426.8041551428416	451.47327520036407	167.43930208888605	1241.9427585537262	2714.397346321839	5.1
636	464.80660232872845	283.44348859716644	492.99600847451916	570.9859748152252	319.3500116410085	1335.8950447184673	2497.878378973262	2.5
107	426.9521760949487	188.6938259183653	392.91743653766173	515.2163742970913	194.66164858946902	1274.638935481986	2463.0754363530295	3.6
530	418.39277063562827	163.0445772793652	346.2893810730718	506.9749775900741	225.22552807690462	1304.1695216043424	2429.358356127179	3.2
532	525.7973796347451	352.5352669424076	545.2404254776612	634.9091552158432	434.2171121481361	1384.268309970898	2594.944575731526	1.4
631	318.7142623353611	249.6751876334244	441.85142509342637	339.1288814512731	282.1069418032436	771.9244191591134	1679.1496400562746	0.2
129	416.39162466317237	256.644031045668	565.2788978437876	564.2708049085301	341.16047342781013	1181.1424765948018	2246.17425373613	0.8
55	438.07683265755935	176.07326157501595	438.81425557071094	451.5064184914654	169.6136782212592	1313.1743557193997	2713.1195097518635	4.4
538	466.33760732896405	192.5556505113226	368.711114376855	457.4284657197934	205.95139046617467	1271.2011265782494	2469.2553342528618	3.5
627	529.019231309884	350.2807847201148	530.7251394290554	611.0867237581172	448.76031383349834	1402.9861718025682	2606.0144417393226	1.5
407	516.4162912293774	348.8351806938025	591.0813095101598	605.5645474121729	379.9586396463054	1394.9799794918654	2570.6427278817455	1.3
215	587.4796254073901	342.38296127835844	530.1631100485056	593.1112882997052	339.3960581159305	1407.010838632876	2586.1783360988393	1.3
175	286.19870851691127	183.35948592742707	315.3084177758155	251.0048350436331	216.69674789751397	562.9268021441964	1291.8238428199904	0.1
197	396.1329596555015	227.51501060082134	422.35946712270504	494.8724591597969	253.05804346071338	1238.3917389644364	2401.9261204343366	2.2
159	445.437362358776	163.94319682576722	461.86931502847557	486.308438282128	156.32092836660289	1308.0887053356694	2733.5991761908235	4.3
550	302.7006960581611	175.4453202687506	338.12921060573825	292.90480002477153	266.65197051593356	548.865500882198	1225.0184239295488	1.8
58	429.42197477603435	178.93659547003165	424.7879721357118	459.21422397788103	163.86654649642546	1283.3381600124892	2671.4134077233557	4.6
242	422.99589665117287	236.59091675664155	450.7180743518906	525.3838549580952	282.7958194988019	1297.7981611269265	2455.48150409846	2.5
254	289.48618555058204	147.2533597709567	272.7053956618655	269.3068419614033	158.9771617365671	637.8894394400619	1436.7170969221409	2.8
164	220.64323932309142	87.04507765886797	278.67490760859874	235.21918569839315	87.34806673884759	587.8736245205932	1653.3545565073925	6.0
359	455.77877813382224	163.515332176064	339.9496134476741	447.4247028692598	161.58690804753627	1278.2225965532823	2647.6806876837913	4.6
551	494.91494869891983	224.1924764769927	437.48019175389794	490.14394807442955	224.49305323966288	1313.5695297789364	2537.4441612216247	3.6
150	368.8375072091233	122.58317011862644	363.0838937570986	439.3079521670007	174.59933245968188	1288.280071024694	2592.5241555086104	4.4
364	542.5527097003021	353.0639943878329	609.9364355404014	600.8506228741043	415.0319243363138	1388.618775286321	2649.923322849529	1.1
331	404.73947374529615	156.67253281456928	417.73842742046503	460.2416081603679	174.40984803634058	1251.8249140541163	2680.5108518599895	4.1
139	453.16301074234764	333.4402066427963	620.8684725498101	529.0228501295111	335.5719642972712	1231.8736232558613	2436.783822952101	0.3
336	447.73994923042864	272.3139692058851	463.1169742729425	539.6334702488358	320.98452096583145	1325.1796716369688	2471.5908969197776	2.3
86	453.4614710632213	176.99254921639675	437.5985909220225	476.38400793994947	172.96336483082464	1349.2428757657524	2784.8176634672172	4.4
487	461.3225742089627	303.66059908638323	568.5119742349591	530.3188686676542	354.9290445342086	1385.2270929779072	2568.6653587855685	0.4
270	609.0404442560523	355.60136159900645	547.0910345451698	625.5203814654614	362.75220113621026	1445.9051010735302	2635.5500436921434	1.3
130	251.13353453171376	143.61202731432329	220.48341177949135	240.63635688047785	251.56471366247362	362.8405319494596	900.7087735878564	1.9
81	220.48778228624406	64.43676950920369	167.00099277765221	153.36406853030888	62.417197834144574	381.65166423465126	1045.7041314326696	3.9
513	455.81162011946964	228.2600127411064	394.814949888689	500.6043566141683	227.40088377119272	1312.2872260170486	2521.615831716165	3.1
577	288.8867023579531	95.92424069022749	218.49464897898847	323.8483866945482	138.3272728082018	941.5476371105229	1881.5039267459722	3.7
148	497.84677310604104	287.24264982755574	593.203696820061	564.1130319988986	385.5366284659987	1362.6618690875293	2570.747998848068	0.6
176	414.9786559685012	179.03622079000414	370.8203285976363	410.03631737614575	153.97752380299903	1259.8543462546027	2604.7471939385323	4.3
94	426.97893185796335	169.2264586942101	303.7066209685621	395.8138236639862	176.0806732734083	1247.8374641963699	2591.9518942004693	5.5
319	407.2033208142307	161.5482660394162	324.9751164535807	398.13058547331303	180.89543296030513	1231.951558802727	2609.1026144118873	5.3
408	547.3021270073506	277.8534429918336	521.4068265164927	573.1821623116709	328.17667553805444	1355.0062349478785	2612.796926689656	2.6
56	495.00001776793175	304.189524170069	535.2231009446799	634.1103261005126	374.9426803725225	1382.066738283587	2508.7560834680103	1.2
637	279.5281611508065	160.81061603597198	301.40792529763627	232.1506257192343	265.96379645189677	374.91260372398415	1001.3783619244316	2.0
127	392.02199378073925	168.1401028348293	389.89600609949105	434.92437425183704	172.5074447885962	1275.2843008636949	2665.5721816740747	5.2
143	462.2605226125675	264.59789407865003	447.81581812016117	524.9645952238403	308.92581913188934	1328.8231197524794	2456.9675002831527	2.5
509	419.40691484773686	176.89394820775536	384.1213545446706	438.8133416022369	173.66186429247526	1267.0338042014082	2675.1451682282127	4.3
386	420.4666437536441	156.78945293896786	377.7057465117085	480.1769593753007	240.8442961313829	1234.911563308557	2416.6053967072403	3.6
7	426.64962020800306	163.016262366525	310.50165165019024	427.6339738325641	173.61423069904126	1255.1300503952086	2624.841445863611	5.7
463	500.5218880841889	249.1005317221074	372.11514641996365	539.5157202455887	272.1721061180779	1361.3703929507824	2530.8330829003908	3.3
17	403.41447243075504	212.42369095724575	381.60863636845914	422.2239260637185	245.20802485405906	964.648885025744	1906.898218039524	2.8
85	312.82167559311364	129.1340385599293	297.8944908384482	320.5136413623558	129.1257670713185	831.708294487115	2029.6314539270209	5.9
72	586.2031671845018	287.06139372876765	558.1269437564927	651.6185036716838	398.83559416197005	1420.705179466184	2654.3705648219466	1.7
33	413.84387776797286	148.76637751146438	334.95140453046525	459.20266766662274	230.8186175350346	1227.2287654623133	2371.882875172442	3.8
634	448.9833049570963	178.36202911063978	427.411297363379	443.0283587267422	184.2278202185967	1261.874445643633	2667.1454909993695	4.8
93	495.0770869761585	292.91863080909854	476.6481603721322	548.7400564519534	342.603980584981	1357.600790749497	2494.9077241803975	2.4
185	597.3573486430125	353.5318211777146	571.3980017614532	605.3287664807824	429.7738121297869	1430.5624369777518	2677.035942745836	1.7
181	467.42749895286636	168.65305318955504	370.8585816363073	404.45475251984925	176.14526084217684	1283.1139108802718	2670.8193007678697	4.2
235	612.7933313066483	343.9381875334033	539.1810399028553	554.921949943476	353.78371551196403	1404.8807364568047	2609.9827255511586	1.0
28	351.8522366047542	172.66599018835925	367.2395521273577	390.9711217056833	213.27597076268975	924.8543291105032	1892.17887919765	2.7
469	204.32117117584403	80.95721911642065	231.63070479458403	184.37076833823795	68.95279990556448	493.52453459586076	1434.3334327006723	6.0
339	495.1277564838918	216.13655336261948	420.05467293707545	554.3266726153129	307.6727780154899	1326.616193734821	2454.666244967187	2.5
1	521.2949191267596	269.94260788590753	521.2729437585708	502.57215707648334	343.3002676733297	1272.5722353483382	2333.713788653813	1.0
354	258.05738345143436	100.75119055379047	171.38642372029975	216.1921528074496	108.74421698003977	687.5486198159874	1697.9439087314117	5.9
573	509.3747520697685	263.81428792136523	557.6945636559796	570.7513291581193	343.83678496631137	1268.4563890212885	2378.642034344543	1.0
365	422.026416193005	177.82704971558587	344.64827863917395	423.1791464579942	193.1427625018712	1226.4451832921486	2415.3015451645624	3.7
496	421.37696330949467	161.48565311635883	402.6357770964207	430.20448527321514	169.60485793738874	1252.2774852330401	2706.677701948844	5.1
423	467.65525645065577	298.09233946008004	618.3834332804975	477.7409371762187	294.98105365533496	1071.413201506456	2240.7875159220275	0.2
516	389.7659301928487	259.72215864808965	473.0793450121234	377.33971918085354	273.6554452767334	818.2729585909244	1778.6649442692453	0.1
549	514.7341717549682	311.3651314978084	607.7842342864437	520.8120187066892	372.0160015573145	1210.7292421906095	2325.2625262546035	0.9
373	251.9381311250383	188.33390414475747	452.65618532602883	325.7070338690586	219.02638364141555	643.110958819134	1515.7712417139996	0.1
492	191.64911735338285	70.28192585481675	218.1536830889062	189.64933628773332	63.259729601928896	492.178281338238	1369.2171342288111	4.9
57	491.4961598136175	228.34462612371442	421.34257241403526	479.90558745971487	249.95756933865962	1309.3796108689937	2499.4929018067123	2.6
436	474.6112448110596	269.2323995498458	448.16941853084535	528.6245589429433	325.33604562650856	1303.9463437912743	2447.6986754467925	2.1
210	232.75385267246634	83.73309188458686	229.28616793698959	236.5517893066815	83.4123102535077	624.6490786736832	1545.4208738515936	4.9
531	424.5861700093467	167.46550606855067	313.3684511160734	430.994895055331	164.76316177252818	1233.4103023225218	2591.519811361228	5.8
132	448.4966659649468	179.34234045153391	436.87282820793314	478.27626478276625	261.44859011547163	1288.5956681851585	2450.743914869266	2.8
524	526.7261069513065	345.1814702239862	653.2474080406408	629.093600245995	343.29805454273685	1414.8765385063366	2712.773574115119	0.4
392	456.1013745342685	217.19641890917197	372.8346850078846	456.70298965289317	222.01997738516096	1282.6670111854644	2478.83837366659	3.1
5	476.07086722459957	315.09629910426935	634.7588489211895	583.6393029101071	361.91871006821384	1390.3359178859082	2646.6650484025454	0.5
275	430.7743049917454	188.32580667671428	394.257523837525	470.1220645166579	207.4983673386676	1277.1955438712764	2517.4115969139866	3.2
596	468.5420410228214	293.46094764038065	520.4296362551029	629.3708887566587	385.4693643918188	1381.7691895249095	2504.858049805046	1.3
361	408.5469856526758	169.63966930751207	339.47742654879613	459.094662353315	167.0848942967604	1244.3155118333298	2419.9837330896703	3.5
352	467.2836840179139	251.34311217285205	477.5274093848783	496.4711240026061	349.61634287353326	1052.8551396761586	2053.182874647162	1.7
526	445.63494550249186	265.8036128524564	475.9908786789265	547.4226560547573	318.8316916767307	1303.9139461179377	2472.7908020677705	2.0
414	585.1683396582162	340.9183832501143	568.5997931983118	575.9685563500061	353.65236635239927	1414.1168980777074	2620.0673133849177	1.3
237	215.50288248175363	129.53249674394144	264.2388894782512	186.51059946580185	207.00946763562075	301.63073044366354	839.6234276191016	1.9
204	429.0394460889869	242.2243730596533	579.8970447140651	569.0510682817971	328.0785644140019	1234.0030227847112	2271.9261995512766	1.0
12	456.4209263853195	267.0900948406286	549.7732938109341	576.7903335588294	371.4194108098317	1352.3906320177452	2504.304869054416	1.4
232	261.583489551379	143.50453498816688	257.88190845592857	247.60702454088224	269.80861135844634	443.36778488624304	1072.5332241462465	1.7
514	353.5184080318188	103.8927998740957	340.4197784179755	455.2053515279535	163.7745779037793	1214.2844471847993	2362.141352222481	3.6
172	347.2139784384117	167.2859277604725	322.3879112719245	416.6483927423142	171.17975050458054	1202.0159760700924	2360.1639426419265	3.5
174	163.70502159983977	69.9833093784384	210.92755465126805	200.40231390514427	58.66068239506032	420.4539534118361	1237.9262777371978	5.0
403	507.55306625598115	343.58760382188086	563.6980214794818	593.4104393541385	387.3386963309261	1381.4388482672339	2588.3449702730545	1.2
315	270.53751781037494	159.8989994956183	282.2248408906401	283.8967663849012	276.3606452541431	465.113333762998	1097.8457426243226	1.9
44	515.7335530543097	345.70221710961965	660.239378741875	595.1736407802273	377.61002443613245	1399.6606753782926	2731.1958803273396	0.3
480	518.624513948245	218.54182252458173	420.5866257095566	469.3707504974922	266.53983630838746	1299.7670045042712	2530.021907787063	2.7
30	449.58737318009895	283.8392200985274	590.7480111811558	591.469338922118	355.0556579102778	1393.9585754024874	2577.308093795136	0.4
501	365.98852514068216	194.05092363718762	349.54373291723886	372.4695512064692	301.9416946465905	771.082620831388	1571.225893472445	1.8
379	477.20899142963157	327.6896442895919	555.4752939179667	572.2518488368145	338.69637456231413	1362.9032437782	2536.8550299919266	1.1
578	401.78841888221496	155.9448379797589	452.13445889853944	485.6196442398396	165.50486032689275	1317.8885623883616	2731.969903510732	4.4
533	309.1692400699667	205.78428788550002	310.14258990206446	359.95871741874004	289.2933825512666	645.2377777250827	1360.1801760913593	1.8
167	414.34471946820094	212.24286746037941	341.59778008560863	461.38700850515414	248.40388854615387	1252.1896541091776	2359.5427276944156	2.4
110	612.4697040052935	349.71145808883466	519.0178929313407	623.6772252334018	360.0679252222637	1434.7392095751898	2616.0995965475213	1.3
520	424.95032519903833	164.01874212898846	364.1071132644673	424.3741389817811	157.42633763839768	1279.256334287071	2637.245883849739	4.6
449	515.8711658374306	343.5158641283365	585.9837013073092	644.5334874189483	414.7592830863304	1402.1944388464472	2645.171003622184	1.6
88	457.4729750933248	280.6444948978861	486.88045282507295	495.65139848508727	358.4351501006377	1036.8695207082685	2115.548384441094	1.7
383	543.541081634124	268.8417731777909	530.9746224054451	593.1135753447671	351.477636291167	1388.7079653007422	2561.8318448648274	1.2
561	411.0023306372539	157.2406744540702	470.3613940642813	488.1627089759368	157.94029366138972	1316.8677389594125	2746.0014066170984	4.4
375	406.89365285670283	157.24525915948405	388.83813705820893	455.48288454675657	168.7714905628165	1267.3629287433832	2705.7322485274544	5.5
177	153.3676801785298	46.372216269349344	121.34683203283852	149.48745999025206	87.23315301373295	477.37313494687464	1262.801543166799	5.0
424	411.3528722096996	158.6197389873996	387.82385912143957	462.99911306316363	181.53966780869365	1265.6290300911583	2688.5104247406703	5.8
413	481.53519071298933	229.91439805785174	405.27096962454567	508.63810681739074	247.25543843688027	1313.2997235119365	2523.7366494131948	3.7
248	474.42757332993716	279.725029185853	650.8217493516275	607.3909105491476	349.90253745785174	1321.6769867253738	2574.055933066827	0.8
491	390.5249865469173	249.64310118166074	373.22318545750795	452.09381429146316	338.83679353597694	900.5461888779614	1762.7240690864458	1.9
35	370.4663690145008	242.1751421640784	587.5438468242496	464.6418252157356	321.6421882369422	1041.1070348625258	2149.850140316821	0.1
402	544.6877499786319	289.9159254256772	682.1959947890508	607.4797700744604	348.41009246533747	1403.5596511258796	2703.9437073333866	0.6
517	474.77315077529477	201.44757999853906	370.4173860820626	489.477638046496	201.9509394200803	1301.5471792951585	2515.7023106504203	3.1
511	301.51103472785576	112.3018952648385	240.02726337741132	303.2412220793454	177.6761484087761	781.9827849089631	1571.431889052519	2.8
290	358.66380661696905	159.70955429772906	329.43632950613426	434.8824291974509	163.58026985961197	1218.936656413852	2362.914634154656	3.5
310	491.9458140892513	301.6132617493405	515.9391982769614	642.2588440088	363.76977382246014	1383.422541647584	2519.005933915063	1.2
194	324.3110027950417	132.69488330122493	310.3535567818249	406.69565710825054	123.65638896554574	997.4548478551284	2019.9178826887053	3.7
519	406.51232415041846	223.43838815317955	350.3056580392644	483.1734713316139	252.29799348885922	1274.2132767449373	2369.0419467821616	2.6
607	423.9717723314631	183.36248202670845	364.157462970696	476.04180449317437	189.16382785453345	1288.5962014538363	2450.209006830735	3.5
512	466.57813930346583	232.27879662655295	471.38864345042924	489.4364013011869	341.1454975906256	1053.6060935823812	2058.9262072932497	1.8
340	519.1068767534123	340.9452509790542	577.5051255995043	632.6682130808016	399.1642136617113	1408.8689422262225	2638.1958407839916	1.3
123	197.45096862503863	76.37142437078737	176.92563291420504	216.98068307252467	76.73845380421666	582.3991108309506	1497.1490657892514	4.9
303	411.9729911671932	160.30468731589778	366.89956501143	404.0409030171431	171.87076312568058	1229.8749485459002	2615.052987200471	5.0
190	517.2605143643457	281.297310383697	488.4060024446748	604.486489337486	383.6896824507381	1392.8250943347994	2530.7813731737438	1.1
102	466.67371397654836	272.2893347817837	458.0117083125987	541.5785132250439	309.7422064687848	1321.4090613685783	2450.9972323834313	2.1
569	316.56863524233853	141.51237173497526	272.01425344398433	277.3777725005325	238.35427503892342	416.1465408334432	1036.3334417381805	1.9
426	561.9040583159649	335.48300461904404	603.5449621292762	557.5838344335892	340.5285848667732	1288.6617826309864	2421.9029464274045	0.7
613	504.80114864597203	293.33030156215324	488.35521431969704	580.3285113691579	379.26650310976044	1383.519317430228	2494.4592593985603	1.3
296	357.22991034057856	176.66068300160413	429.7589833548894	479.0425028129976	149.8486955772779	1253.6410174135924	2627.5906594503667	4.1
470	375.85517277654367	148.5585547369849	257.92298015391805	328.9040820603114	176.35053861357756	820.0120679745785	1646.569579742715	2.6
224	139.89922324474767	55.607003699410164	192.00780590557244	169.81641031498862	65.12087805449028	378.7718701352808	1233.472597174229	5.9
236	450.28623518726863	200.30873325299007	376.99252394809145	432.80632942745865	237.95446788226369	1085.446895287187	2135.1053809919927	2.7
353	218.66896709481466	84.1152570157283	222.17734482592732	229.70329558438408	78.2477147124937	609.8228602050241	1607.933070439886	6.0
238	496.82031578218994	208.88643186581382	404.3182876113126	520.6067261120975	243.84761438931176	1356.5136338661594	2585.483114003459	3.3
566	572.5479351586026	305.8133359399218	575.0898020903353	597.4662322022469	359.1616624266906	1397.8351171661548	2629.7232216921525	1.1
632	523.807088780456	329.2039441359867	527.9469377199755	636.0177995112315	366.88553826551896	1396.0919546796079	2567.499694022394	1.3
448	292.11392233417394	223.59005574170286	515.7023204013117	395.8386773128611	270.7027542040668	856.3918983929284	1838.7414560484187	0.2
227	409.5751688032876	159.6165265555327	443.8064292616652	478.3964296709765	165.78935942967266	1346.9653260267055	2743.708593305259	4.4
540	309.6308285405864	204.1340237022848	271.1321971700358	261.20935112459455	261.10686275709395	419.6838098159407	1043.6398909952345	2.0
625	386.1016374231891	158.65216705399345	315.68511581365567	432.6002186142324	169.84416738746026	1235.6633166098616	2597.040388519351	5.1
432	492.3548756297341	224.04388272860248	455.80893844653286	517.9040911509983	284.71475590012784	1328.128501200978	2460.203616371667	2.1
221	291.57598106694695	77.42105703127093	338.62155627326365	338.4958652095999	145.6075799424905	982.6391169304263	2255.5007853192983	5.7
390	498.2687021522642	344.84723617394394	561.1180368305451	586.5072620920464	371.1297561267096	1378.809774439426	2580.81252843679	1.1
9	518.5550273637026	238.30717910493135	423.21394709540874	558.618014326211	330.79697363916574	1347.4202758189572	2463.038287102497	2.0
554	410.675903601415	152.30251768703374	402.40544242629005	448.2447133446777	164.40003003923218	1295.3392663806592	2705.68378281039	4.4
26	422.2702956265823	163.96878338946232	404.3827226608853	412.1960327700597	153.15078172178474	1254.47356764037	2681.4872417695155	5.1
22	205.24561929712758	64.4171833787701	118.22347376403602	151.1953108256155	62.27414781371845	412.35094276396995	1202.5336113713033	5.0
31	419.83716824063407	157.6774502879281	374.4319057611581	446.31933351611525	176.83946704096238	1282.0879874910293	2699.310040613649	5.2
325	493.35276580723956	327.6666092540216	610.4459388638953	571.7843191924459	349.37434504130715	1236.7979751801438	2381.945743795979	0.9
104	392.8054274489085	160.0039362167906	398.57012777439377	449.5654369083188	165.2748505187787	1229.061850847201	2641.6369004904773	5.0
605	427.15901054769216	165.30082568148288	373.9564300035773	443.5166904826824	180.07252808549507	1265.0015961482052	2701.9162878928673	5.2
234	534.8478874201587	242.5474847829347	464.90402017837033	543.5786876035737	272.79161357001453	1379.006971208797	2630.8601212480767	3.1
272	434.4633718584694	182.91063047751268	442.0425863878422	442.986648195487	195.78603168475087	1320.0615407881398	2722.7480892525273	4.3
456	208.31231082872827	76.58771721076518	208.95813153642965	238.7439021047423	90.56489082908007	570.3046766246426	1590.1937080681796	5.9
2	444.39103251084515	249.09705719115303	384.91378725087674	458.193225422456	333.2503423020843	934.1048292836276	1842.6268448415994	1.8
622	390.1916214024779	151.1287926520602	375.1817800416598	434.0662644152293	174.4964195371155	1287.2821180428684	2688.548351057406	5.6
443	624.6392161736475	352.3358002352236	523.2127931267141	664.3634251283038	386.4938407263387	1476.5170876488314	2673.5377950240195	1.3
399	382.1562896817882	185.09084461354428	349.46925034341353	370.2635587365731	225.41254689835634	849.0662751379351	1739.8587342306826	2.8
29	450.930968343058	173.28080088382015	385.3578547925238	448.98381013850315	166.58911644153105	1296.9521852295675	2733.8239006947233	4.7
499	367.2930803399931	101.39868785428644	389.6281678020404	432.7571276881524	180.73434137006768	1222.9772112497112	2673.5559696403757	5.2
96	542.1164035499083	289.79123291291637	513.7660310614441	624.1694582618692	367.9571440169838	1412.9386437221647	2575.1028795883194	1.2
214	393.296578974728	179.41896310665905	405.1962898713882	439.7637373365655	181.7974074334397	1263.9940422654843	2688.4971446739673	5.1
388	488.5430091582254	201.22180345736055	466.76250897844386	495.05416013579776	205.95991664887399	1296.4959042878895	2753.367913041686	4.0
483	415.4649844257495	172.73949981642954	382.4343135680129	458.87143983029245	169.44956393344947	1277.6729812326623	2704.1085267306926	5.4
460	446.8075413051976	259.9864036665592	644.7765163205994	578.6776929944634	360.13199070730644	1224.781539742649	2364.2318101034516	0.9
507	473.09917520582945	267.3261655976956	501.74798874790673	563.7154440954586	304.8551926495531	1328.6090107288726	2506.612839931237	2.1
120	334.9188401336687	117.47840894596567	258.55133378075686	309.2893878915103	119.11439471979001	923.1329488436445	2031.2368052261031	4.6
261	497.72726084609786	213.16823567996556	361.955383479843	511.64497519249386	229.4881579355055	1337.3622733599543	2522.885637803833	3.5
64	369.67205625552094	248.28886739689992	395.5330853045832	397.12135510269513	305.37396492544167	800.8966904071224	1645.9729309448578	1.8
582	423.40585390057146	165.24272827434697	382.10266886864196	429.55979700758445	171.35589113914358	1251.6658717510845	2683.003474807445	5.3
137	460.3375748219092	210.4145469286013	411.7043858097013	482.1670996635876	231.4959956068729	1312.8867227023613	2538.8020198842546	3.2
