Performance Statistics:------------------------------------------------------------------------
Training Accuracy	Testing Accuracy	Training Coverage	Testing Coverage
0.9972731253368392	0.9971875809911527	1.0	1.0

Population Characterization:------------------------------------------------------------------------
MacroPopSize	MicroPopSize	Generality
619	1000	0.9057692307692233

SpecificitySum:------------------------------------------------------------------------
N0	N1	N2	N3	N4	N5	N6	N7	N8	N9	N10	N11	X
23	0	30	33	0	17	17	0	15	0	78	0	999

AccuracySum:------------------------------------------------------------------------
N0	N1	N2	N3	N4	N5	N6	N7	N8	N9	N10	N11	X
20.30332612495749	0.0	26.356626507892763	27.9586910973229	0.0	14.886748671728165	14.620669691540474	0.0	12.543627924851256	0.0	67.77945105490012	0.0	812.303012161248

AttributeTrackingGlobalSums:------------------------------------------------------------------------
N0	N1	N2	N3	N4	N5	N6	N7	N8	N9	N10	N11	X
276045.5707261412	63536.474887049364	330041.0165937279	324422.44563683064	62733.20301496706	167269.241334315	358778.5889632385	119319.90204670458	250783.92941018898	69407.65463882279	897623.1574233277	79430.40947857809	8597761.933966594

Run Time(in minutes):------------------------------------------------------------------------
Global Time	29.515971183776855
Matching Time	1.695534082253774
Covering Time	0.0
Deletion Time	0.15458701451619467
Subsumption Time	0.0
Selection Time	0.03073894182840983
Crossover Time	0.01114296515782674
Mutation Time	0.0
Attribute Tracking-Feedback Time	0.19037793477376302
Expert Knowledge Time	1.2108675042788188
Output File Time	0.0
Initialization Time	1.2136857151985168
Add Classifier Time	0.05852594375610352
Evaluation Time	7.075400380293528
Rule Compaction Time	0.0

CorrectTrackerSave:------------------------------------------------------------------------
0.9947190377936691	0.9962010384724354	0.9998318101136183	0.9969886001295463	0.9939671889563316	0.9998488293283117	0.9962797998940804	0.9889785567906166	0.9968284192853731	0.9983901825160606	0.9956480866898729	0.993614791099151	0.9989718392064642	0.9958192799670829	0.9990779590157287	0.9950520938139159	0.9965991604521505	0.998259034449894	0.9993242370636448	0.9998998869723918	0.9953327306529072	0.9932754079355592	0.9976163088126495	0.9990719522340723	0.9955289521870191	0.9961356371343246	0.9995815275445978	0.999239140990178	0.9994523817389833	0.9929520428563849	0.9986234458703876	0.9998568383705203	0.9989265505755999	0.9983261101783913	0.999118004226772	0.9997256903043537	0.9987565961971065	0.9989067657385188	0.996993813515459	0.9997617309942926	0.9963709027492038	0.9903821414376832	0.9993262393241971	0.9938192994891233	0.991581495508429	0.999179073173613	0.9991800743038891	0.9991019861423547	0.999802777335612	0.9997046665685559	0.9963248507565041	0.9971347651498542	0.9988817374816167	0.9996291913570421	0.9934375910402845	0.9994583885206398	0.9973376041550911	0.9999639593100611	0.9994003229646271	0.9952736639666183	0.9924204426797855	0.9970526724672155	0.992145131853863	0.99906994997352	0.9965941548007701	0.9874678086559725	0.9961786857361962	0.9999639593100611	0.999619570495089	0.9939241403544602	0.9926977557662602	0.9983221056572871	0.9945808818155698	0.9985613757932706	0.9981719361158748	0.996716292694452	0.9979485689343268	0.9989768448578445	0.9961927015600613	0.9990218957202682	0.9963318586684367	0.9936418216166051	0.9963979332666582	0.9924738279517575	0.9982597152184817	0.997205845399456	0.9986504763878419	0.9987035362924742	0.9994784111261614	0.9988386888797453	0.9987946391475977	0.9993772969682772	0.9956120459999339	0.9965110609878552	0.9947620863955405	0.9962918134573934	0.999742709519047	0.994374648978697	0.9992241240360367	0.9988542489470612	
GlobalEpochStatus:------------------------------------------------------------------------
True
ParetoFronts:------------------------------------------------------------------------
Incomplete Epoch:
0.7750637837363318	0.977249748050214	0.9772533667938851	0.9772587905919728	0.9773083918219054	0.9773259096810328	0.9773362456158217	0.9773425641192486	0.9773659040159873	0.9773950748929877	0.9774114811230549	0.9774435312985849	0.9774717532127772	0.9863239190919013	0.9868063403144023	0.9869264615975737	0.9916132089232241	0.9916162872994388	0.9916261034298974	0.991632010765075	0.9916450315981432	0.9916553123439515	0.9916563192986138	0.9916721864621487	0.9916854983723444	0.9916863978021164	0.9916866639669638	0.9916955728387762	0.9917004389548886	0.9917116169086255	0.9917151824667318	0.9918859245860353	0.9918882763086102	0.9919004767632046	0.9919073273335367	0.9919220316070129	0.9919340639495396	0.9919358707283257	0.9919590036875753	0.9919612656320262	0.9919741109015074	0.9919743103830752	0.9919763102664855	0.9919880685007421	0.9919963745992889	0.9920091913300522	0.9929394345948258	0.992952461957076	0.9929576804962799	0.9929708596833314	0.9929795852123476	0.9929805494533066	0.9929914823482556	0.9929988054018137	0.9930070268749933	0.9930135258941115	0.993016045779126	0.993027506172544	0.993038575057245	0.994025261583267	0.9940386978047889	0.9940731066759251	0.9940873715206014	0.9940921735090674	0.9941119282422317	0.9952618769176916	0.9963864580066385	0.9972410486700813	0.9976252955351281	0.9984228206411577	
427.96005706134093	376.67047075606285	376.4496788008566	376.0397727272728	375.76056338028167	375.71448663853727	375.6685393258427	374.9122322045612	374.6970954356847	374.56904927133934	374.26592797783934	371.0607142857143	368.7879890809827	363.79914893617024	363.7546296296296	363.7316341829085	363.14893617021283	362.7434377646063	362.73424190800677	362.3188405797101	361.90273037542664	361.68664383561645	361.15879828326183	360.6756756756756	360.23444544634805	359.6745027124774	359.04499540863173	358.8717015468608	358.59375000000006	358.14167433302663	357.6887661141805	325.22893617021276	325.0211685012701	324.7793867120954	324.3290707587383	323.8779863481229	323.5265410958904	322.8952789699571	321.9882882882883	321.5978456014363	321.5094679891794	321.2295825771325	320.8390596745027	319.77797998180165	319.09099264705884	318.89318600368324	305.50978723404256	305.0187393526405	304.52685421994886	304.03412969283283	303.5650684931507	301.4527972027972	301.1707317073171	300.93647912885666	300.7184643510055	300.4793388429752	300.46153846153845	299.94485294117646	299.68508287292815	76.53985507246377	76.31463947560088	76.19868035190615	75.80147058823529	72.84482758620689	72.3458904109589	6.203351104341204	5.569230769230768	4.8994586233565345	4.31980906921241	3.614217252396166	
Complete Epoch:
0.9996591546435555	0.99968508533219	1.00000000000145	
749.0	1.7333333333333334	1.6426666666666667	
