InstanceID	N1	N2	N3	X	N4	N5	Class
477	319.16989505934924	328.99479720240953	385.0871062511665	971.4389350625734	298.3009812476534	184.311419732236	70.0
421	89.79081433193032	79.3389008130123	100.27908706561306	527.4616902399674	41.130375010137655	18.84984210583884	170.0
178	174.6120937353429	186.24591825546057	220.36275511712793	808.1207250481522	149.16065517337603	78.9944347067509	106.0
576	237.50201691053667	261.49956297282665	305.8415633886369	869.7842272434306	213.92645887873428	128.82669070522624	94.0
387	259.9761134070125	263.3831219568608	304.9543015677109	874.669640470426	216.00024781697385	135.5968776185437	90.0
183	268.0802082538773	253.74702926477403	326.055617320876	856.7417458881318	241.54012477750385	149.30988972104504	80.0
606	115.93122856840715	124.51825021988971	129.60299203416548	702.6620918506638	75.70801787053406	30.300522446444898	130.0
212	128.41344958770065	131.9845238683604	182.443528376435	740.9074879043284	97.5467204043717	44.62989056233501	108.0
617	103.5852820400345	119.8414835797434	104.26794341062435	563.1935768536825	62.98127811650249	21.297947140068143	172.0
433	238.89721278783617	240.19588351685601	283.01912515857094	877.7485194390916	195.1096892204668	126.67363747466732	102.0
398	190.81322937442243	204.66000732725965	236.15004960039656	823.2798455725516	145.9017774870321	85.19444389329944	112.0
145	80.94112439252157	81.95851621766425	86.54840417299563	313.91629366082213	56.69106431995975	19.401382653987223	198.0
3	276.65360484550183	293.5718881009118	305.08262018481116	923.2785223360443	220.9063076019979	138.329018860275	94.0
316	272.1041014794741	296.49130935091955	350.96359095543636	944.6032547440831	247.606692801673	147.21159245821568	76.0
153	111.38147107680213	126.61784933129643	168.8778625321605	763.7232731165643	82.56681278763992	32.38856356109226	122.0
616	226.40706432259054	244.2337226903157	268.2807252020272	866.1482392501413	193.16608553282487	115.9563649131052	102.0
284	222.73126010196052	243.99848266866877	265.4508685558456	863.1982046192137	179.8716413419624	114.58743919328008	104.0
494	305.49148884613004	312.1767403523293	369.2175295549671	915.8324211239484	280.07122335502874	166.15508913694651	24.0
84	292.6375826079717	287.5148424350977	373.2815848369539	859.3633142095424	278.02644669127176	169.8063321401847	12.0
567	298.3726629627124	284.0296885346079	377.5443788650948	794.4257628795297	286.98299415384963	169.55777023024817	2.0
79	287.95243459303856	303.0107779789762	369.15018219863566	896.484454080286	283.7568295663804	170.04872070382336	20.0
412	95.95251335243579	105.13701426928573	73.81816592823552	598.7613742235151	15.624287315790742	11.563673293552165	146.0
121	101.10159587769854	106.49798353861165	110.48662674233712	671.1933561032229	67.50382247410192	28.187263010699464	100.0
431	289.69168155816016	292.8144027263645	353.24053968032973	908.8992112915354	269.1823739948011	161.79031714580807	38.0
330	73.85389565791101	73.95586298097174	90.77047733842197	563.1831450502694	37.84957494465937	18.681742320553116	158.0
14	79.6210575183208	79.11842587683384	90.81724046467579	596.6224152220204	43.74038130671377	14.146414661829628	152.0
486	304.11833901737117	304.78431210751035	368.72845272093787	905.0755188323391	283.4011437487653	169.62684007484555	22.0
269	93.30910612196573	108.64408145586671	103.72085069629803	619.8918658913449	45.03218982115729	18.670598266636475	162.0
0	110.39748658748425	123.31375731875964	124.95583570892362	748.5875220948767	65.25642651336032	27.49730157464641	124.0
358	302.00500279119996	300.1847907043028	369.3537926114761	881.1652088952762	275.45924813653426	166.1782157311596	16.0
220	97.54204912848589	126.05051940753403	135.91478556707688	713.2543839432709	69.52855174840882	25.77683264243908	112.0
117	86.36028647142669	74.94403541808717	83.64986393789468	379.69017691888104	41.43217775904576	15.694367394494957	190.0
184	80.30553685618581	81.42005408851068	113.26508039200935	463.3628136939261	52.90195263530186	13.392398764454402	188.0
586	130.781356280704	176.69892631016398	182.43957302804444	784.6965786985569	101.11098870434557	46.092478565183825	128.0
536	285.94370989019734	302.28325878601606	364.6042396995225	902.1953953797965	281.054282693032	163.426000114301	20.0
348	293.3215671415122	306.030839607473	366.90946243806786	918.9545161808686	280.34921826261893	161.21292657999697	46.0
103	269.5560922750644	264.17141974345515	309.96371209880465	853.0840873180412	230.996065476233	142.13734330245427	72.0
155	174.1466352317519	196.34283990616498	213.02853277806605	753.0700398331437	149.16059698354263	89.95953687622907	86.0
452	225.24568453232948	229.15328323919206	264.3531559676667	793.4916385847795	184.2665723262575	126.42361510250042	80.0
589	87.44643521692547	95.07934724494814	109.19141216274988	612.0386384932484	42.23284839343826	12.955664429005932	156.0
276	86.10246792703873	116.69990041900311	111.78149366704096	640.656083358658	53.34215400298116	23.08936093418856	160.0
614	114.37018768453304	129.4308761559562	140.8223666008284	716.6735947535296	70.72785839470792	26.17279500161638	134.0
444	154.3315052853892	167.63327109044874	154.13081814438505	806.2715182688115	82.06100889733574	37.12906756884948	120.0
560	291.2413490772075	310.34451216678025	357.99508890683995	911.7029907817023	270.93280781717	163.0100594885962	30.0
527	292.64828094986035	300.5861296383782	374.7733998165034	905.4012459592416	281.6497641067145	167.96977346841743	30.0
239	103.98715805488514	97.84622612700049	102.23226929708585	614.4186724436229	47.54407267172432	15.007407474087765	162.0
274	82.893412622362	74.3948551469191	89.67936721701379	440.86171042276595	42.52205779992812	16.157119368817256	188.0
478	75.55852179725332	68.37249128953536	84.71334020422073	305.3111625161462	44.849198726975274	19.2871531314489	196.0
118	277.6557858900901	294.7800377331548	355.1132854167514	952.5675319248232	265.34900745014914	151.8815214344988	66.0
425	117.91032623426841	132.8236511495474	145.92563823450362	710.3963931107448	79.213567603664	30.767408786444513	130.0
604	277.47035607966984	285.4676902763052	351.16707059663304	942.1066946590656	263.1280370001415	153.4935164472202	64.0
146	288.28882957725557	289.7469151640256	368.043300962984	887.0288245858748	279.5444163866348	159.52458587731098	28.0
60	286.3081994563426	284.42657840447697	341.03789920666367	934.9961224481185	249.7490329383877	152.796868689789	56.0
506	294.014164861498	286.78096813550786	354.74354356621	906.5360704950286	269.8947641555692	158.9946581033217	34.0
113	81.5996849796127	105.24889928557842	92.6803017839982	608.561881175845	44.68689806841738	19.199823701735394	160.0
42	97.51829522324431	108.55815371711924	110.81392582354148	716.374110850525	56.69321283474732	24.253089901993583	126.0
334	281.8093940350227	292.45829926477967	341.9873001250067	915.018644084815	251.05025738889998	151.95660933036248	60.0
298	258.7195907617437	265.1797195666343	308.1502067292581	896.3511114320279	220.99860186216398	141.67457622123885	68.0
253	227.30712602712293	235.00175801347416	273.1105852564619	791.0894224141479	185.55012777952777	120.5528287141456	78.0
488	289.2437403033522	281.73468177678996	360.46856697244584	912.397145418646	265.3891683600304	155.5872212976336	50.0
67	70.98047446322562	69.23486702934747	59.16491103686076	278.21745210672225	26.762909351981506	19.44580294939107	198.0
241	106.47359702181856	108.7394694891822	147.37764236032734	703.3631966432208	70.45249748979353	27.342613172192724	130.0
462	289.3241038391743	296.92577273668246	353.11081249423665	963.2594029677307	262.67745898495144	151.8293386658148	66.0
34	86.60118387520961	99.37872427361188	105.021487311636	654.8287759185048	54.1958656903378	25.266613651088843	144.0
165	282.26973441855324	281.2313100258841	351.9541721695454	940.6822908831338	267.2213419441701	149.58966750938546	64.0
409	291.66134034580966	285.48855407157816	372.7213978379636	916.4233775508288	280.8859253018379	163.967353310289	36.0
11	284.1329802905467	285.4888346188724	364.0837626273106	827.3133946870711	274.8942859859815	168.184921383919	6.0
207	69.364777329156	81.44645585309947	86.18608640835154	583.9267145219812	28.492009479132825	11.539672444899546	156.0
602	122.00615872979347	135.05025719286934	124.86400223841751	720.0750540848844	69.63782212496403	28.858421531754097	108.0
363	84.51741971353918	98.43783985901678	100.14106371567453	633.7920347859422	52.529796983664596	25.23356882410056	146.0
367	80.87603407284412	90.04733513515875	98.17095454450734	536.143827291937	43.31010930652881	17.960842607700013	168.0
135	82.32439229401064	102.16333409773075	114.56156254935846	630.3702378503274	51.857037661793804	23.00511730613111	162.0
397	107.51226095654722	130.32208609216252	126.9210998994453	704.1387015841423	82.84085351371866	31.471252128484316	142.0
271	107.8075976448774	136.81550333649025	135.20011198117945	696.778464181413	79.8034171901506	33.671556304506176	146.0
396	117.87810739190937	132.55757266847314	142.54026888665345	720.8301728664389	82.1897444178011	43.13371755955837	140.0
552	106.93236494053511	128.24984314228422	156.53019532746586	705.3740885798118	84.53049286360606	31.264754679096693	148.0
518	285.1925668673842	273.41659009409346	360.8365651889229	847.377809403754	270.1236579281939	163.30084193054307	16.0
54	261.2742521165594	259.7488931156252	302.30338411751853	866.270332473529	221.29293130768815	135.82626642655393	86.0
344	272.81545704087773	284.14218781086765	358.8258047396538	857.7607995111945	271.8766080937715	158.07868002628874	12.0
329	94.1359710390431	90.74263493445106	85.4262150091102	531.6194123961909	40.647675156589095	17.482820464933212	166.0
134	125.49191091900994	168.85685106702832	153.50418015837542	774.071582405758	82.82593803601209	39.74139662154693	112.0
48	76.56027972574593	82.02719388991454	109.83384662976947	535.1490477317062	44.23440173761632	16.55641242821625	170.0
73	117.17550066588417	123.10195093284332	151.5478368799593	723.3142760371226	78.70601292615514	33.354580433507856	134.0
98	101.17805323034115	90.72420638646682	112.27947311606988	516.2915364914013	43.34911014476719	13.543738759362308	180.0
229	290.52878058115294	304.6317950134559	366.3517601527008	926.580905711663	270.5291076011502	156.32281294431286	48.0
570	286.3921257457143	289.7278312214212	353.63042562923334	882.8882588124936	272.28733299063884	161.38788751969687	18.0
548	289.74957757878286	280.35667764696416	359.7704950855501	883.4911475507101	270.2391275338276	160.0304301473211	18.0
169	64.03875788114658	73.53080958909221	60.96285289398461	281.08294994015665	26.493152890821836	15.595633131195024	198.0
133	298.3625131956409	297.365452141361	363.80442805942937	923.8713906303589	274.96241932352166	155.69788035063218	42.0
89	100.57817137777438	113.07165298859127	99.67350706362193	683.739298989007	49.33718693893171	25.18980691079231	138.0
21	96.5038488237665	101.59420606293521	98.39161870002926	636.7136482730418	48.22480305020849	28.349069372017503	146.0
100	79.97505278250011	78.52576733262755	89.57463456148739	397.76777967311966	48.849719022884145	21.666131945862784	190.0
256	274.38078156223384	276.64178556308286	354.48867837161447	819.7306212535304	265.5230169306875	158.32260538526504	6.0
95	275.4162482652844	271.20136464068804	356.8222232007734	784.8451090733547	268.6992441528475	158.8838143981485	4.0
568	110.2972849060135	127.65943773978886	146.06603016183675	691.40425153349	78.47698571420206	42.87259453232664	90.0
189	84.39686131585455	91.13280082483435	96.25014121392067	536.8462480484822	43.29477654551085	14.102135040042267	170.0
198	255.4004763234728	278.4694494519112	319.48744623625396	896.92604818913	227.01124887627495	138.40421877331184	74.0
612	247.5580721547832	243.455053740131	254.444629733971	835.1158373484542	185.93091726534053	125.65625184734931	84.0
556	110.77090933083561	116.77026495942692	129.40793669295147	709.4566609707412	69.84280999684574	28.708856933953346	110.0
609	83.39215301372816	88.62835777761182	93.38738011148581	493.56783067366314	58.60602917611216	17.954637599186253	180.0
475	279.03342729753075	298.07804911980645	359.7180750850807	815.3059686647024	268.68423691903445	161.67445731379337	2.0
467	268.39856099408024	269.6033091289653	317.4877703664652	913.846221806512	233.60874084710372	139.0894940272053	68.0
65	294.0987961773175	299.4551435055603	364.1992413157654	933.6277348651989	278.16592765893614	155.31354743627676	36.0
97	294.06595133835594	294.64985131816854	363.80605106814846	912.9758491618159	270.16729504740744	157.01152869599278	26.0
378	93.19978815504675	84.00210528214272	77.79139032469382	587.6845565261242	21.980276411219116	19.078409288006455	158.0
335	271.139315497698	270.863468207452	324.47015066179904	891.1282150442105	234.56111512526218	142.42824265381827	60.0
562	140.55186242708686	146.81523534793374	112.2275669527449	765.0404393840671	48.965689050967015	21.308636168520497	124.0
295	270.5180130711193	271.0579354659288	323.5467731157956	916.0692857138824	226.63233827840605	140.1310167966177	62.0
326	294.05523864006625	295.8371976265935	361.44183621038337	883.5431184471572	270.85243347142995	160.9065322054138	10.0
195	294.0041799127567	291.95753267411163	351.5329728864211	814.0936767282999	267.3512867593778	160.6833425467978	4.0
446	78.60390562337673	122.36988518229394	98.79039278823957	721.2003193583437	32.20134402176019	18.26707349160643	122.0
251	86.04200791619115	90.862608614563	74.9158704458935	385.4251052653883	30.318040765332125	13.975086457969422	190.0
338	230.8846558867547	210.96125530076986	238.4686692322103	789.348261781259	194.37794153451944	123.22049413092364	86.0
285	271.1000997163937	264.1401443795847	339.4023099432216	924.1558720789534	237.78704517016067	141.69219548970253	68.0
171	91.17583833715578	114.37614965286258	108.1447736825757	674.1178094633667	47.17475602233754	18.22285202409677	144.0
201	210.79388388707466	220.8580248519296	240.09045876400629	793.9894691791164	170.06007460297	114.49699317813747	92.0
297	288.0239574997948	273.47695189198356	368.3108539236693	792.8154357631407	277.2696832776001	163.09034897361937	0.0
61	139.57907505528692	140.12571894375498	174.11108904526066	688.5772317987534	96.89945746032272	52.5836198999343	80.0
125	90.87131946921886	80.24944967372431	92.93823248217089	548.6878949797753	49.59303812315886	21.341292763447147	166.0
243	277.46205166334283	295.38878906262397	314.4726512674178	892.2954850729401	223.49802331852624	132.3737407628911	72.0
245	89.44870866366125	112.2317445434191	118.0940400751844	733.6684485260838	56.734976065968624	27.0369554288304	122.0
430	92.30099664412799	117.40666814655062	100.20583714838767	517.937191292398	47.85854769449075	14.602256771049076	180.0
521	283.81554107635986	285.6432151448254	360.52060980542194	841.0414084685718	276.34757007215075	155.76776978596584	6.0
385	97.08525391531751	104.77923850347477	102.00998991284642	676.1080670068984	44.51406729703253	22.70495387562306	134.0
283	116.68941186091212	125.09312605213404	142.36028364321808	731.5693046299933	82.291600599472	42.563264699913574	108.0
406	238.91581117410902	259.06433965376027	301.23036550305255	873.1854614474476	203.57254215454296	128.47825484042573	86.0
119	113.33087501095171	134.19586915701834	158.08484319744187	757.4499454386344	82.0268534929155	37.81582524223704	106.0
597	271.26026809018424	278.1494464895798	340.86989997451485	922.1768378327075	235.23117767610879	141.40352080770575	72.0
196	83.25237321394773	77.52117841501713	106.96233089747096	481.2907056665516	53.316113715079425	13.857161936924001	186.0
187	287.7062806603905	303.6428519261588	375.1704296834661	940.9324769589989	273.2197507922589	156.99278932608973	48.0
543	122.26742661982287	122.6878166490043	164.95537691021872	740.0893699000528	76.69796007630234	38.986022841564804	110.0
539	250.85658075000424	253.0990793998606	306.99334893429705	875.987141943632	213.63496419248196	140.01869334594795	74.0
223	99.54607934632878	115.35869379777289	144.42376381827302	725.5127694726397	67.2809682431487	22.977760314175935	116.0
535	127.55467287835654	137.72257161961454	164.38093420983003	762.7889186864788	79.16751113699617	37.33321915352953	116.0
249	290.50360469938283	316.62570155953006	359.5651558396305	934.5956204892891	273.78729058104585	159.6346373878911	24.0
191	76.1062159166524	98.63136690796927	95.33290784229266	504.09692104131466	33.539710199780565	16.081399644068814	180.0
628	89.69118644785217	99.84878812182825	97.13129180193589	553.4843938689572	56.93055840439568	23.23429093753235	172.0
393	282.77224140787297	278.8310107500164	362.6727396169262	867.7422823960728	277.1715008519606	156.4212118388821	12.0
70	287.87380473434575	294.6638779769939	363.1653044235333	963.3990140101594	272.2405339507344	148.4029218293698	58.0
341	284.8367681384572	283.7812746077386	351.499116627062	901.5605105105005	264.86873389080614	149.97821412118844	46.0
142	276.5089122231935	267.1305857296924	366.57194409807363	786.5201587826311	268.23169310578163	156.09644739794612	0.0
180	301.0510431396862	312.71505308003873	372.61638435886965	938.7027645128148	273.0636807849823	160.78766802174147	24.0
498	286.2548400126848	280.28988895621205	363.4437167329101	869.3403085793822	264.1165628148582	156.58103226601264	10.0
90	297.8039390589547	305.6550373845235	371.4744110353369	903.1203339015142	278.190059620382	155.9727302817757	10.0
439	99.76568150232164	97.4720922692657	100.59184482504139	592.2602471798197	48.234928822408484	23.988021645317488	80.0
574	71.88594272086286	88.2504817929175	67.1637753643714	587.31096598638	18.47019937637633	7.9398211641104695	148.0
257	68.30737053233625	72.2079220012488	55.19118279208656	351.25416130132334	21.273853500352736	5.298968132264145	190.0
304	291.65122527268875	289.4592620663478	375.9876383482319	922.1849624214093	274.2938753693028	158.34603518997284	32.0
124	287.6729509741328	309.7329225815049	369.99075615479	837.3481784356447	270.95811880811345	162.85516715350684	4.0
547	93.61854657308584	76.2830563397169	109.478909053701	697.2895551888661	48.59176568384727	20.42625856317532	120.0
356	231.02770823569065	252.84724884715507	284.5263105572351	855.3282222189708	187.57552137213023	122.73745598332381	70.0
482	83.70649355249695	102.13871048535081	96.48027275307872	662.7470892589906	49.92359427525203	20.75579316385128	110.0
384	192.5906405989183	207.1794622004194	231.3042921808454	766.6699772924397	146.66012685380315	86.56335155919422	80.0
419	278.8929986826496	272.227186202229	325.0728405121649	931.3670145346033	227.37883805184444	143.0287421566075	58.0
116	81.96086734007066	62.93180340712763	81.51091015364915	451.75322364473374	38.496494974868895	16.00082698045709	178.0
571	115.4332799676228	110.45550206400202	138.06059074929246	704.1456244740689	76.92337280873292	41.83171216531798	110.0
603	239.32881789000342	224.81240902671823	264.1187925703395	823.3746045071049	186.26089392839972	130.2574539216179	86.0
138	292.3353610489205	305.14767482288175	364.97679054518323	866.0695608306194	271.6916593723395	161.91036880914888	8.0
311	280.9460647220545	278.8366940037339	360.27594163290377	809.582593645548	270.4393299900274	159.24735935121063	4.0
140	90.23547371098277	97.21173382722371	104.54798414024694	670.2235330964351	48.230001382031695	27.283047230309737	110.0
168	278.678136714382	279.54611848338317	321.1137140684009	924.1779784891369	231.71292796878873	140.00252124866137	54.0
247	294.25714029916287	281.36656892516567	361.7096626057123	815.226233611339	273.5000428805221	164.82901784472756	2.0
16	281.60794700107175	290.30669824299486	355.19578599895095	930.4951655821775	261.55275143290214	148.41690012149604	34.0
327	64.730465679218	104.85076776274197	71.00481871814027	600.9018423446767	18.333483389566577	11.677821917875326	146.0
630	82.36684219783079	80.0761097326496	64.57767115642918	425.4571005461118	23.408300727140237	17.29168997782388	188.0
558	80.36968989392143	77.98070020960363	84.41149215253125	321.97073341499123	38.799545540107225	17.056332006821417	196.0
40	286.18022245545205	273.8382249539276	368.23881760758604	921.7881404891433	272.2979526587526	155.390184479834	40.0
350	257.5098621807598	249.91593385577028	329.5389746559337	892.8694876817558	223.2125758787628	140.27244919957047	70.0
262	120.61428204991817	136.52766525965643	151.01294335662013	759.7375046184009	85.44080046186812	35.902732909925014	98.0
76	97.00804775384333	83.72249409268478	79.05544182283167	326.762871064902	28.25980770794154	19.89159843431477	196.0
590	107.66998392501625	116.0537384121705	144.38845322573147	723.2969136903899	82.21103475970591	28.386935236326995	140.0
179	281.28066367953545	297.2755836556543	345.03715827315995	956.1244825943061	250.70727710563918	144.18902497716005	74.0
301	118.36630911861353	99.25715652550605	148.78244801092077	714.69257896886	70.60979371410366	31.475553924584933	130.0
553	100.2653531047579	89.68532681349637	121.31421173497661	574.1531083841807	53.91868295433506	21.65876548584631	168.0
479	268.8523890893188	273.58537786582207	315.5180522347568	927.5264471540671	219.62526741684957	140.35341427065728	96.0
429	114.50497374836895	118.44755703854595	127.51544253819702	701.8378490949524	68.62202448300769	34.13729497868073	144.0
592	253.01657118070514	247.3306228941168	309.62752332952937	894.0563946889074	218.67547372485788	141.44126931072873	90.0
225	294.77526433733715	293.21253073671147	376.64406262838105	908.7221829417113	278.4666311742772	162.82368398014455	18.0
457	84.14848051574884	95.86697087182971	92.19241691045171	547.9449226453496	47.68142575389282	14.389400453802361	172.0
317	296.79847578811433	283.1035717176866	366.14946075467265	898.5075629104433	278.4269388448731	162.13282618433504	18.0
267	102.17539356078238	146.3464647662571	104.32365951221647	679.9119234609857	47.828396100727474	18.683358209734763	146.0
328	251.50161824168654	262.0701139962348	322.5685244807288	918.4233881353398	225.90834504807654	141.90088974059506	70.0
154	86.35490509082257	94.05527245108719	118.57502247000458	657.5260948100854	48.693719114728054	21.767319481781524	152.0
131	297.1944617123166	290.4701377516424	343.75722338846487	984.4339128550774	259.9668630936176	144.59959847754646	64.0
584	120.57631683221996	108.0859206904939	151.04901992306597	728.8077029622478	87.89176726111567	47.82860645505226	102.0
27	102.646750810871	109.26569386089926	126.56186425702425	724.3509236863854	54.78376346941634	23.145568494224925	136.0
600	277.04569370426935	276.0935716255201	365.58725089626154	948.9974787230107	258.592270502664	145.6260800434129	58.0
523	109.06488401243203	126.290961392358	135.72004131507407	745.4525668640684	70.07887211322917	34.312572191708036	116.0
529	87.62079667820386	108.75927797553388	113.48595886596333	590.4176968151888	43.16084793307105	23.928623693959942	170.0
38	180.41144079620855	184.6616356952431	237.76768406407925	823.155450579915	137.905531189931	94.55378346004214	110.0
45	265.6838905532107	258.90293706667353	306.36924958916836	865.4087763940541	228.1376263102564	134.83569495771323	82.0
557	277.5772365679699	279.2569178342094	339.3066556580212	940.93814411886	245.99732689408955	143.69012557676595	58.0
349	290.43663306371707	280.2486159816443	356.5555473927619	930.7566797649722	258.9925569589785	149.23426901461727	48.0
346	94.01264115421272	108.84428803812824	132.45282423192228	705.5595801968269	49.164614422019376	28.389143721330726	110.0
489	237.88571056244476	240.25626422024007	270.97933955093595	823.3664074946529	184.8470707820176	122.74318924160083	80.0
598	103.21198810924352	116.80178180243632	108.83643278857677	674.9359721265546	55.36360978712068	21.391185862815686	150.0
263	105.46318143830143	114.7779444649778	105.68336911450977	584.2063735228236	60.311284425952415	21.185715148790628	174.0
226	299.32431263694133	303.5548504428877	366.3673573473955	940.5267957822703	266.600322874223	158.765397012092	26.0
321	285.3818684618925	299.7479583276345	372.079565555243	929.6470727376482	268.8869316188983	158.1969386870225	22.0
629	289.0183301039159	275.5134583245292	368.104390588899	903.7162806326927	271.4149592480514	161.62860068053362	22.0
126	282.8041269348464	272.4165471552152	367.53270671582106	898.7967308446979	267.62394234301024	158.767906698593	18.0
91	98.29808341840518	117.18090864605341	100.72398649667562	657.3653492245007	55.28357281393801	27.960396229409486	92.0
265	105.17736624057812	131.17729590798606	107.62272132436703	756.0327407452392	51.401165780586126	17.138477729912722	124.0
544	84.52140886458562	71.16675604077635	86.44924324965561	526.9409221879845	33.56380969313373	14.47445851210267	170.0
459	93.1165759520041	111.75811181453524	110.92929557835903	685.8912726288055	57.50281623770554	24.215834633255987	144.0
621	255.4872413796014	262.6735435645165	313.85679041095375	877.7778240038576	221.69142255088806	136.109978922981	80.0
266	102.84242516528853	101.83229536845289	107.71287213754182	685.78899063019	59.09325465256993	26.973560257120482	130.0
217	227.85599333585665	234.84235988198344	251.24320304730634	832.9091925872583	182.11813410021978	122.43808836029964	90.0
401	114.28905056326086	134.89089904753027	142.03708216348008	739.5250479187279	85.93163935511589	38.65334058772611	108.0
324	290.0837405988584	274.7655988100708	368.86252153015903	939.48800452006	263.97823634923543	154.87683045671898	36.0
417	112.64526169977012	113.73201303102155	119.95154754003457	699.8145288318304	62.01810845726836	29.698075466101272	110.0
308	286.89840048080225	279.4623554887782	370.02181343288606	849.4210847772587	276.41795694569373	157.21598597747325	8.0
445	272.26302292279286	270.45340606717514	329.204892084751	923.8249674926092	237.4272933136105	142.47148571670033	58.0
458	83.2913134376455	84.13096831017789	84.91496364236625	603.3118794926268	36.09593739844816	16.002772296011134	162.0
376	140.07023746302417	141.08981797792327	145.27586599092436	769.3305125936865	74.22406217024162	35.70088222352072	102.0
371	140.36648263621527	141.05837612546873	136.10545294232747	760.5855370404565	73.87431408023718	34.97211962682738	112.0
312	296.4789924583133	278.7790110744693	355.838855350782	924.4122071990885	259.6404917133739	150.8797172294472	46.0
545	260.97468956687965	270.25622167394	331.0744503683756	932.017589365882	237.87909383761442	143.50343075105573	54.0
504	289.58267526989266	290.869164108135	364.0140705520559	894.9839435692961	269.2798977251801	160.77283660455416	16.0
404	109.1067422462433	107.15757210355865	98.45281538394163	640.1178217384812	44.030075925526155	17.55459709701925	154.0
246	122.4678733432228	120.25363401117058	151.56642275106148	708.344540381378	80.6836135012262	37.37229423102943	92.0
420	87.29456197591979	100.94536965816091	122.48594806253809	693.3579079433249	51.49158731595839	19.345763720786614	110.0
206	105.30545541676494	106.03276227228376	120.08209663762155	595.2886734860206	74.74861698712701	25.545862142919695	168.0
231	100.94324289957483	100.23135947060912	108.3333339898842	530.3422070187694	60.704010953542756	18.04371323919619	180.0
546	108.75593360997878	114.29916241333207	138.0106116161205	719.6604747655687	60.408166354282585	34.06468243533969	142.0
490	87.30082282193078	80.09502194755312	118.22470159361583	502.84871232125784	52.43951971613575	21.784846486470123	186.0
25	92.00247870211393	82.48157935958922	101.6113000162594	486.91725436133834	58.52942826651313	18.456714127606833	184.0
320	249.08270670189617	253.60793242469353	318.8166630602182	941.1602803459098	224.01474885517598	136.03431856334547	108.0
62	252.68668344132	230.81111345905632	319.9638788886467	924.1185812618883	215.79351748593518	131.16467470873977	108.0
77	171.98513536358175	176.85467062311466	205.71394348628274	808.1394534922161	123.13372616883967	80.45798507069169	130.0
455	266.7073833269449	274.25405597543624	345.7924219080805	943.418033705076	251.03448477756632	141.2643152610084	74.0
626	101.10397993119317	109.45582168240745	128.22257517123313	673.1620253721645	54.849640701362894	22.374257913460966	162.0
216	83.45649518419016	91.97220275946837	115.94698898592104	513.3207880088764	50.555285194523385	16.000883265230716	186.0
438	301.9982299964678	302.05901578634223	347.5835710972218	987.213823924621	241.4921804355784	134.80253995678282	90.0
581	282.39497210897144	273.4384012401464	370.64075744407813	934.9185815761967	272.55590279718353	152.13574179546657	34.0
47	102.80846725596699	106.5868276200328	112.89563211798605	682.1902261544635	59.58048260622426	29.748558711602424	152.0
83	122.33504707745917	145.06461309769583	180.4074489360673	815.894092442514	94.10994857209779	43.95673591448915	120.0
580	119.63398642127936	133.37432500294818	151.68479511360692	740.0386933580526	69.83573721723027	25.74726698333571	142.0
78	280.1644638973657	288.24150574703776	351.4389564567716	963.0859043535858	257.22038298305415	147.89045873923604	58.0
391	293.6719001738175	292.27974294127785	367.7235378236726	930.5541368390252	266.18837462057263	155.58864359126855	20.0
585	102.81697825136465	97.411052520596	111.50928411544115	731.7858174760713	53.19538324430456	20.74444990154956	120.0
468	280.8840947438037	294.0610812885455	361.6673758577482	921.9660202379398	259.120870279721	153.4568986529839	22.0
525	84.36807844086808	95.60896555227258	113.90112645880498	695.6699456318584	52.11943629150278	18.072292297218805	136.0
333	289.6504839865851	296.46860933967776	364.27146089666644	943.3949379430376	274.74464448782356	155.09065216910815	24.0
147	104.61083554742476	133.5745911166443	123.56598469354762	772.6754443288864	49.307423401013665	24.43611986740796	120.0
382	239.10162225963444	251.3799415160677	280.44309963152216	834.2913932380955	188.00936507105433	111.82506736073749	78.0
306	272.4736029302106	271.71786170976446	325.12033735778925	942.2254113671718	221.42362934177345	134.26706677148437	58.0
555	101.45730025008149	96.26106687242087	109.45109437521296	655.0785623923562	54.95994675845203	23.97141990374878	154.0
192	263.1156528139106	258.6731054370962	280.8879212091102	883.7855102000499	192.95241602103607	128.6951858870814	76.0
594	112.30254830717011	110.0044355713934	117.11901814258214	723.7075304443605	64.79108464996497	20.943354258662673	138.0
71	96.44696870933186	107.44283234821516	111.84034594383947	521.1341405240753	56.61012963389385	17.999234982108675	186.0
209	235.5574474438992	238.7758717792856	262.52835157005677	897.5714004098303	179.6503070390667	119.67545260413767	102.0
286	247.00659639978468	253.16892856186504	290.1470956279892	892.2586448297877	202.41289101389856	132.59808149532776	88.0
92	93.26291622864727	86.05025149909342	100.64144918735997	384.1874977218173	53.50200736216883	20.372890478490206	194.0
63	240.45152025033892	228.4569326581282	276.09484965025734	884.6132005019649	194.76403505696982	120.919332359899	104.0
101	277.73878564932147	284.60833350398343	348.297066831482	963.7215268936217	258.0436272666437	148.40283551500218	56.0
157	99.33824978106956	112.84370465574865	106.96442379832044	653.3264725417289	57.80592845852817	20.752634367184413	162.0
279	248.4796842967813	261.5908539470028	308.21709087716766	914.6879384793219	218.67187867487772	127.73685540760299	88.0
579	94.71011673785085	95.27045875708053	115.83473422677076	680.3380158128639	56.61721618510142	23.006435676094558	144.0
473	102.96107139904674	99.0229219502864	99.5788055456141	419.976318539881	50.70987595764487	18.013976019583982	192.0
182	86.51204924508833	82.38792500975006	104.92821468297531	554.7370639040122	54.78161464812729	18.34750342642034	172.0
240	104.80136144444451	103.78185208924286	109.85543004336873	437.222640008573	58.55727037431598	17.605439955392367	192.0
565	277.20190522457216	282.81636034159675	366.3116310888598	930.7505861863207	262.65468275468	150.62453156025654	42.0
128	256.27184809660747	249.04466785858187	324.6791179985157	884.1773323696672	227.70405005209022	132.78410861194413	78.0
534	274.47484516089224	285.89961439517685	366.44128365010505	958.1153855114171	259.5528451440827	151.76189708738215	36.0
233	96.57013028312971	142.15135494768245	119.51153321598169	742.3308350101888	59.857850219256065	22.915618062460904	136.0
450	92.18652659553945	89.25662519971488	103.95676849613272	355.41942222545094	51.22103139702663	18.417963191250017	198.0
441	125.64890241767995	134.00476771988718	131.4305082976132	727.7449784912866	68.43167562564462	31.16093101943754	144.0
32	211.00795567668882	196.31439591804244	245.9780897446589	891.6959639014655	163.45690267934458	102.2842053862738	118.0
537	283.58143805762955	269.44717478905653	362.06856559819045	876.9491659242548	264.57702695339	151.81741336805484	14.0
160	219.14229589086173	230.97677300495133	260.927806527725	844.5473430416868	167.9855084641026	104.02143200599689	92.0
200	281.9048607962598	269.1375338461593	364.1193167355923	845.6645363860988	262.55941591214145	151.98115694586252	8.0
395	131.0550759342953	171.18365406912574	128.90180039978512	761.5072302161603	72.10753858233033	25.169699011908794	108.0
163	94.03420271940452	102.83807947668842	122.32003929415508	687.8522625790973	59.6532279499324	20.242132800667303	140.0
305	119.61160328044956	104.02837926077497	142.74884235873435	776.8401562054624	59.98878366734432	32.88780522415544	120.0
541	290.41864724734495	290.80061481844876	361.9103339674614	963.5664961001453	266.83225411726346	144.67341420691943	40.0
13	115.4593402633879	125.6660923088683	123.78300091236832	612.7627035879469	58.69837908352777	15.608548845455394	166.0
299	275.89774979991705	297.75340626729513	362.78910878554274	912.1374775248911	260.7959009551595	149.58653848937797	12.0
162	98.82755273635918	109.8643085469656	113.98490042217904	700.5501934235255	49.15229698438994	20.06614115884989	130.0
106	287.37420904596996	300.6196353282305	356.5164126273168	934.2329977166117	267.5670966114665	149.63595158521062	20.0
51	171.96390979371407	169.68128435915008	202.15603037818636	716.2746815226677	135.74188864257889	83.2067227470413	78.0
161	280.46295430802445	268.91760143229106	358.0466954243954	814.6834190289213	268.0902718465471	150.02903361071685	2.0
244	75.89697664857016	62.51304417061839	67.29945394538328	509.05938120474394	18.945470602397894	12.411843019130947	166.0
415	280.51243249438176	288.50670001019284	354.0592338049438	918.7801174605993	261.54351202168965	147.02480479884622	28.0
502	115.69567545295601	134.46837290636006	139.79127466128398	718.1903412192088	61.77409355635803	34.64592274179575	88.0
493	76.04055282708516	68.1137015928717	76.41058623713656	502.4309915470762	35.91429540093242	15.6775272197804	176.0
277	116.68699159026704	116.05516900745117	132.84658863219406	734.1479748809357	62.208402043839264	32.245622163233136	112.0
447	104.8192082830948	138.1164496570805	122.09301685802801	721.764468068083	50.386885526661395	22.731874169676978	132.0
222	114.04921134648558	130.91781689499163	151.01965117807012	786.2570530326659	67.67513205029836	32.20021960543021	126.0
52	98.8256394520846	101.739708792706	115.47290859543482	520.6716041083329	53.97150914306252	20.542963932697713	186.0
464	278.49548936189865	276.7842182973448	351.0579903626803	817.4453366310779	256.89522484920934	148.50533671114283	4.0
588	261.1105096785563	261.8897768675872	307.57566913103324	923.6432180217214	208.10766280945012	123.91310746180368	70.0
599	252.2576761775999	249.55742923297169	287.85504266332936	882.561943253999	196.02620825235962	116.69300508506299	76.0
623	275.43737338557617	271.13673415669797	352.03547350947315	880.2180809804796	260.6284631161756	144.59917204010134	14.0
59	131.4065033739665	138.75722374525498	158.68188385324572	694.6196021335315	104.92400368525776	44.28152039982464	78.0
620	137.37172954503635	155.7573677261555	165.43921446637577	712.1799550048311	97.6523145382577	50.08431981945245	78.0
476	274.3276207615445	276.0568078847937	362.87866094083876	887.9377639238438	261.94872691496283	146.69247332495945	16.0
122	72.58767937789435	87.48465279415522	65.004505764227	457.22064885552936	20.72224926223771	10.05304242289292	184.0
474	226.06378941102994	229.19163730230565	277.60345935179237	845.9848340393095	178.91296320990998	105.46558505193758	76.0
440	102.94706677682122	97.37061913217667	125.46924408309158	738.809268415667	63.34324619875323	27.148272053233516	124.0
466	108.89105398660065	106.20735702294584	118.28919598234938	695.3744727672818	63.46508500693995	18.04212768831435	130.0
211	270.6047706319387	277.7735957189268	342.1829174940971	937.4824097480962	247.03384111739447	131.06686738674946	60.0
46	93.05701130063781	111.79592870780803	102.94401643153194	579.8318709174406	43.01532858612686	15.997631824723301	172.0
510	119.23146347355393	116.55528767337499	136.96521877599065	776.3394843030547	73.60004171800557	35.171071930418194	120.0
6	277.16027510699826	289.4233631207013	363.6346675241016	934.1668443218095	265.46101988101924	146.29001381122444	26.0
381	279.9816332485562	262.3670015164589	358.97967225934025	809.4428984836915	268.69010761453706	147.16490988858553	4.0
23	83.42005897643661	70.28787284995846	87.92332734902777	530.7855936837592	24.288136705319218	14.901195657330957	174.0
472	288.3981062410654	284.1251161796514	357.52919605288184	937.5315276234394	259.2273637819234	143.60566810086698	26.0
141	270.76083821043005	275.39036887804826	358.198258403067	824.8277158807451	261.1866657420439	146.07666713879667	4.0
618	221.90889079163267	223.4492544218764	250.63243337729315	815.6114427779349	171.8771568838855	106.38041659662275	60.0
615	267.7493444340758	258.5369389393258	347.873133283027	803.3666967178489	260.6104363624417	142.84276061988072	4.0
362	110.81646956587424	106.83560496694446	113.18444450659898	696.9230590218976	56.126086202257184	17.471533707923502	102.0
374	75.34465215684656	87.61044218694167	73.63498342541432	473.6250944976296	39.98700972137019	3.6596847084569117	182.0
508	293.8954130455554	295.35646981818275	365.9955812134526	960.7357388032517	258.5752367242729	134.26481177676627	48.0
186	91.49763176539058	90.05037672917605	107.29272951207696	662.9213887837599	39.83202364881131	18.294249615583894	148.0
369	105.26499604974025	113.37148068722439	110.84739082956104	751.2827707698276	65.34166518188499	24.88011289090963	122.0
41	138.79716171479177	122.21144123140088	153.7185407698433	756.8574993309524	87.64868177240064	33.12667797149031	112.0
416	237.33821267178445	235.84267590446836	272.8190798390087	827.8240068303587	195.8336621414245	113.67949547834546	82.0
442	92.39302026130007	79.71463668020759	111.67235832562106	496.59443823013186	56.45545183446138	17.958402304844434	186.0
281	103.53092928859992	104.79694105928462	112.97627571216111	550.6271564137289	57.60966469058345	17.366135735778883	180.0
292	287.01208573191235	295.0156579828116	366.50525414916507	847.5213001373262	265.970300399196	147.49222781543844	2.0
422	112.08900216331976	118.3204141504862	124.4691632423107	719.0107915700985	59.37329505817043	34.26901163297239	144.0
400	270.094726462943	273.62696453490196	364.3566302384739	953.1166009651513	259.90295014031557	142.1640569675803	40.0
300	219.62770315234974	220.32023944075246	279.45865480552	824.6434435433786	174.9612488127547	113.45320340961973	82.0
314	280.6433854031154	272.4931784577797	341.7629714530913	969.9701266153344	231.22946573854173	132.223321451345	54.0
342	276.5173489907015	275.7360468130949	362.2393514448916	919.1214968814867	263.71962543546806	142.60763550128297	20.0
343	117.68037062251551	133.4920619725199	115.95235833178224	697.2889263240081	61.43324861062142	34.69022858008389	88.0
427	87.52570857701184	72.40155017830368	90.18698542769029	403.68202662218977	24.657354126446	9.080896272475963	190.0
75	98.42490528249483	88.91617251205741	124.58653981517041	584.4108670602689	51.35583261337629	17.189329895608715	172.0
366	221.80642620114156	213.11758674454407	270.8116105112722	864.3959726011193	175.9123651526866	114.239857532391	96.0
37	279.73630688347	286.34554702325335	364.6618730753418	939.2505023776278	262.36349516807627	145.06616371489685	28.0
208	278.4352592084493	274.0012725330224	362.3159053434924	902.4310112529396	258.87440620730837	145.48796794522775	14.0
357	275.55826288340415	271.26547192416683	356.910044015585	894.1899021549478	258.61611396006253	145.00224386249525	16.0
434	108.466655901049	89.41095990713444	117.17252829050584	686.0331732370479	64.1124265632271	25.03570808498681	108.0
389	88.86177451712094	92.59836674742874	91.70804805257444	636.5127705805005	40.34615714806365	21.215732888039124	162.0
282	288.84668120275336	289.66324933008497	368.1997426080743	924.9767381827608	262.7427506848971	143.59987171964937	12.0
595	287.15513372001476	268.63108840527815	362.38948870426117	922.4298432149615	260.8000136049905	145.02466211496318	22.0
522	89.98259144505943	88.80180640147317	70.34957454200142	457.7386109338606	23.666780735085045	11.915409916198943	184.0
250	128.7565958691721	130.34648329434336	171.8766467161064	747.2440934390119	78.51993029457452	45.90280783709272	96.0
309	88.54021847923775	83.89911590750481	102.82330870573797	511.01036491799647	35.693100664784694	14.046516746446997	180.0
485	279.0964028720318	308.90066794429725	367.91625748488724	975.2906551584579	256.6192173374407	142.553421598949	32.0
149	280.14723739046286	304.16070462180073	357.7875489810687	948.0057997944295	254.3899647037748	144.1798896752075	30.0
481	133.25178061406825	113.10874411522356	126.12952103524466	734.9915465071771	74.73483396023924	26.791769252109937	104.0
611	86.32000143679014	65.90509821987652	79.86436631560392	317.7156732820975	29.307562966289044	22.370114053092443	196.0
372	274.64040130771207	279.24226378623524	353.4977422328483	974.955184347609	254.7892419921338	135.2236432328872	54.0
188	95.99170874886529	86.10164390077829	115.86190840686183	527.772905601161	43.95360146553616	24.005569110108812	182.0
495	120.06642001350572	102.20397723030298	143.5725192753381	698.8892320092313	62.916531092774505	22.900029353397105	148.0
453	292.5552070531599	284.27175813280917	370.00784375830136	917.0078670117488	264.697294484566	143.94512360088706	16.0
307	98.9776464895132	113.62820830646616	123.87557981214316	589.4540332798964	51.05746117734154	17.455750486586744	176.0
170	201.26641253301284	190.84584884545097	252.45184026823128	882.9051794243001	156.1767265340164	90.05897003740704	106.0
505	114.79317110035997	94.41050916563375	134.27698474879836	610.9387561094153	65.89560167473421	28.061805016025467	166.0
370	247.97232470848195	237.16810045158314	295.82167595785165	889.7555733760934	207.0699879887973	120.31466460262548	92.0
542	256.6032235831131	250.3108210380328	327.4506087460449	929.9615422194371	230.8376172987807	123.64768958682012	70.0
497	159.80795740081416	163.19278155126517	188.58154526123894	817.846189923624	125.16926245826855	50.044801466825795	106.0
563	118.33936403202694	140.065314108448	135.33379438131385	766.1149341501109	60.53834234004356	28.052371849986127	128.0
68	104.60853307873373	118.4432965763571	145.08551017765706	557.9649052266099	63.57885579787784	20.180207356935103	184.0
43	219.4414181836979	225.35491197046133	245.0458129809171	874.2156716578811	164.15432060934845	102.27828786751775	112.0
20	235.1207484461068	255.6695137106276	267.5302162858877	930.2743887438046	180.3227265039064	107.90454905525468	100.0
515	271.3907474274487	279.35330520624296	352.61290008092516	977.6377913515072	256.6404771878337	137.2188150985753	54.0
633	288.1060422195178	285.6881136705248	364.3320195579311	951.9242415743759	269.0298067025164	148.065243454413	32.0
619	211.4075282460613	204.67236506573656	249.7026392771883	785.9343946644584	155.55825346436157	91.51647604607057	82.0
575	124.75299390840725	156.84141897777715	156.51314541055555	811.2826968357717	77.66821870319843	32.201382022872195	106.0
273	281.66973062554786	279.63052900387567	364.5036079595163	961.9315330654961	261.0872625092856	136.20443287969263	36.0
351	111.74322219550514	108.05906558616618	103.01799275439197	550.6092162737734	48.05868519437007	21.958040025335887	180.0
500	100.88878416480065	76.33988554264583	96.7451511298374	423.04473629615035	39.48887336387951	19.181635317470143	190.0
280	126.56864340328806	137.58737087187941	186.00491223404129	836.516413357345	87.66605116063349	41.098889852002124	118.0
583	270.8248750179393	265.0028196861359	358.8649663266208	821.0514656243599	258.04929148482864	141.11024888297592	4.0
49	283.2655082424325	259.36169852774077	354.41834239071443	891.8958718872062	256.95518847972875	141.28697036065887	14.0
394	91.76397794421459	80.46699783786435	80.3175071611463	484.1640669380318	29.42252334507897	12.85183575492523	182.0
136	136.8852090312273	136.40845665748748	150.6455599187817	781.5707890683965	84.35879491730361	33.14595747917591	114.0
109	205.37517312569648	217.6933208585658	264.4277507185243	843.1012066702752	157.93809463706876	94.07306041158596	92.0
219	203.73590708435881	199.67947804828836	248.2668626957746	823.5697322111617	153.14920185282153	95.6614098044485	92.0
173	134.19796438192094	122.42806199670922	154.29718576311924	769.561640899632	89.83529425747233	40.000808161884564	104.0
69	286.57909969503396	282.98962401819796	373.57745973700844	880.2778501843688	268.68241453565025	140.45177922694324	6.0
288	261.4515786340997	258.03752338152276	317.14524928244373	938.4053278395169	217.72961128914346	123.12907686318529	58.0
564	113.20373378346643	97.5140064486127	122.68242995715333	708.7315209804917	51.1306681102167	22.447554190257335	130.0
405	112.29129422152319	147.9965149241904	136.3846018408414	758.1294543697261	56.027297191726845	27.059119928604854	112.0
80	277.450935466635	296.58419297222696	367.11722247389304	859.1729968781643	256.318219887272	141.376195977937	4.0
461	103.51337775727796	97.9291080155624	89.52928146749768	630.370834862707	45.96129617403029	17.31720171257438	158.0
144	280.4977039940834	304.2818942790891	363.8077827949054	930.0083520393758	264.48032662171397	137.8912792263227	14.0
205	177.71579562996274	180.4600314571103	222.64035244212332	779.4325959125183	135.74117052754343	70.08829978901309	74.0
313	85.7907626586507	65.92231679956129	75.32158454309192	307.56728758328404	20.864897718810013	19.024544534330524	196.0
166	94.32957860250947	91.81804071981553	105.5554925565244	436.9070586937787	48.23181813547756	18.165360874153766	190.0
8	106.35612675858206	104.38340310161787	124.99553931801412	384.51934237387627	65.51542226925079	18.032873742398724	196.0
255	248.5533592373188	231.00293876365535	313.6164993636399	911.5697118311923	204.83623838066458	116.8760145700649	96.0
258	230.41579299908435	236.31947584588173	281.40757714131985	932.321284041781	180.2137490452942	102.45039862142272	106.0
151	105.56285105649344	125.75281602875722	126.747978499086	634.1420043865737	66.2858478716267	19.051366253484467	164.0
199	260.0460751791637	259.2494220610154	284.9125799878984	958.163814011334	197.77948120563212	120.98402682423189	98.0
587	268.0053739948931	280.89973524934567	347.11809286369987	979.9978010581012	233.1503942842648	125.026993701068	74.0
53	292.62971791071806	288.9076900588038	362.2255494477352	963.3390881159957	256.81272953382256	131.72449561837928	42.0
252	102.17397770386252	97.22257253224416	99.36499510102769	348.0377180248062	50.977559048379725	12.417965807347105	198.0
99	119.99290694906102	124.91020179521729	131.73737545169743	717.4040082185155	72.24462995772384	31.32413179014379	146.0
410	277.3313167828206	278.8615813994365	378.88242356140313	948.1445302224422	265.520255049344	140.22272246433582	26.0
465	282.77549135448476	271.6304770866283	374.47287198795317	838.423455788537	264.836517620893	141.64550535314294	2.0
437	245.9114438458784	253.5156402325679	320.9405981315542	931.2617188056694	205.4262786346121	118.56475897562322	56.0
293	131.90752163311285	153.07077784527553	113.50669373311315	718.1395268919109	64.90781753368398	22.640794027363288	150.0
105	116.82409486055457	119.42183539494383	127.09104226560731	738.9618473221324	72.74795154507277	23.206771090710287	128.0
50	275.95307391877475	274.54768489633074	360.20343918487134	924.7651606465229	255.42874100102384	138.67949125580333	18.0
572	274.5713041921836	258.4576093315958	341.18876622693574	967.8164848741799	230.67563473496588	119.13519200899482	56.0
591	86.61978324307354	67.52508806084174	97.37719286561175	494.72295338691515	43.470133557342585	11.040314958400016	178.0
193	291.0750406222379	295.9633476527837	368.0854348491515	965.5450002894579	261.39181999865	132.70698982707844	42.0
435	267.71107287390873	280.9787993513474	342.10690514640515	931.867972478715	236.18669655544608	125.02682072883606	46.0
260	90.44104051265835	77.59767224604077	81.39827064672697	515.5020044948645	33.98001454642839	12.912358376141524	176.0
318	111.69106553854549	138.1206957929029	139.388673321551	809.0706063641825	60.005265560772266	26.133421283049767	122.0
454	102.26630192373018	113.27621117541722	133.8471848317139	714.3501750947726	61.94344141906299	22.354560966639774	144.0
624	129.25676372051288	124.58972272226652	154.5188346912188	803.2071123081605	77.03210397322711	33.96613428187271	122.0
87	140.08818704442103	170.90132872978356	169.11789299390082	818.3126740557196	99.70893980664708	47.70968419077299	112.0
601	105.19256416747402	143.36169959788916	141.13075784548198	733.8481216711319	61.17914339852981	22.340368895237646	146.0
291	107.95384660185543	123.59020157736292	127.16879082323604	635.0309821638382	60.33789015231765	20.12226751720777	164.0
111	276.96049696901764	293.18361647242233	366.6939548911385	944.902360258507	255.88805612429334	139.08366256095664	18.0
302	120.56587238807406	131.36848211366114	160.91698021094177	777.8890401779098	77.43931437734902	27.64750814833276	114.0
19	273.1918700100491	278.74356480955015	364.9347813459962	967.7642424494638	251.0938467823493	136.07439539801217	36.0
287	113.24590621402163	112.79557976874169	134.5323153788698	733.3630759969694	59.376837007057205	29.86396417255354	140.0
4	276.539509675449	284.83889612479527	357.6438378888589	939.6915731398749	255.80922971679763	136.61365441066215	30.0
66	98.24060888203924	83.47816765903073	89.61627153868427	424.2253084634633	42.018593521691834	19.577850354850636	190.0
471	276.7287644468427	275.66801205879403	364.66912309578237	954.0263864355967	248.41089870790233	124.53426895798209	50.0
289	108.89181753540831	107.3251468089091	98.88328047672647	533.1667859816703	48.47324994911992	18.20204755194695	180.0
213	238.54036874700128	238.08092092935175	285.1113132824586	892.8713107091803	185.78170441062906	110.70526332832887	92.0
528	98.36198996167847	98.7100213276102	106.99868145693692	403.22120811734874	41.86558781002588	15.0679081804192	194.0
380	278.03861855204985	281.0942704631568	368.79644927376575	1004.0552332890286	251.16064969040985	128.93986956289157	56.0
428	275.0439151140784	259.64720695567945	340.3277966961033	972.8107438329675	223.6703039924124	119.14706436232395	62.0
158	281.857319624593	275.63564507957045	366.5076270844983	990.8657647971432	247.48855606647498	127.27486613539426	54.0
39	156.40594109530764	156.0805886820204	186.91089404517018	782.0163550191776	108.3887342769393	40.5057588585842	94.0
36	121.61312334859005	132.1005587164234	144.16400147775488	748.8069082614668	72.19794966935541	31.344434697644	112.0
156	94.65636035506601	110.3585044866001	97.96627466810452	515.60330517973	47.36946436859002	22.374369635207497	184.0
24	255.459547700068	267.3234893760143	321.8668146326976	932.7206314349911	221.93225830930572	117.52438447181744	72.0
108	285.17442218192355	311.32289301316473	367.8146099888679	1009.5754683200679	260.8667719727806	132.64840612249242	38.0
635	102.36746791656104	100.22353051821429	106.5906106932596	575.9551922866349	52.10326177380828	20.283197546604153	172.0
152	144.5104788806457	157.61617380784486	170.843313698455	800.7708109314054	85.88318659847405	39.87236699989835	112.0
377	245.53891271894645	234.2141742531762	299.5474449222188	880.8800477830891	197.06549062490657	109.74386021869383	80.0
559	284.48592969105533	286.21903700961474	368.61372219548036	953.4850041318167	261.6085508355924	135.47129730633316	20.0
451	194.86210288775047	180.34537563956198	205.02936128756807	750.7354818333705	151.46996653575857	80.90105717917841	82.0
323	111.69796793052299	144.3079676855831	132.14207225243268	767.900416952062	70.543639096348	21.646933012496575	128.0
337	268.3995686554621	264.1629346410919	354.48662960977214	979.3534532691991	238.7370732045102	120.97535717531449	56.0
484	258.0447875321355	259.53896543809316	330.35674044011415	957.7107011028777	223.55899135499027	117.62809006732537	58.0
411	264.58607810032794	250.43096972499725	343.2472223528836	909.3073524530777	231.560548450179	121.44485075180891	46.0
294	277.1755315700027	279.3168533049487	367.57262835038097	956.1129477823998	254.68749489215395	128.81167717705748	32.0
345	110.71520621224326	98.70787904061692	139.11849281112262	730.925692819156	57.4814006232536	21.677994623847503	104.0
202	102.11752773039126	97.0266293341594	132.9713892471036	721.8182637509332	53.24445580110326	21.517817231259546	128.0
15	99.40305117058156	90.29735580961085	141.62193511318873	755.2838975785501	58.96344309027765	22.020501339803566	118.0
332	105.58248429679368	126.78854272814554	115.91799351512898	690.8436315507793	49.261332884954406	24.41485754186001	156.0
268	133.1787291664113	168.6200627153635	160.08352621108438	847.5111983510589	65.95117480304572	25.974004438379787	122.0
114	279.60444507564733	273.550093553996	374.9014762865574	971.0639924960002	258.39931181532813	134.02698651878583	40.0
230	257.6667734500694	241.96258767258323	282.021138241779	878.0054565472402	201.52183883530316	112.19587143079195	72.0
264	249.46631263725934	242.71362871648736	296.7180936259735	913.8498841002539	182.63503274782155	108.44500704734008	68.0
355	85.29407227533693	81.63453302011673	106.28156499210023	413.5299082817723	35.29156994944378	11.879882362403718	192.0
503	111.23242775528183	102.24089683839529	133.4077743455172	611.0246595264067	59.76518394249915	27.850022447576514	168.0
322	225.20077795849616	218.2650440437362	276.02225423142005	917.8882774311926	169.7932538690833	102.98089222145785	100.0
112	287.03403235368	289.1800943622538	369.03749057352536	927.1082657285563	265.53002021714605	135.45151767852337	12.0
593	273.1150314456806	261.0968246781049	355.860599884392	967.7406373880913	238.61576457348156	118.84661898677665	58.0
278	89.45669789970813	93.00700242790444	122.73130780776819	584.4713792506496	38.34483168594191	11.625489442502419	170.0
218	278.20616896709913	269.7467363970546	379.57325606022914	910.4569364097665	265.2658650059521	136.43712873005177	10.0
347	139.0832642022615	151.22243892577686	173.22420402965196	809.8649289662523	89.53296723667243	30.267299863361867	100.0
259	145.15740800975382	163.48141083434265	182.31803560125726	776.9588558182622	108.38598827653334	43.94348141180814	90.0
360	226.67062071885525	216.28667235945954	282.9443729488593	862.6927539931596	178.71652261221328	99.24945839834565	76.0
228	166.28706677249514	159.9459704430742	185.74561318550585	765.4123205215383	120.72578080610174	60.825874323125916	84.0
82	125.5755077908645	140.5902456300303	169.43527547144237	744.1919289649063	82.37965205967946	41.329942437677765	90.0
368	256.61584813321053	274.78323031262187	325.106369594758	953.8739568640857	219.97295483901863	114.57310248301818	54.0
18	137.33674505384423	134.7658820404083	159.2262099582058	785.7963446989207	71.55080795119862	28.05725323253602	106.0
74	271.43523935126177	287.9246447676349	361.3133098760688	968.4309588508501	256.64183525498834	125.2396394224616	40.0
203	119.7464967461913	122.97627718678595	145.00352990269118	748.3378742069414	68.54412773925615	20.616714764746266	112.0
610	98.1914892028739	132.7956022277611	110.31636878395616	697.4211563090981	43.33153106655523	21.272960554841365	148.0
115	227.6788260795665	224.53071417213562	276.39241571941193	855.6825273880485	175.25080281339902	100.44812517046824	82.0
10	272.05447096228266	292.57781703558044	371.7120279526565	932.2288016923065	255.32087194063416	135.37427111089085	10.0
418	135.8334548589088	146.60312707642478	157.96250610253472	745.9063106412486	94.42336652979556	43.86327309473595	76.0
608	98.66920185156006	92.54491292042317	102.23010505887828	559.8865632036296	53.08988419400017	15.39456461975055	172.0
636	114.73949893975286	108.21592481820062	127.65534587035258	724.8897598124986	62.97872174722227	21.426543595648578	128.0
107	243.6348784864685	249.0344416750114	312.1447920531482	923.926134359213	204.80429789727617	113.65957875551594	76.0
530	126.6775710263234	119.04162338855468	171.1759649144887	774.5369936355618	70.65750614602628	32.25120352901457	110.0
532	98.79239338042899	107.11990114825883	130.62804190616845	683.540647669071	58.91979024760602	17.022945563096172	160.0
631	281.64931183017256	279.1761309150713	367.24520939285964	917.0003334547412	259.4009049028003	136.00144589294942	16.0
129	284.9252342227996	282.21388991780094	369.1632117433607	890.4248048061808	257.817205599033	134.93797160987643	8.0
55	88.76271606316031	75.56026680774107	92.25293823510991	527.7134369827643	30.075636018005582	18.279605302654176	176.0
538	93.41833586288051	107.82373241595744	115.20322591473472	615.1288850800156	49.54390882420498	22.569924340232692	164.0
627	278.8332026988532	294.2353922083894	365.59261760791765	989.4390638795517	245.67918253248413	125.79795930315008	52.0
407	267.8223117953661	287.9836118861863	362.56835313772524	859.3298678632414	255.63007436570896	132.957958220625	4.0
215	108.17024483840078	92.77174914187775	127.11708132415842	685.4838040533092	62.91473193260619	22.13050113189721	96.0
175	188.88484434629038	195.1159561595101	248.3997439279463	815.1513949006198	138.59759854466287	73.35152132220884	80.0
197	262.3054937789449	263.76056700007587	326.067917571101	952.6419620135981	210.42886927921833	114.96482455184962	54.0
159	106.73152375064201	123.29679488851482	151.39411210554394	727.4522449396289	68.91362160839682	28.9568239922172	90.0
550	138.7357834571515	148.97710679624637	171.04203143650514	756.745505967703	80.47163342559985	28.136972047033865	94.0
58	276.4992104312859	283.3996607680686	371.8941616234269	955.698999098086	258.13652166367933	133.6704188733784	30.0
242	102.81354504853894	94.27957974136301	113.9267475474004	662.8303960553951	54.949924103051444	24.74436805377589	154.0
254	266.75851435302553	270.58400883335963	339.55455260245583	944.5557745479961	246.06769549545749	118.93190897675231	50.0
164	268.5250588317024	271.6262952682904	368.6302728176397	937.1511141394029	254.61402479094616	127.36528936678486	28.0
359	139.149374927078	126.65227087665946	146.0879880470076	700.0344136712574	81.08432648636597	36.668093457557504	82.0
551	287.85264690357496	283.49384085598416	368.75581071675515	958.2158567280695	264.9919841181464	132.25988943408498	20.0
150	109.47190514075645	105.15367375627444	83.1081175583398	555.6776109058826	40.87146851367199	13.138200478685851	168.0
364	113.59431356072801	146.91320598027536	144.51118343299936	778.131038382322	66.80342260502364	26.946156799126978	100.0
331	267.8849155651878	248.93623585230443	338.98275889078184	967.7173135717087	226.16341412323385	114.35308094546889	54.0
139	89.90196452977771	70.08659712488745	78.99048413624253	315.44575145471885	32.13358136524923	8.973670482999836	198.0
336	101.89476841554992	118.22367462433127	149.85941974134937	727.1225500750393	67.30531599491286	26.305909440344102	152.0
86	267.9706959639347	267.73090653635217	357.6012554085112	986.846876409638	240.49003625258786	124.4385955160005	54.0
487	90.66775032523283	93.05139459752027	103.41615273408738	529.0365070630152	41.747844128387996	24.449242667291795	182.0
270	275.7736971250677	288.56204020024205	368.5768729774631	928.8245578900336	254.38940351927064	134.03181866619047	14.0
130	273.2534621427896	301.02451910950805	356.6666197177956	999.2693264383897	256.7776627343257	128.0733496867097	36.0
81	232.1571157884419	228.5694041699061	284.6502290322829	888.5624794251527	186.5561755747122	106.78018193731572	70.0
513	222.47382542778558	220.01306490724028	278.2984963014884	901.4951678020625	169.64738175052221	102.91540911189068	68.0
577	143.60689431172656	170.2720680741133	178.3165707373273	747.4933976132426	109.61513142805775	46.7936285292747	78.0
148	105.60628021944596	125.81761889743032	134.47043353751104	789.7346215386273	57.27615642226692	17.29256424576139	122.0
176	216.6217846163612	231.0169632359321	270.61641576654665	875.3814160516738	169.29695885640174	99.08852406600155	74.0
94	106.32101680701516	112.17069612782822	147.59750241790212	726.7423711220806	63.90347108691605	19.457261830361567	132.0
319	96.69460483844848	98.2450521958906	111.63779511885764	652.7672902265219	44.53740345362371	23.656551302240185	162.0
408	113.31121345620781	95.37962881536342	125.27708400910856	607.010552166147	62.07191330255181	19.952110997940576	170.0
56	134.28456591094772	137.81693429321123	176.70284403871878	848.1145386579889	100.15069942390593	39.58707888334692	124.0
637	266.3691816035173	275.1216373516769	368.32053502214154	852.2366940275043	254.53933887348535	132.77320833697377	4.0
127	109.29843604578366	101.76560247292822	116.69257619759216	549.5198413924218	52.99101708813485	18.21619156493149	178.0
143	259.6041656453969	270.7828700519704	348.2709168694302	978.0692350933153	234.84227242826722	119.49520786218778	58.0
509	265.65745238896915	281.66346394737025	364.2563968346305	975.3669456098775	252.6213950126019	128.3417225296134	44.0
386	233.9565808300115	237.74502128765107	307.6796090674546	922.8510436329018	192.53668700395716	112.25537550106648	66.0
7	268.98333193147164	258.721287584905	370.33978983929114	922.4017650993866	255.44050698172992	133.88748791232936	20.0
463	121.47710950875526	130.650679331599	153.25972831131253	722.3316891648275	70.1013232527697	26.980800024023242	92.0
17	279.3881096353159	283.5183034496952	380.0942266607225	934.6923089961591	260.23484386069134	135.10462982214267	10.0
85	100.32718196102083	95.92496810916441	118.83874029275563	699.7325156127022	42.64759606364226	16.26820346360021	130.0
72	118.77630029814145	123.17601671231739	137.44008530062428	749.6871541722081	69.88465176160744	22.400261194334192	110.0
33	102.91257040886276	116.62424484704069	129.7327704879475	732.1707934563292	63.318265797356545	20.052168321867974	108.0
634	233.23571560510175	259.3552096174051	287.4614226178644	910.320519616747	180.0775628396638	92.10465177204348	76.0
93	266.8762365057085	257.7925565525318	362.8317183536262	917.6949608879407	253.21728688357675	133.8888215623073	18.0
185	257.9829480643125	241.57947796485857	333.7771869145018	905.8833150743206	215.73955486132007	113.66928815609164	46.0
181	149.04607266114115	176.31946979387442	205.6318875950204	827.264956427946	106.45226926174269	45.33965015852307	68.0
235	255.69822258626334	258.17258727434637	326.80779858995726	899.2920857430335	205.8441172470001	101.7141097153147	46.0
28	227.93329956856593	226.2744219145718	313.144599175171	863.4247627605571	187.71363302354004	107.2648009441941	48.0
469	119.90596039910969	139.2041860189706	137.68735227655873	726.9823224264853	63.80117794579305	28.604966907501126	90.0
339	107.70435258403192	96.38924590055659	107.90650278316694	663.3560647262566	45.13196432351371	16.7545108353753	146.0
1	285.556912460059	281.9868076108754	352.82086095044644	988.184661008735	250.33261641933748	122.24334765724434	38.0
354	107.08870146413844	93.6178198344418	139.80010122646567	725.1211309336643	64.10668463765067	26.0694377922183	114.0
573	84.64516853664358	73.08611129029755	83.36367402941893	410.3897446491246	27.64053647896245	19.856942387530147	190.0
365	110.74453275290476	122.3738390270547	152.50529880051513	732.1005539113479	64.19002552363477	23.610895427576118	148.0
496	259.078654546199	283.1389533733995	359.64135046758554	980.4348160827001	247.12259286462532	123.56396100251749	52.0
423	270.07861822858456	292.1825932727308	372.84216777916356	864.151144565345	259.2761163510901	134.12780460734393	0.0
516	99.33380906529388	104.01327980334007	107.058264599375	668.8698977177611	41.736492624478615	15.720997284771942	150.0
549	115.16293259376619	113.97980334508813	146.61912587513964	796.5976960372284	69.11933765690621	26.27904807101909	124.0
373	104.47801773131448	100.07151848765523	103.27147444213873	441.26814164972217	43.237896259878454	23.091193357550825	192.0
492	268.7653398588343	259.74770456553233	360.8703797719802	826.1702000418655	252.1579079410179	132.22953436378975	0.0
57	110.48703382897584	128.9289819302345	175.90149646699777	669.7114322628065	94.40315071512437	36.43380509755047	94.0
436	221.1801406729791	238.61418907993735	309.6994794275379	814.3544026547521	218.0753533654447	117.83067419540363	52.0
210	68.73916729926756	75.62756557372681	85.16617699139181	471.3979224563661	35.600741239525675	12.383744792195218	166.0
531	206.48419750165996	223.81185590696953	289.1158169127588	810.5429115939833	197.89340916301208	107.06541254152388	70.0
132	79.38232877005386	100.06588738104888	117.78602124063049	657.5968870560604	55.565604102025866	23.028854873918824	122.0
524	232.06797128344857	246.3062099119853	314.9239962302008	749.8981024217386	226.82664337297405	122.70654725663832	6.0
392	61.54497053537196	59.50262964966349	60.95789673664869	277.43143442538985	23.323951188243836	12.239403555839402	194.0
5	87.13145057521845	90.29831263733375	111.42356758356871	615.9172619840375	56.971687548156986	26.168239396985403	138.0
275	231.8771996790698	248.4322009042681	318.15297141584284	780.925457222726	227.69035600947325	123.31179626276212	14.0
596	87.92620920050614	101.1272536844667	105.81165734039624	648.209275116393	53.71816405334356	20.16951242362589	124.0
361	160.8366066419708	162.76452080124858	196.25650595926427	687.0010933665261	138.49845807676112	79.77698224749935	92.0
352	63.51159058611542	52.08785012561624	72.02595602158185	255.9148906095894	34.53027320434211	12.544519690491839	198.0
526	79.9493172952238	98.19467354744562	118.19975776487246	582.8220888137441	57.88209209277359	19.802695801147102	158.0
414	240.74509445820752	251.70663933270345	316.37409073686746	847.694905639966	222.13981951993472	122.65544850222139	40.0
237	70.93777284417374	64.92862291718792	86.75626442410801	448.3950498429245	39.41852200422891	17.82723212170671	176.0
204	225.8969511886922	246.775906465301	314.0385625703554	712.4736078873007	225.2527598087514	120.89245191398824	0.0
12	231.37619400580874	254.2688437283058	311.3501700014167	812.8729191912802	226.165259138564	121.65568405353453	26.0
232	69.57259317338527	81.97844837595022	83.6983216503839	545.5962182761299	40.56058938349973	14.466599000899235	152.0
514	224.47845478971195	229.793084763113	315.85998131482137	783.6976885918813	225.94085542605634	121.68445979273038	20.0
172	73.84239086408482	98.2090942367477	78.7629947556432	544.4539576327393	31.626217719137937	17.658578592997372	158.0
174	101.186489072385	113.09745618397652	139.4567813921384	664.1861433278825	74.2403989895708	42.130766409057884	102.0
403	70.66251291143773	60.68149810963936	77.0829755439022	298.50075118917596	36.98231336555503	16.76571854620163	194.0
315	224.65110117969198	231.8290764133525	310.9748088007871	812.2107221252111	220.19825302729794	116.02426767237625	52.0
44	234.43588399969653	250.00982890267483	313.59482546012043	780.0738822252537	225.4619986193812	122.83848818843012	16.0
480	231.02292739092235	242.72714354469588	306.79003840827505	807.3323687021553	223.65100427229086	114.22041023256253	46.0
30	81.59366097727181	82.16767065200528	99.0334053803283	633.4316150490419	45.12312794185744	21.325199814883007	120.0
501	65.55861116025578	78.26917806984231	82.3610735432399	470.06710166976575	36.938734217310696	10.63688568636143	172.0
379	63.232411183366786	60.02548035327908	88.28033003635637	422.91482690505416	36.561286989251435	11.570303690945167	178.0
578	76.08866603431939	78.90711563738802	94.66915515190561	369.99860199842726	45.73119906310046	18.110114280642154	190.0
533	224.30106108143514	247.99096835303655	307.29588487671253	836.0788722724078	209.37448582183774	108.55148913795513	74.0
167	154.47976458061996	153.85690294138115	192.3557495372545	706.1340819297002	129.6023979577735	70.69412502278502	112.0
110	229.30853128286208	240.80916688578438	310.44442885570464	805.7681996092106	223.05283022799193	121.79935724304404	32.0
520	210.09122313459616	198.14859686267081	249.56227629428284	746.9710454910538	168.26922415852303	96.41349562504502	80.0
449	66.20296286653422	60.68994767065239	77.02004827915164	335.3902296547201	32.78736620441506	11.655450458930448	190.0
88	69.27195530559015	56.58393276741414	74.53147002762802	295.87451141439703	36.29613337261314	16.64786422799988	194.0
383	224.9299200728747	247.60759896842717	313.1769524334929	746.8663948472695	224.11805426199535	122.79415049250827	6.0
561	149.6740605193231	148.5117212596121	206.70608147723948	712.5722136547886	130.61909881651698	75.52373424338386	100.0
375	95.10213432329842	102.37564760594913	111.19226984398652	600.6533601213728	46.09836500708709	25.635088266021423	150.0
177	188.97790381361645	193.52472602445908	245.15486659824347	762.3085984452089	159.52505591469986	97.60628337777501	94.0
424	225.6124680700602	243.59022494549464	313.1786010440898	809.944192985167	223.82427683269933	117.68199349007679	46.0
413	223.35805081294	244.22128389307235	308.9380718836513	794.3270197818488	222.67263447822776	120.05359957422915	28.0
248	74.41827801791449	94.29194955934594	84.54020276582648	429.31188875767947	31.079709345908967	11.570233360374647	184.0
491	63.2206928531131	75.19084838823461	75.12498437122825	278.5746528646382	38.41605265015687	10.718032815221694	196.0
35	81.37538328686836	85.73126146754356	106.92414423461167	576.6875378407371	58.1694849872381	19.40976686967308	150.0
402	193.59042928235107	207.7387532995232	262.64225052977247	817.263333999395	165.31683328385233	99.43592741610016	98.0
517	233.75317174978957	253.21619032587685	316.970824251576	847.3297522859355	224.10336480091388	121.82061984019028	40.0
511	120.77846975060172	132.58089204589447	178.23809177294567	691.9855351939522	97.98057444386568	45.62002236424475	104.0
290	75.61375448003315	87.18731581329651	99.27254657762286	575.7366731255959	55.9888124073886	22.173462667506772	150.0
310	231.55634397752783	247.91685749826084	303.3258632807957	819.1084437652744	219.85608590126407	117.33879282377494	44.0
194	219.3427570552158	240.43075794036153	306.5061021162487	791.5135934678225	220.482224856947	116.0012683313609	28.0
519	88.69363031839117	103.02434952058834	113.3848782549089	623.9239837985239	62.860380834025335	22.044813770852077	104.0
607	124.83554443769101	134.73815915031366	116.58854988389793	651.7337206146681	68.86371414679218	21.923771570759744	110.0
512	76.17218944517596	89.24426524331281	96.11084540761615	560.7272310888163	43.98607952498748	19.749778972214692	156.0
340	108.50122757787727	112.67139908874279	154.02078408320844	660.7871434512027	78.70633697854643	38.54157788121814	110.0
123	233.06900700560035	253.9889328724506	318.5374261461617	820.454500930179	225.59464139148025	121.8160124100719	24.0
303	216.97097961974623	230.8390820604904	294.0312640802005	804.8198617412497	206.54527705347994	110.92914606084626	52.0
190	166.6953581224664	159.51559847850615	190.1504187633569	666.7043876012752	135.4538431240167	77.0535920070927	78.0
102	229.64019823489184	228.9860134562986	301.83118960989026	806.2122675537539	216.39946102981224	110.50236248968714	44.0
569	223.8467815295307	232.86545782487698	312.48402486267366	701.1533965249139	225.48159594217785	120.42527964072255	0.0
426	225.08592325957844	224.96027830411933	307.77803354692605	695.8732496619509	223.20591673927098	121.67801428712538	0.0
613	197.7037342388366	228.54921245592055	280.89327031262457	786.3647406601259	175.68554869452652	100.19416414705654	38.0
296	79.37658907393075	76.15464042954656	98.56552484341805	524.5475785246342	46.07593026950169	19.21770496553468	80.0
470	72.02547953851169	93.49651650340134	87.26810722472803	591.4520116825393	38.50178857859607	18.54519503841479	102.0
224	201.8258324098904	212.68631326083926	257.72411550351785	757.6015874404884	169.47717030009397	99.98878449620553	50.0
236	234.1359521407444	230.2533310322643	289.79437340729334	815.0550617809122	210.5256642092772	111.5877771673222	38.0
353	80.70503372650718	87.20985908491295	94.15944925774208	596.1773116782682	38.71941637577379	17.08422384571254	116.0
238	213.1940143211668	212.7983881988836	285.49057925128363	764.5076399469432	195.58525846735148	111.27772851642312	42.0
566	51.19193428118047	60.43370909460093	47.27232617028033	354.77777110818056	15.800713796485388	2.730749589052119	186.0
632	141.00660262985542	152.65107044087674	205.85571194106853	687.1048226773037	121.24528885046153	44.971490578621896	84.0
448	224.1308421224066	238.86389471457952	312.40688400346227	795.7750068472793	225.58147170990173	120.53063066565059	28.0
227	111.48759292893654	122.25628667638941	158.09245636242792	615.0942670670754	83.18497570723036	37.68880410971917	78.0
540	218.1380972297278	232.0526705943132	295.3526916670879	802.7236006249393	208.1629777427475	103.6457166766661	48.0
625	228.2517582263711	243.9402382523418	315.38060219368003	800.2224851685667	224.43297201365547	120.60316786347484	20.0
432	92.58428236801629	86.04180356374665	123.94545933586008	586.4520643758457	59.01987087725395	21.18926247762825	86.0
221	67.53516195631457	65.84372615183842	71.47336131428315	417.0067657301429	14.974620554363197	17.837268884543946	180.0
390	227.57636898123607	225.93638759952023	315.78307630862383	786.2579239114978	223.34237510121397	118.76005273554856	20.0
9	76.49464747459291	71.41438250268949	87.66283103069956	548.4152502754021	40.50891417679167	13.161960578027726	150.0
554	112.9727639929096	135.1266426050393	169.52529515774202	652.8284156051084	95.90908333396365	45.46395199727406	86.0
26	74.2805909795516	83.78992949236356	99.52016982244602	592.2714995222706	47.570144103482164	16.97821290943721	130.0
22	218.25428078580265	226.5515849608969	309.0603685061108	702.9271912144029	227.00599751265256	112.8959247195103	4.0
31	63.6654223304655	69.55331870378424	85.96816758930602	531.7276521857904	38.7186446597717	13.645050601200108	156.0
325	77.52638576343573	107.54218776567613	106.64045275470798	584.540015947503	43.50542176369273	17.31856369423913	158.0
104	211.46396453942575	228.0487249020606	304.2319936121593	815.2134687936101	208.66650512320646	106.22425305507284	60.0
605	87.61157671816427	79.54848530727513	121.01494026123949	649.00958702031	61.23548976945407	20.102715110485015	120.0
234	134.515560870252	144.13146838881846	141.32613840705307	700.970194906112	64.33308518919077	27.769482505418214	116.0
272	99.74809988408013	105.53169286522062	126.7257518109202	647.2225374360095	62.87365309893691	20.71855122959722	140.0
456	174.62964505081214	187.79549607332982	216.60421456238328	770.0237850795799	147.19745043147333	77.88303767522099	102.0
2	224.3475262120616	242.44905131079665	309.2984874163781	748.7638340584238	222.54678189814797	114.67176298383627	8.0
622	62.936532640984815	60.301798785538395	69.08143825055376	296.54628908343796	28.827594612913945	13.001389454340556	194.0
443	93.89190594694927	104.96835264408226	125.35555551610433	622.4333187999945	73.62766640621865	21.5975291269808	148.0
399	222.61757186856866	226.66324910463206	321.2520681207736	784.9524239989738	225.06652679406832	119.97933274639253	18.0
29	225.73950695307016	225.38426512591553	317.90117072859937	800.4619495682872	221.71965733894933	117.89404983679331	26.0
499	221.58699249625326	235.13666811362796	314.8625651526205	810.7714949586502	217.54339245636663	116.6294672491194	32.0
96	234.8195076550521	226.99554269997043	299.90995998629404	802.1130268514173	213.49495064018353	110.19809515276938	42.0
214	216.34648384760482	239.12856732914463	302.7697814517344	799.1197718746369	217.98968029957325	115.38340156439824	26.0
388	62.907459436632244	59.97808529664265	81.11190745946968	406.8983481675553	14.7835773397763	5.168295689822934	180.0
483	70.34981660718323	71.94116524890144	71.05904448997669	427.0518449417223	35.01604806513376	12.19659847325367	178.0
460	81.72069695055704	96.77379168548603	121.04367150397786	626.2006007911527	57.19499218612326	20.06292629551487	130.0
507	97.32394955164365	116.99812654675169	120.18549428120623	640.9381596769338	64.72633212722164	26.763652586795004	140.0
120	79.02326136261021	84.4593058645946	116.08719065997737	533.3315490233708	62.227612119659945	19.94845843583269	164.0
261	227.79244044341138	261.16774841854897	317.9749411551922	846.2850744567226	219.43297465081022	117.47305393060995	44.0
64	89.9791635306042	103.17448334804641	126.5189286025172	654.169555620728	61.64465011341192	23.632025246644638	136.0
582	105.802778606233	113.51062540486721	152.85772009358135	715.3059838059074	66.3250145921105	32.650178283339514	120.0
137	121.26973588445145	129.7865988182664	152.75113691085335	696.1043729692827	92.61441236935562	41.76730402866246	116.0
