Performance Statistics:------------------------------------------------------------------------
Training Accuracy	Testing Accuracy	Training Coverage	Testing Coverage
0.9228501433633488	0.9288308621593653	1.0	1.0

Population Characterization:------------------------------------------------------------------------
MacroPopSize	MicroPopSize	Generality
613	969	0.8329761054219198

SpecificitySum:------------------------------------------------------------------------
N0	N1	N2	N3	N4	N5	N6	N7	N8	N9	N10	X1	X2
17	1	37	17	13	1	9	17	291	1	0	922	778

AccuracySum:------------------------------------------------------------------------
N0	N1	N2	N3	N4	N5	N6	N7	N8	N9	N10	X1	X2
12.65180314502349	0.9382953921827679	26.51138560352969	11.585537492740702	9.78037815931472	0.9382953921827679	6.427891481582858	11.689822135430234	204.8789191046737	0.9382953921827679	0.0	704.7445790394238	585.0527749601702

AttributeTrackingGlobalSums:------------------------------------------------------------------------
N0	N1	N2	N3	N4	N5	N6	N7	N8	N9	N10	X1	X2
1335368.504559089	301059.3526448085	1453740.1011248983	1424506.1232917244	951034.801305005	162112.54655393295	978362.79544472	1078643.6814801197	4534790.089245859	529805.0015841924	92073.59025314903	15247217.958734713	14840458.565833958

Run Time(in minutes):------------------------------------------------------------------------
Global Time	130.16319498618444
Matching Time	3.1051644881566367
Covering Time	0.00034646987915039064
Deletion Time	0.3974919637044271
Subsumption Time	0.0
Selection Time	0.0640462597211202
Crossover Time	0.09081438779830933
Mutation Time	0.0
Attribute Tracking-Feedback Time	25.119293598333993
Expert Knowledge Time	1.2506227334340414
Output File Time	0.0034892042477925617
Initialization Time	1.253276232878367
Add Classifier Time	1.4195462147394815
Evaluation Time	8.371513319015502
Rule Compaction Time	1.5167395273844401e-05

CorrectTrackerSave:------------------------------------------------------------------------
0.9840850423789101	0.9351323705766378	0.9338516534888921	0.8941261509380272	0.9401629606292811	0.7695106607857884	0.9815341775239335	0.8188305656619037	0.9434760360982947	0.9749043679749588	0.8277638773145797	0.8824694099473567	0.922306906644444	0.9824894814935263	0.889816408870099	0.9754466554198257	0.9642065895648285	0.9675399906502165	0.9144393178723145	0.9687087135917396	0.8875383646009065	0.9963820402853717	0.890009502225655	0.8723957804020408	0.988505863940324	0.9570535478363381	0.9964125287099331	0.9286062724852131	0.9971950649403444	0.9786885912315291	0.9924982723226082	0.9653854753145389	0.9953251082339072	0.9871542104514319	0.8444887091201041	0.9066139555682027	0.9613711660806115	0.9492570987215188	0.9630378666233054	0.949084330982337	0.9323969999390231	0.9621232138864612	0.9838919490233542	0.9576922295168601	0.9213906786723307	0.9412691314864123	0.8520803268359114	0.9730787211122177	0.8903128112360007	0.969755482835017	0.9095408443261042	0.9948255553974674	0.9570788024146832	0.9991361613040916	0.9947559909754263	0.9627024939531291	0.9986076952783594	0.9233521006524523	0.9944206183052501	0.9522754527531048	0.9955486900140247	0.9363808207483891	0.9531697798735747	0.9952539685765971	0.9999898371918129	0.8969389621740279	0.994288501798817	0.9996341389052623	0.9852740909368076	0.9123762678103213	0.946574117360109	0.9790544523262668	0.9776316591800647	0.9806841602471594	0.9664322445578163	0.9074269802231753	0.9819813410841683	0.9786581028069676	0.9974186467204618	0.9810158743063884	0.9676314559239009	0.9317530844122848	0.9993394174678347	0.9991056728795301	0.9757515396654404	0.9618691436817821	0.9920323583812679	0.950812008374154	0.9787800565052135	0.9689018069472957	0.9857695278359316	0.9459135348279436	0.970080692697006	0.9840139027216	0.8736286306632249	0.8723246407447306	0.906451350637208	0.8659119087786338	0.9611410801032542	0.9532377182463059	
GlobalEpochStatus:------------------------------------------------------------------------
True
ParetoFronts:------------------------------------------------------------------------
Incomplete Epoch:
0.9078198931457637	0.9078384972050306	0.9079518098710394	0.9089134466823687	0.9513567447874158	0.9529403076793252	0.9761089607711481	0.9769625698897832	0.9770314813665916	0.9772165426947936	0.9812567627486595	0.9813609837908747	0.9815411886055911	0.9818755503746005	0.9818944348131067	0.9819539647807792	0.9835085563477313	0.9835589598501172	0.9900976578042916	0.9902071247527641	0.9902490591972456	0.9903140630685999	0.9903511182767333	0.9910483431707748	0.9911043377742393	0.9912130949437679	0.9961592862687485	0.9962151904034546	0.9962520159354707	0.9962742732638611	0.9962837624944109	0.997161486682138	0.9984909746529668	
545.9285004965243	545.6564659427444	545.5209347614411	544.9915110356536	180.372	180.01125703564728	171.58092679650773	171.49639711769413	169.89415481832543	168.78823529411767	154.75691699604744	153.63024390243905	153.4439117929051	153.11958568738228	147.95358649789029	147.91073919107393	119.26233766233766	118.81629116117848	117.6923076923077	116.03564547206166	115.18911439114393	114.65116279069767	113.01136363636364	101.56404812455767	100.70830425680391	98.95036887994634	56.85781041388518	56.55876427132304	56.294117647058826	54.95378151260504	54.30954428202924	2.0081103000811025	1.4821693907875186	
Complete Epoch:
0.990209695665091	0.9908504845117188	0.9915202604588088	0.9920417466011924	0.9922880989307974	0.9942239859119603	0.9961592862687485	0.9964004301297495	0.9985400370080324	1.00000000000145	
740.0	148.12	135.24	120.75	116.99333333333334	92.37333333333333	56.782000000000004	2.798	2.4219999999999997	1.808	
