Specified	Condition	Phenotype	Fitness	Accuracy	Numerosity	AveMatchSetSize	TimeStampGA	InitTimeStamp	Specificity	DeletionProb	CorrectCount	MatchCount	CorrectCover	MatchCover	EpochComplete	AccuracyComp	CoverDiff	IndFitness	Fitness	GlobalFitness	TotalFreq
[3]	sqrt(X3)	None	0.3005853532515591	0.5386935151372829	3	483.4019351988045	99998	4625	13.0	1476.0072569955169	54948	95375	867	1500	1	0.1936819329671843	117.0	0.3005853532515591	0.3005853532515591	0.09035155458936457	1
[3]	div(X3, -2)	None	0.4515571332556223	0.568099125030511	7	483.4019351988045	99998	8374	13.0	3444.0169329895393	55824	91626	914	1500	1	0.33236878603760983	164.0	0.4515571332556223	0.4515571332556223	0.20390384459403585	1
[3]	[[-9.977707586000001, 56.81491511520001]]	[-62.6672775025, 55.559821444849995]	0.838643375089531	0.9083906925263326	1	469.6022047518858	99998	9144	0.07692307692307693	474.7527559398572	53722	53722	887	887	1	0.8280077796770203	150.19866666666667	0.838643375089531	0.838643375089531	0.7033227105815598	1
[3]	[[-9.977707586000001, 56.81491511520001]]	[-44.0378340164, 55.559821444849995]	0.8760442044752188	0.8789280864193529	2	469.6022047518858	99998	9813	0.07692307692307693	949.5055118797144	51413	53339	855	887	1	0.8634160981524455	185.0193333333334	0.8760442044752188	0.8760442044752188	0.7674534481946189	1
[3]	sin(X3)	None	0.3574133807643411	0.5496538029055721	2	483.4019351988045	99998	22648	13.0	984.0048379970112	45546	77352	884	1500	1	0.24659162381369418	134.0	0.3574133807643411	0.3574133807643411	0.12774432474939587	1
[3]	[[-9.977707586000001, 58.987106650399994]]	[-42.115939118, 55.559821444849995]	0.8239289431144642	0.8553050833933418	2	469.6779669894755	99998	32574	0.07692307692307693	949.6949174736889	38932	41448	866	922	1	0.8106001802450522	181.87599999999998	0.8239289431144642	0.8239289431144642	0.6788589033017179	1
[3]	[[-9.977707586000001, 58.987106650399994]]	[-42.111515092699996, 55.559821444849995]	0.8243909936328874	0.8554431730536558	3	469.6779669894755	99998	32917	0.07692307692307693	1424.5423762105333	38738	41244	866	922	1	0.8110884440480811	181.87599999999998	0.8243909936328874	0.8243909936328874	0.6796205103830193	1
[3]	[[-9.977707586000001, 54.2691333808]]	[-62.6672775025, 42.86704468655]	0.8330638784446073	0.8806237326440849	2	469.5883990575046	99998	32989	0.07692307692307693	949.4709976437615	36772	37887	823	848	1	0.8223713370798109	159.86400000000003	0.8330638784446073	0.8330638784446073	0.6939954255691714	1
[3]	[[-9.977707586000001, 56.81491511520001]]	[-37.132547367, 40.758433661]	0.8812106539443606	0.8332725045767575	2	469.6022047518858	99998	34361	0.07692307692307693	949.5055118797144	34975	38821	799	887	1	0.8582283235231334	206.48399999999992	0.8812106539443606	0.8812106539443606	0.7765322166250477	1
[3]	[[-9.977707586000001, 41.4358949812]]	[-40.86575991855, 42.86704468655]	0.9885016445761449	0.9328097472370278	2	456.46232402875995	99998	36462	0.07692307692307693	916.6558100718999	28046	28046	662	662	1	0.9744303189004375	207.42666666666668	0.9885016445761449	0.9885016445761449	0.977135501329743	1
[3]	[[-9.977707586000001, 56.81491511520001]]	[-71.9766787082, 48.6389730912]	0.7198565740876919	0.8917265066660841	1	469.6022047518858	99998	38725	0.07692307692307693	474.7527559398572	36039	36243	882	887	1	0.7105679469985097	142.24200000000008	0.7198565740876919	0.7198565740876919	0.5181934872572687	1
[9, 3]	cos(sub(X9, X3))	None	0.31709363116554584	0.5418155932900568	2	483.4019351988045	99998	40621	13.0	984.0048379970112	34500	59379	872	1500	1	0.2088797960846815	122.0	0.31709363116554584	0.31709363116554584	0.10054837092575122	1
[3]	[[-9.977707586000001, 54.2691333808]]	[-44.3437641275, 42.86704468655]	0.9333759412209454	0.8817957645643025	2	469.5883990575046	99998	43510	0.07692307692307693	949.4709976437615	30587	31940	812	848	1	0.9160600246816866	212.74666666666667	0.9333759412209454	0.9333759412209454	0.8711906476500857	1
[3]	[[-9.977707586000001, 54.2691333808]]	[-62.6672775025, 53.0199621575]	0.8689116271132316	0.9108772053283135	1	469.5883990575046	99998	44495	0.07692307692307693	474.73549882188075	31380	31380	848	848	1	0.8579549310997536	150.37866666666673	0.8689116271132316	0.8689116271132316	0.7550074157325636	1
[8, 3]	div(max(X8, X3), -2)	None	0.4538881651849507	0.5684790514362487	3	483.4019351988045	99998	46455	13.0	1476.0072569955169	32634	53545	915	1500	1	0.33408607767602366	165.0	0.4538881651849507	0.4538881651849507	0.20601446649496108	1
[3]	sqrt(sqrt(add(X3, sqrt(X3))))	None	0.31929194465726296	0.5420763867146625	2	483.4019351988045	99998	53318	13.0	984.0048379970112	27210	46682	873	1500	1	0.21014498229284315	123.0	0.31929194465726296	0.31929194465726296	0.10194734592301667	1
[3]	[[-9.977707586000001, 54.2691333808]]	[-44.3437641275, 53.0199621575]	0.937909494466095	0.9025086150776683	1	469.5883990575046	99998	55535	0.07692307692307693	474.73549882188075	24817	25142	837	848	1	0.9237044271091205	203.26133333333337	0.937909494466095	0.937909494466095	0.8796742198096458	1
[3]	[[-9.977707586000001, 54.2691333808]]	[-44.3437641275, 55.559821444849995]	0.9289825948535411	0.9011411430783149	4	469.5883990575046	99998	58030	0.07692307692307693	1898.941995287523	23421	23729	837	848	1	0.9155546545904522	196.47733333333338	0.9289825948535411	0.9289825948535411	0.8630086615408185	1
[3]	[[-9.977707586000001, 54.2691333808]]	[-30.82298142795, 21.753430765950004]	0.8211956193616811	0.7089149914666167	1	469.5883990575046	99998	59969	0.07692307692307693	474.73549882188075	16982	22635	636	848	1	0.780686765107004	205.216	0.8211956193616811	0.8211956193616811	0.6743622452588149	1
[3, 7]	div(X3, X7)	None	0.28325973482923256	0.5353184930412092	1	483.4019351988045	99998	61170	13.0	492.0024189985056	22275	38830	862	1500	1	0.17715069151190704	112.0	0.28325973482923256	0.28325973482923256	0.08023607737552714	1
[3]	[[3.294348719200002, 58.987106650399994]]	[-40.86575991855, 34.6964487825]	0.7553267706575145	0.7754558030186366	2	478.12001468345824	99998	61810	0.07692307692307693	970.8000367086456	18615	22174	731	871	1	0.7414281186458932	171.81799999999998	0.7553267706575145	0.7553267706575145	0.5705185304719096	1
[3]	[[-9.977707586000001, 40.2486203084]]	[-30.82298142795, 34.6964487825]	0.9861665121455035	0.893900268427009	1	450.80974055571943	99998	62159	0.07692307692307693	451.2621756946493	15424	16183	611	641	1	0.9642370043711546	229.81866666666667	0.9861665121455035	0.9861665121455035	0.9725243896772277	1
[3]	[[-9.977707586000001, 44.808119942000005]]	[-38.6211621192, 55.559821444849995]	0.9373050805222913	0.8971119923504398	2	457.37884717691287	99998	62717	0.07692307692307693	918.9471179422821	17263	17682	694	711	1	0.9253389073620856	174.49599999999998	0.9373050805222913	0.9373050805222913	0.8785408139728991	1
[3]	[[-9.977707586000001, 54.2691333808]]	[-63.22392462285, 55.559821444849995]	0.8538284553832409	0.9122931899784117	2	469.5883990575046	99998	64201	0.07692307692307693	949.4709976437615	20245	20245	848	848	1	0.8433626536793695	142.46400000000006	0.8538284553832409	0.8538284553832409	0.7290230312221311	1
[8, 3]	sqrt(mul(add(X3, sqrt(X3)), X8))	None	0.3112849855016859	0.5403542640617558	2	483.4019351988045	99998	65220	13.0	984.0048379970112	20014	34780	871	1500	1	0.20177797830996774	121.0	0.3112849855016859	0.3112849855016859	0.09689834219878478	1
[3]	[[-9.977707586000001, 54.2691333808]]	[-38.6211621192, 40.758433661]	0.9269983041750414	0.8606568817834732	2	469.5883990575046	99998	65985	0.07692307692307693	949.4709976437615	17902	19234	789	848	1	0.9036036708880987	216.88266666666664	0.9269983041750414	0.9269983041750414	0.8593258559434025	1
[3]	[[-9.977707586000001, 44.808119942000005]]	[-38.6211621192, 21.753430765950004]	0.9183286276060069	0.799690681993133	2	457.37884717691287	99998	66723	0.07692307692307693	918.9471179422821	13472	15780	607	711	1	0.8941500257834578	215.476	0.9183286276060069	0.9183286276060069	0.843327468280732	1
[3]	cos(X3)	None	0.35878866896129114	0.549660238692337	2	483.4019351988045	99998	66964	13.0	984.0048379970112	19378	33036	885	1500	1	0.246622308562662	135.0	0.35878866896129114	0.35878866896129114	0.12872930897501494	1
[3]	[[-9.977707586000001, 56.81491511520001]]	[-38.6211621192, 40.758433661]	0.8769132580132579	0.8361740269396833	2	469.6022047518858	99998	67466	0.07692307692307693	949.5055118797144	17406	19244	802	887	1	0.8572413571560147	203.57066666666674	0.8769132580132579	0.8769132580132579	0.7689768620794266	1
[3]	div(X3, -4)	None	0.3502462214370887	0.547734974015887	3	483.4019351988045	99998	68361	13.0	1476.0072569955169	18474	31639	883	1500	1	0.23742177613086712	133.0	0.3502462214370887	0.3502462214370887	0.12267241563095818	1
[3]	[[-9.977707586000001, 54.2691333808]]	[-71.9766787082, 34.6964487825]	0.6077667268164993	0.8277276256391364	2	469.5883990575046	99998	68379	0.07692307692307693	949.4709976437615	16600	17886	787	848	1	0.5962938923609824	139.12800000000004	0.6077667268164993	0.6077667268164993	0.3693803942252413	1
[3]	[[-9.977707586000001, 58.987106650399994]]	[-71.9766787082, 55.559821444849995]	0.5095165804316639	0.8877242134646005	2	469.6779669894755	99998	69163	0.07692307692307693	949.6949174736889	18728	18958	911	922	1	0.4939400016788339	120.5386666666667	0.5095165804316639	0.5095165804316639	0.2596071457347763	1
[3]	[[-9.977707586000001, 54.2691333808]]	[-71.9766787082, 53.0199621575]	0.727013357022776	0.9025844610114716	3	469.5883990575046	99998	69196	0.07692307692307693	1424.2064964656422	17412	17412	848	848	1	0.7178226694603022	127.76533333333327	0.727013357022776	0.727013357022776	0.5285484212895264	1
[3]	[[-9.977707586000001, 58.987106650399994]]	[-44.3437641275, 55.559821444849995]	0.8394808176133659	0.867269113218325	2	469.6779669894755	99998	69276	0.07692307692307693	949.6949174736889	18000	18881	879	922	1	0.8267421706578374	182.58266666666668	0.8394808176133659	0.8394808176133659	0.7047280431408053	1
[3]	[[3.294348719200002, 40.2486203084]]	[-37.132547367, 55.559821444849995]	0.9673775751553786	0.9184075563026569	2	454.7056568236245	99998	69276	0.07692307692307693	912.2641420590613	12097	12097	590	590	1	0.9553963305415513	162.84000000000003	0.9673775751553786	0.9673775751553786	0.9358193729135001	1
[3, 0]	[[-9.977707586000001, 34.4492857146], [0.41247341694999995, 0.94100583105]]	[-63.22392462285, 48.6389730912]	0.9419128382123609	0.9312966783408732	1	450.0345830330042	99998	70310	0.15384615384615385	450.0345830330042	5958	5958	301	301	1	0.9345245773661398	57.59133333333335	0.9419128382123609	0.9419128382123609	0.8871997947892653	1
[3, 5]	[[-9.977707586000001, 40.2486203084], [0.9104933009649999, 2.858380481035]]	[-38.6211621192, 34.6964487825]	0.9827912230094182	0.9234602135714992	1	453.27597350328426	99998	70336	0.15384615384615385	453.27597350328426	4930	4990	249	252	1	0.9750755672334146	88.392	0.9827912230094182	0.9827912230094182	0.965878588024348	1
[3]	[[-9.977707586000001, 56.81491511520001]]	[-30.82298142795, 59.1042014255]	0.7617046311751593	0.8150632073297621	1	469.6022047518858	99998	70645	0.07692307692307693	474.7527559398572	15599	17354	797	887	1	0.7475347501457895	173.73466666666673	0.7617046311751593	0.7617046311751593	0.5801939451536855	1
[3]	[[-9.977707586000001, 54.2691333808]]	[-42.111515092699996, 53.0199621575]	0.9301403878192038	0.892400281764928	4	469.5883990575046	99998	72425	0.07692307692307693	1898.941995287523	15197	15583	827	848	1	0.9153422642474756	204.56799999999998	0.9301403878192038	0.9301403878192038	0.8651611410524589	1
[3]	[[-9.977707586000001, 56.81491511520001]]	[-44.3437641275, 39.674014986699994]	0.8967682244532621	0.8552687522684554	2	469.6022047518858	99998	72464	0.07692307692307693	949.5055118797144	15118	16272	824	887	1	0.8772713205104259	207.83066666666673	0.8967682244532621	0.8967682244532621	0.8041932483890563	1
[3]	[[-9.977707586000001, 64.80073746320001]]	[-38.6211621192, 55.559821444849995]	0.7181392377777811	0.8208706001634963	2	470.6974280326999	99998	73043	0.07692307692307693	952.2435700817498	16127	17851	897	993	1	0.6936555257040953	171.44799999999998	0.7181392377777811	0.7181392377777811	0.5157239648360524	1
[3]	[[-9.977707586000001, 58.987106650399994]]	[-62.6672775025, 68.2270871422]	0.5589794147228725	0.9031902236733189	3	469.6779669894755	99998	73199	0.07692307692307693	1424.5423762105333	16483	16483	922	922	1	0.5509270248922714	118.01599999999996	0.5589794147228725	0.5589794147228725	0.31245798608392505	1
[3]	[[-9.977707586000001, 58.987106650399994]]	[-40.86575991855, 42.86704468655]	0.8238097371652318	0.8232936644460617	1	469.6779669894755	99998	73706	0.07692307692307693	474.84745873684443	14429	16160	823	922	1	0.8077299656978272	189.89333333333332	0.8238097371652318	0.8238097371652318	0.6786624830482483	1
[3]	[[-9.977707586000001, 56.81491511520001]]	[-42.111515092699996, 21.753430765950004]	0.7848634268033939	0.7274938520587669	1	469.6022047518858	99998	73860	0.07692307692307693	474.7527559398572	12079	15453	693	887	1	0.747331962185977	194.50599999999997	0.7848634268033939	0.7848634268033939	0.6160105987335666	1
[3]	[[-9.977707586000001, 56.81491511520001]]	[-62.6672775025, 59.1042014255]	0.7949126764298787	0.9091299526914925	3	469.6022047518858	99998	73960	0.07692307692307693	1424.2582678195715	15389	15389	887	887	1	0.784893665633409	137.18933333333325	0.7949126764298787	0.7949126764298787	0.6318861631489131	1
[9]	sqrt(X9)	None	0.32836726270757327	0.5436906458814279	2	483.4019351988045	99998	74042	13.0	984.0048379970112	15136	25958	876	1500	1	0.21796087011420093	126.0	0.32836726270757327	0.32836726270757327	0.10782505921806444	1
[3]	[[-9.977707586000001, 54.2691333808]]	[-40.86575991855, 34.6964487825]	0.9034421568859897	0.8302427965076933	3	469.5883990575046	99998	74204	0.07692307692307693	1424.2064964656422	13040	14584	758	848	1	0.877162266892824	213.58399999999995	0.9034421568859897	0.9034421568859897	0.8162077308388093	1
[3]	[[-9.977707586000001, 54.2691333808]]	[-42.115939118, 59.1042014255]	0.8987992279453367	0.8882803090076318	3	469.5883990575046	99998	74513	0.07692307692307693	1424.2064964656422	14053	14409	827	848	1	0.8864359394454797	185.34666666666658	0.8987992279453367	0.8987992279453367	0.8078400521551333	1
[3]	[[-9.977707586000001, 44.808119942000005]]	[-40.86575991855, 21.753430765950004]	0.9153934043233728	0.8002560639292098	2	457.37884717691287	99998	74826	0.07692307692307693	918.9471179422821	10231	11941	609	711	1	0.8922211399472387	214.15800000000002	0.9153934043233728	0.9153934043233728	0.8379450846787339	1
[3]	[[-9.977707586000001, 54.2691333808]]	[-40.86575991855, 21.753430765950004]	0.8163087595873456	0.7377202842980615	3	469.5883990575046	99998	75238	0.07692307692307693	1424.2064964656422	11066	13997	670	848	1	0.7825372807572051	199.07733333333334	0.8163087595873456	0.8163087595873456	0.6663599909790309	1
[3]	[[-9.977707586000001, 40.273135099200005]]	[-71.9766787082, 53.0199621575]	0.8340331222044738	0.918395167170109	1	450.80974055571943	99998	75645	0.07692307692307693	451.2621756946493	10418	10418	641	641	1	0.8274801874420762	96.57733333333329	0.8340331222044738	0.8340331222044738	0.6956112489341427	1
[3]	[[-9.977707586000001, 56.81491511520001]]	[-37.132547367, 39.674014986699994]	0.8824426470946253	0.8308573264098862	3	469.6022047518858	99998	75667	0.07692307692307693	1424.2582678195715	12917	14390	796	887	1	0.858075689981201	207.62333333333333	0.8824426470946253	0.8824426470946253	0.7787050254113693	1
[3, 10]	[[-9.977707586000001, 56.81491511520001], [0.2633954989, 3.2592624151]]	[-44.0378340164, 55.559821444849995]	0.8688317572284757	0.8782089220043197	3	475.8276704503457	99973	76015	0.15384615384615385	1447.6037641887965	8060	8380	504	524	1	0.8613599739218549	108.20533333333333	0.8688317572284757	0.8688317572284757	0.754868622368721	1
[3]	[[3.294348719200002, 54.2691333808]]	[-44.3437641275, 55.559821444849995]	0.9181803605470609	0.8964704201130881	5	478.0297750598226	99998	76043	0.07692307692307693	2426.4360941238915	12561	12737	786	797	1	0.906257880525228	183.9993333333333	0.9181803605470609	0.9181803605470609	0.8430551744943307	1
[3]	[[-9.977707586000001, 44.808119942000005]]	[-40.86575991855, 55.559821444849995]	0.9415165417733246	0.901579759083225	2	457.37884717691287	99998	76060	0.07692307692307693	918.9471179422821	11116	11353	696	711	1	0.929521773798724	173.178	0.9415165417733246	0.9415165417733246	0.8864533984328004	1
[3, 8]	[[-9.977707586000001, 64.80073746320001], [1.5711739125000004, 4.462561347499999]]	[-37.132547367, 34.6964487825]	0.7241903581297828	0.7608007607612661	1	486.9001116851663	99973	76386	0.15384615384615385	486.9001116851663	7419	9073	471	576	1	0.7164458164307621	107.73599999999999	0.7241903581297828	0.7241903581297828	0.5244516748081431	1
[3]	[[-9.977707586000001, 58.987106650399994]]	[-44.0378340164, 55.559821444849995]	0.8383056941389104	0.8669287674867687	1	469.6779669894755	99998	76720	0.07692307692307693	474.84745873684443	13638	14306	879	922	1	0.8255591535554757	182.58266666666668	0.8383056941389104	0.8383056941389104	0.7027564368257204	1
[3]	[[3.294348719200002, 64.80073746320001]]	[-44.3437641275, 55.559821444849995]	0.7072780391616599	0.8373512142562467	3	479.37505899359945	99998	77941	0.07692307692307693	1460.9064712259978	12841	13858	873	942	1	0.694069349387252	161.476	0.7072780391616599	0.7072780391616599	0.5002422246803625	1
[8, 3]	sqrt(mul(X3, X8))	None	0.28074750914327545	0.5349659507044282	1	483.4019351988045	99998	78226	13.0	492.0024189985056	12519	21774	861	1500	1	0.17541811017813558	111.0	0.28074750914327545	0.28074750914327545	0.07881916389015353	1
[3]	min(cos(cos(add(X3, sqrt(X3)))), X3)	None	0.32280234147004255	0.54277447355666	2	483.4019351988045	99998	78226	13.0	984.0048379970112	12650	21774	874	1500	1	0.21352823269761997	124.0	0.32280234147004255	0.32280234147004255	0.10420135165854195	1
[3]	[[-9.977707586000001, 54.2691333808]]	[-37.132547367, 42.86704468655]	0.9249559652090261	0.8597804623021807	4	469.5883990575046	99998	78402	0.07692307692307693	1898.941995287523	11366	12208	789	848	1	0.9017277403918856	216.3173333333333	0.9249559652090261	0.9249559652090261	0.8555435375757612	1
[3]	[[-9.977707586000001, 64.80073746320001]]	[-62.6672775025, 68.2270871422]	0.4853748508821637	0.8963133270059517	3	470.6974280326999	99998	78667	0.07692307692307693	1428.3653551226248	14125	14125	993	993	1	0.448123960526865	127.10400000000004	0.4853748508821637	0.4853748508821637	0.23558874586888265	1
[3]	[[-9.977707586000001, 56.81491511520001]]	[-44.0378340164, 40.758433661]	0.8963000999384791	0.8581335409351062	2	469.6022047518858	99998	79974	0.07692307692307693	949.5055118797144	11035	11832	827	887	1	0.8786448552473226	206.69133333333332	0.8963000999384791	0.8963000999384791	0.8033538691497277	1
[3]	[[-9.977707586000001, 56.81491511520001]]	[-38.6211621192, 55.559821444849995]	0.8391925613017878	0.853803837713816	3	469.6022047518858	99998	80585	0.07692307692307693	1424.2582678195715	10748	11483	830	887	1	0.8264785016596864	181.8986666666666	0.8391925613017878	0.8391925613017878	0.7042441549442549	1
[3]	[[-9.977707586000001, 56.81491511520001]]	[-71.9766787082, 55.559821444849995]	0.6745929779014344	0.9022797940556173	5	469.6022047518858	99998	80915	0.07692307692307693	2373.763779699286	11292	11292	887	887	1	0.6659692678002883	126.54533333333336	0.6745929779014344	0.6745929779014344	0.4550756858339251	1
[3]	[[-9.977707586000001, 56.81491511520001]]	[-40.86575991855, 48.6389730912]	0.8810372643110033	0.8584808009757541	1	469.6022047518858	99998	80915	0.07692307692307693	474.7527559398572	10555	11292	829	887	1	0.8658024392011	197.45600000000002	0.8810372643110033	0.8810372643110033	0.7762266611046166	1
[3]	[[-9.977707586000001, 40.2486203084]]	[-40.86575991855, 55.559821444849995]	0.9711991392572007	0.9251740069806941	3	450.80974055571943	99998	80941	0.07692307692307693	1353.786527083948	8153	8153	641	641	1	0.9589338278144725	169.65133333333335	0.9711991392572007	0.9711991392572007	0.9432277680939275	1
[3]	[[-9.977707586000001, 58.987106650399994]]	[-38.6211621192, 39.674014986699994]	0.8263922072396673	0.8130516879232084	3	469.6779669894755	99998	81086	0.07692307692307693	1424.5423762105333	10233	11629	811	922	1	0.8053566121512086	193.26	0.8263922072396673	0.8263922072396673	0.6829240801864492	1
[3]	[[-9.977707586000001, 40.2486203084]]	[-63.22392462285, 55.559821444849995]	0.9153210296805026	0.9294902143121846	1	450.80974055571943	99998	81600	0.07692307692307693	451.2621756946493	7872	7872	641	641	1	0.9079946753210755	107.68799999999999	0.9153210296805026	0.9153210296805026	0.8378125873753755	1
[3]	[[3.294348719200002, 64.80073746320001]]	[-38.6211621192, 34.6964487825]	0.6682292465622757	0.7460522836571901	3	479.37505899359945	99998	81789	0.07692307692307693	1460.9064712259978	9249	11446	761	942	1	0.6434282565898051	160.63200000000006	0.6682292465622757	0.6682292465622757	0.44653032596118664	1
[3]	[[-9.977707586000001, 58.987106650399994]]	[-44.3437641275, 53.0199621575]	0.8496868661598086	0.865794871465779	2	469.6779669894755	99998	81789	0.07692307692307693	949.6949174736889	10642	11205	876	922	1	0.83614064708113	186.95866666666666	0.8496868661598086	0.8496868661598086	0.7219677705244765	1
[3, 9]	[[-9.977707586000001, 54.2691333808], [3.138179696785, 5.083597913215]]	[-42.111515092699996, 53.0199621575]	0.9136067945144027	0.8875370311910066	1	484.17544030625294	99998	81995	0.15384615384615385	484.17544030625294	3506	3602	292	300	1	0.9064367618918258	71.80000000000001	0.9136067945144027	0.9136067945144027	0.8346773749828821	1
[3]	[[-9.977707586000001, 54.2691333808]]	[-42.115939118, 39.674014986699994]	0.9325278728720757	0.8668780531478464	1	469.5883990575046	99998	83378	0.07692307692307693	474.73549882188075	8830	9407	796	848	1	0.9089683382521248	218.22933333333333	0.9325278728720757	0.9325278728720757	0.8696082336833182	1
[3]	[[-9.977707586000001, 34.4492857146]]	[-63.22392462285, 48.6389730912]	0.9439832081137016	0.9323387609985414	1	446.4286384798396	99998	83506	0.07692307692307693	445.78579809979954	6048	6048	550	550	1	0.9365673758880866	105.23333333333335	0.9439832081137016	0.9439832081137016	0.8911042972006361	1
[3]	[[30.263368666399998, 58.987106650399994]]	[-42.111515092699996, 59.1042014255]	0.2463516572354848	0.7797335802574437	1	637.6191803696247	99946	83856	0.07692307692307693	637.6191803696247	4150	4633	386	431	1	0.23580600070709803	59.876666666666665	0.2463516572354848	0.2463516572354848	0.06068913902266979	1
[3]	[[3.294348719200002, 54.2691333808]]	[-62.6672775025, 55.559821444849995]	0.8368781933408859	0.9081936150149531	1	478.0297750598226	99998	83989	0.07692307692307693	485.2872188247783	8510	8510	797	797	1	0.8270244774798791	134.95866666666666	0.8368781933408859	0.8368781933408859	0.7003651104895051	1
[3, 8]	[[-9.977707586000001, 56.81491511520001], [-0.20545262575, 3.43370742175]]	[-71.9766787082, 55.559821444849995]	0.7071615355135992	0.9059208634358602	3	485.89073182309585	99973	84536	0.15384615384615385	1485.3402443366094	6262	6262	608	608	1	0.7011950055131263	86.74133333333339	0.7071615355135992	0.7071615355135992	0.5000774373099514	1
[8, 9]	sqrt(sub(X8, X9))	None	0.3132678208876078	0.5410148336240032	2	483.4019351988045	99998	84651	13.0	984.0048379970112	8906	15349	871	1500	1	0.20499083938326504	121.0	0.3132678208876078	0.3132678208876078	0.09813672760367032	1
[3]	[[-9.977707586000001, 54.2691333808]]	[-37.132547367, 55.559821444849995]	0.9063052502970957	0.8757442108093083	3	469.5883990575046	99998	84671	0.07692307692307693	1424.2064964656422	8322	8667	814	848	1	0.8916478226776973	200.048	0.9063052502970957	0.9063052502970957	0.8213892067160814	1
[3, 8]	[[-9.977707586000001, 64.80073746320001], [1.5711739125000004, 5.46547204325]]	[-42.115939118, 39.674014986699994]	0.7504702558642354	0.8000146341824101	1	478.81268886781265	99998	84825	0.15384615384615385	478.81268886781265	6061	6971	598	688	1	0.7410147057904555	129.24266666666665	0.7504702558642354	0.7504702558642354	0.563205604936931	1
[3]	[[3.294348719200002, 54.2691333808]]	[-30.82298142795, 59.1042014255]	0.8263381561561908	0.8345260119633578	1	478.0297750598226	99998	85105	0.07692307692307693	485.2872188247783	7298	7919	734	797	1	0.8144989420830343	173.97466666666662	0.8263381561561908	0.8263381561561908	0.6828347483196131	1
[9, 3]	sqrt(add(X3, X9))	None	0.2717076581083549	0.5334082677992966	1	483.4019351988045	99998	85229	13.0	492.0024189985056	8457	14771	858	1500	1	0.16775030037224545	108.0	0.2717076581083549	0.2717076581083549	0.07382505147472668	1
[8, 3]	min(cos(min(X3, X8)), X3)	None	0.2949677509764058	0.5377806804160544	2	483.4019351988045	99998	85611	13.0	984.0048379970112	8284	14389	865	1500	1	0.1892208986319282	115.0	0.2949677509764058	0.2949677509764058	0.08700597411607895	1
[3]	[[-9.977707586000001, 54.2691333808]]	[-42.115939118, 53.0199621575]	0.930185090332564	0.8924271758180347	1	469.5883990575046	99998	85660	0.07692307692307693	474.73549882188075	7905	8106	827	848	1	0.9153895028465203	204.56799999999998	0.930185090332564	0.930185090332564	0.8652443022770003	1
[3]	[[-9.977707586000001, 58.987106650399994]]	[-62.6672775025, 55.559821444849995]	0.7526284530948226	0.8940117325529295	2	469.6779669894755	99998	85660	0.07692307692307693	949.6949174736889	8709	8818	911	922	1	0.742959972586733	145.1253333333333	0.7526284530948226	0.7526284530948226	0.5664495884079056	1
[3, 9, 11, 0]	cos(add(add(sqrt(X11), mul(add(min(add(X9, min(X3, cos(add(sqrt(X3), X0)))), X11), sqrt(X3)), 0)), -4))	None	0.31017557321931005	0.540459072412225	1	483.4019351988045	99998	85673	13.0	492.0024189985056	8288	14327	870	1500	1	0.20228802621881395	120.0	0.31017557321931005	0.31017557321931005	0.09620888622192757	1
[9]	sin(X9)	None	0.31315891419839337	0.5409785864151915	2	483.4019351988045	99998	85763	13.0	984.0048379970112	8252	14237	871	1500	1	0.20481465181924619	121.0	0.31315891419839337	0.31315891419839337	0.09806850554191669	1
[0, 2, 3, 5, 7, 8, 11, 12]	div(min(add(X3, min(add(X7, X8), cos(add(max(sqrt(X8), X12), X0)))), add(X11, X5)), sub(X0, sub(X2, X11)))	None	0.31775660899260794	0.5415656041104008	1	483.4019351988045	99998	85982	13.0	492.0024189985056	8117	14018	873	1500	1	0.20766638594542913	123.0	0.31775660899260794	0.31775660899260794	0.10096926255848113	1
[9, 3]	div(X9, X3)	None	0.29485628578437884	0.5377434209893568	1	483.4019351988045	99998	86077	13.0	492.0024189985056	8043	13923	865	1500	1	0.18903864860937042	115.0	0.29485628578437884	0.29485628578437884	0.08694022926655928	1
[5]	sin(X5)	None	0.326050871051431	0.5433866349932217	2	483.4019351988045	99998	86077	13.0	984.0048379970112	8088	13923	875	1500	1	0.21649095978805244	125.0	0.326050871051431	0.326050871051431	0.10630917051339688	1
[3]	[[-9.977707586000001, 40.2486203084]]	[-44.3437641275, 21.753430765950004]	0.9077133082096275	0.811300345617072	1	450.80974055571943	99998	86448	0.07692307692307693	451.2621756946493	5045	5795	558	641	1	0.8949591583916569	189.2113333333333	0.9077133082096275	0.9077133082096275	0.8239434499008662	1
[3]	[[-9.977707586000001, 54.2691333808]]	[-30.82298142795, 53.0199621575]	0.8940817909489229	0.8460389288163142	3	469.5883990575046	99998	86495	0.07692307692307693	1424.2064964656422	7069	7636	785	848	1	0.8726765952188597	208.36	0.8940817909489229	0.8940817909489229	0.7993822489064335	1
[3]	[[-9.977707586000001, 58.987106650399994]]	[-42.111515092699996, 21.753430765950004]	0.7054436848316095	0.7009156229062897	1	469.6779669894755	99998	86655	0.07692307692307693	474.84745873684443	6172	8209	694	922	1	0.6690023368677795	175.8359999999999	0.7054436848316095	0.7054436848316095	0.4976507924687991	1
[3]	[[-9.977707586000001, 58.987106650399994]]	[-44.0378340164, 53.0199621575]	0.8493533133220822	0.8656849510060187	4	469.6779669894755	99998	86655	0.07692307692307693	1899.3898349473777	7797	8209	876	922	1	0.8357881709544605	186.95866666666666	0.8493533133220822	0.8493533133220822	0.7214010508511991	1
[3]	[[-9.977707586000001, 56.81491511520001]]	[-40.86575991855, 53.0199621575]	0.8647670174998855	0.8605421568609224	4	469.6022047518858	99998	86884	0.07692307692307693	1899.0110237594288	7300	7762	834	887	1	0.8514498780390866	188.8553333333333	0.8647670174998855	0.8647670174998855	0.7478219945556472	1
[3, 8, 12, 1, 5, 11, 4, 9, 7]	[[82.8951822368, 111.88084410319999], [3.0834289555, 5.974816390499999], [2.7510338562500003, 5.25078107375], [3.7355688116800003, 24.22106608832], [2.0908756525800003, 5.48719176142], [3.37996192669, 5.2767264353100005], [-43.78730746658, 71.99708008658], [0.5517508659350001, 2.995994266065], [0.9340342911299999, 3.82935143087]]	[-55.36496509245001, 55.629682872450005]	0.9999762015375199	1.0	1	379.10534399999995	95904	86904	0.6923076923076923	379.10534399999995	10	10	2	2	1	1.00000000000145	0.3973333333333333	0.9999762015375199	0.9999762015375199	0.9999524036414066	1
[3]	[[-9.977707586000001, 41.4358949812]]	[-42.111515092699996, 21.753430765950004]	0.9257457131845119	0.817861623060522	3	456.46232402875995	99998	87064	0.07692307692307693	1374.9837151078498	5007	5724	579	662	1	0.9099095296945185	206.95599999999996	0.9257457131845119	0.9257457131845119	0.8570051254795006	1
[3, 4]	sin(max(X3, X4))	None	0.31100232137727984	0.5407342928651357	2	483.4019351988045	99998	87320	13.0	984.0048379970112	7319	12680	870	1500	1	0.20362687298002508	120.0	0.31100232137727984	0.31100232137727984	0.09672244390205685	1
[3, 9, 11, 0]	cos(add(add(sqrt(X11), mul(add(min(add(X9, min(mul(add(min(add(X3, min(X3, cos(add(sqrt(X3), X0)))), X11), sqrt(X3)), 0), cos(add(sqrt(X3), X0)))), X11), sqrt(X3)), 0)), -4))	None	0.31913649123106924	0.5420247036691095	1	483.4019351988045	99998	87529	13.0	492.0024189985056	7209	12471	873	1500	1	0.20989430673745427	123.0	0.31913649123106924	0.31913649123106924	0.10184810003527833	1
[]	sin(-2)	None	0.31942985751428743	0.5421222317823928	1	483.4019351988045	99998	87563	13.0	492.0024189985056	7172	12437	873	1500	1	0.21036731973244835	123.0	0.31942985751428743	0.31942985751428743	0.10203543387159797	1
[3]	[[-9.977707586000001, 64.80073746320001]]	[-38.6211621192, 21.753430765950004]	0.6340776768591464	0.6699902159094253	2	470.6974280326999	99998	87597	0.07692307692307693	952.2435700817498	5882	8208	712	993	1	0.5888296909244269	165.188	0.6340776768591464	0.6340776768591464	0.4020545002910921	1
[3]	sqrt(add(X3, sqrt(X3)))	None	0.26884967975201995	0.5329431634575391	3	483.4019351988045	99998	87802	13.0	1476.0072569955169	6975	12198	857	1500	1	0.16545691362654788	107.0	0.26884967975201995	0.26884967975201995	0.07228015030276369	1
[3]	[[-9.977707586000001, 54.2691333808]]	[-40.86575991855, 42.86704468655]	0.920523034791013	0.8653268120977367	3	469.5883990575046	99998	87879	0.07692307692307693	1424.2064964656422	6426	6862	794	848	1	0.9028214450629786	211.7066666666667	0.920523034791013	0.920523034791013	0.8473626575808566	1
[3]	[[-9.977707586000001, 44.808119942000005]]	[-40.86575991855, 68.2270871422]	0.8652492181780783	0.886754509298171	3	457.37884717691287	99998	87916	0.07692307692307693	1378.4206769134232	5616	5736	696	711	1	0.8546935296550611	143.79000000000008	0.8652492181780783	0.8652492181780783	0.7486562095577758	1
[3, 8, 12, 1, 5, 11, 4]	[[72.31811916, 122.29339824], [0.64196331075, 2.18736004325], [3.2997493100749997, 5.849491471925], [40.8652807768, 58.3529004032], [0.10412959109999997, 3.1008790989], [-0.27977359991500017, 3.0645217179150004], [23.980530819649992, 93.85041986035]]	[-24.003425530050002, 40.25663381805]	0.43722357958676517	0.6666666666666667	1	521.5395070459904	97391	88391	0.5384615384615384	521.5395070459904	9	17	2	3	1	0.4393573765637336	0.22799999999999998	0.43722357958676517	0.43722357958676517	0.19116445854666436	1
[3]	sqrt(add(X3, add(X3, -4)))	None	0.2924697407279538	0.5369444654019945	3	483.4019351988045	99998	88734	13.0	1476.0072569955169	6477	11266	865	1500	1	0.18512762408515981	115.0	0.2924697407279538	0.2924697407279538	0.08553854924147651	1
[3]	[[-9.977707586000001, 56.81491511520001]]	[-44.3437641275, 48.6389730912]	0.9038096969633319	0.8780234944644282	4	469.6022047518858	99998	88738	0.07692307692307693	1899.0110237594288	6378	6653	850	887	1	0.8887900548109164	200.716	0.9038096969633319	0.9038096969633319	0.8168719683249499	1
[3]	[[-9.977707586000001, 54.2691333808]]	[-71.9766787082, 59.1042014255]	0.6292183675065365	0.9085398157523503	4	469.5883990575046	99998	88756	0.07692307692307693	1898.941995287523	6354	6354	848	848	1	0.6212883416891103	108.54399999999998	0.6292183675065365	0.6292183675065365	0.3959157540075908	1
[3]	cos(sub(0, X3))	None	0.33423424304250143	0.5451730670926533	1	483.4019351988045	99998	89186	13.0	492.0024189985056	6316	10814	877	1500	1	0.2251145919912052	127.0	0.33423424304250143	0.33423424304250143	0.11171252922219392	1
[3, 9]	[[-9.977707586000001, 41.4358949812], [1.1781773637500002, 3.67230328225]]	[-40.86575991855, 42.86704468655]	0.9822295633104948	0.9329502748697314	1	466.0836573965823	99973	89200	0.15384615384615385	470.35457174572787	2234	2234	309	309	1	0.9745162950055618	96.82	0.9822295633104948	0.9822295633104948	0.9647749150411253	1
[3]	[[-9.977707586000001, 58.987106650399994]]	[-38.6211621192, 40.758433661]	0.8244405551737756	0.8155440907949065	3	469.6779669894755	99998	89255	0.07692307692307693	1424.5423762105333	5836	6611	814	922	1	0.8049217545180749	191.9573333333334	0.8244405551737756	0.8244405551737756	0.6797022290152432	1
[]	sqrt(sqrt(-4))	None	0.3192139969333055	0.5420504726593747	2	483.4019351988045	99998	89329	13.0	984.0048379970112	6206	10671	873	1500	1	0.21001929607015477	123.0	0.3192139969333055	0.3192139969333055	0.10189757583813637	1
[3]	[[-9.977707586000001, 58.987106650399994]]	[-40.86575991855, 39.674014986699994]	0.8273254885344419	0.8163285946384117	1	469.6779669894755	99998	89469	0.07692307692307693	474.84745873684443	5727	6478	815	922	1	0.8071676746276607	192.9573333333334	0.8273254885344419	0.8273254885344419	0.6844674639787529	1
[3]	[[-9.977707586000001, 54.2691333808]]	[-38.6211621192, 21.753430765950004]	0.822244147519031	0.7372177975032522	2	469.5883990575046	99998	89506	0.07692307692307693	949.4709976437615	4672	5931	668	848	1	0.7876132112937364	201.03466666666668	0.822244147519031	0.822244147519031	0.676085438129298	1
[3]	[[-9.977707586000001, 64.80073746320001]]	[-40.86575991855, 55.559821444849995]	0.72651889813652	0.826153767343231	2	470.6974280326999	99998	89506	0.07692307692307693	952.2435700817498	6310	6946	902	993	1	0.704592998909288	171.81400000000008	0.72651889813652	0.72651889813652	0.5278297093495031	1
[3]	[[-9.977707586000001, 40.2486203084]]	[-38.6211621192, 59.1042014255]	0.9607775914059212	0.9190295748340657	4	450.80974055571943	99998	89969	0.07692307692307693	1805.048702778597	4298	4298	641	641	1	0.9487473559625585	163.2413333333334	0.9607775914059212	0.9607775914059212	0.9230935801477633	1
[3, 8, 12, 1, 5, 11]	[[55.1237793624, 102.1005416976], [1.34900451225, 2.59529219975], [3.8020437730500003, 5.5018718809500005], [-12.250605440120001, 15.729585962120002], [1.59262000127, 3.69034465673], [1.94332998632, 5.13788073768]]	[-64.100409193, 52.736062349]	0.5094163025995783	0.8650490268979746	1	596.9759868715545	98997	89997	0.46153846153846156	596.9759868715545	21	21	4	4	1	0.5100344694481345	0.6933333333333334	0.5094163025995783	0.5094163025995783	0.25950496935422507	1
[3]	[[-9.977707586000001, 56.81491511520001]]	[-71.9766787082, 21.753430765950004]	0.49850831084134795	0.7386584820281712	1	469.6022047518858	99998	90093	0.07692307692307693	474.7527559398572	4879	5857	738	887	1	0.44834698047873117	137.20533333333333	0.49850831084134795	0.49850831084134795	0.248510535977894	1
[3]	[[-9.977707586000001, 44.808119942000005]]	[-71.9766787082, 55.559821444849995]	0.8058723313677146	0.918197530209989	2	457.37884717691287	99998	90149	0.07692307692307693	918.9471179422821	4675	4675	711	711	1	0.7988493421827959	101.43600000000004	0.8058723313677146	0.8058723313677146	0.6494302144640357	1
[3, 4]	[[-9.977707586000001, 58.987106650399994], [84.36897135141001, 202.14964144859002]]	[-44.3437641275, 42.86704468655]	0.8552518320059668	0.8483958546414985	1	476.37406334841637	99946	90179	0.15384615384615385	483.2175791855205	3179	3455	484	526	1	0.8473972407286053	112.29333333333335	0.8552518320059668	0.8552518320059668	0.7314556961495624	1
[3]	[[-9.977707586000001, 44.808119942000005]]	[-37.132547367, 55.559821444849995]	0.9337623435970216	0.8923015349256569	1	457.37884717691287	99998	90316	0.07692307692307693	459.4735589711411	4473	4600	691	711	1	0.9218126654234201	176.236	0.9337623435970216	0.9337623435970216	0.8719121143198022	1
[3]	[[-9.977707586000001, 54.2691333808]]	[-40.86575991855, 53.0199621575]	0.9211264591012357	0.8848019199011067	1	469.5883990575046	99998	90361	0.07692307692307693	474.73549882188075	5265	5447	819	848	1	0.9065920396555601	202.2213333333333	0.9211264591012357	0.9211264591012357	0.8484739536563805	1
[3, 12]	[[-9.977707586000001, 54.2691333808], [2.237228852625, 3.4871024613749997]]	[-42.111515092699996, 48.6389730912]	0.9215702100884674	0.8855990402739763	1	516.4452774622639	99892	90470	0.15384615384615385	516.4452774622639	1289	1349	203	212	1	0.9143428750954911	50.642666666666656	0.9215702100884674	0.9215702100884674	0.8492916521225019	1
[0, 3, 4]	sin(max(mul(add(min(add(X3, min(X3, cos(add(sqrt(X3), X0)))), cos(X3)), sqrt(X3)), 0), X4))	None	0.2855178583594969	0.5360766669429677	1	483.4019351988045	99998	90689	13.0	492.0024189985056	5356	9311	862	1500	1	0.18087313471593167	112.0	0.2855178583594969	0.2855178583594969	0.08152044744219372	1
[3]	div(cos(cos(cos(X3))), -2)	None	0.29470848043607045	0.537694006504625	4	483.4019351988045	99998	90790	13.0	1968.0096759940225	5314	9210	865	1500	1	0.188796924041368	115.0	0.29470848043607045	0.29470848043607045	0.08685308844093773	1
[0]	cos(X0)	None	0.30417130712767354	0.5394108696585955	3	483.4019351988045	99998	91404	13.0	1476.0072569955169	4979	8596	868	1500	1	0.1971822058986292	118.0	0.30417130712767354	0.30417130712767354	0.0925201840797575	1
[5, 7]	div(X5, X7)	None	0.3098430867346466	0.5403483233429287	1	483.4019351988045	99998	91560	13.0	492.0024189985056	4893	8440	870	1500	1	0.20174906472143775	120.0	0.3098430867346466	0.3098430867346466	0.09600273839725375	1
[3]	[[-9.977707586000001, 56.81491511520001]]	[-63.22392462285, 59.1042014255]	0.788699886335932	0.9089968946087287	2	469.6022047518858	99998	91633	0.07692307692307693	949.5055118797144	4945	4945	887	887	1	0.7787605034573023	136.00666666666666	0.788699886335932	0.788699886335932	0.622047510706312	1
[3, 0]	[[-9.977707586000001, 54.2691333808], [0.3485585366499999, 0.65770013735]]	[-37.132547367, 42.86704468655]	0.9349546103248947	0.8777488517666028	1	522.4294916143697	99998	91660	0.15384615384615385	522.4294916143697	1421	1487	254	266	1	0.9276168282295757	74.36133333333333	0.9349546103248947	0.9349546103248947	0.8741401233677757	1
[3]	[[-9.977707586000001, 64.80073746320001]]	[-71.9766787082, 55.559821444849995]	0.4184916952199888	0.8783517566935082	2	470.6974280326999	99998	91709	0.07692307692307693	952.2435700817498	5386	5485	976	993	1	0.35729835168691265	124.668	0.4184916952199888	0.4184916952199888	0.1751352989681	1
[3]	[[-9.977707586000001, 54.2691333808]]	[-40.86575991855, 68.2270871422]	0.8068640959812465	0.8713872184799272	3	469.5883990575046	99998	91709	0.07692307692307693	1424.2064964656422	4525	4684	819	848	1	0.7964413704317159	160.38666666666666	0.8068640959812465	0.8068640959812465	0.6510296693836343	1
[3]	[[-9.977707586000001, 56.81491511520001]]	[-37.132547367, 55.559821444849995]	0.8395432018572627	0.8500721101243884	3	469.6022047518858	99998	91842	0.07692307692307693	1424.2582678195715	4498	4818	827	887	1	0.8261305356286746	184.812	0.8395432018572627	0.8395432018572627	0.7048327877847446	1
[3]	[[-9.977707586000001, 54.2691333808]]	[-62.6672775025, 48.6389730912]	0.8692868133448001	0.9032450259648123	1	469.5883990575046	99998	91842	0.07692307692307693	474.73549882188075	4581	4608	843	848	1	0.8582303349955467	158.38133333333337	0.8692868133448001	0.8692868133448001	0.7556595638551573	1
[3]	[[-9.977707586000001, 64.80073746320001]]	[-40.86575991855, 39.674014986699994]	0.75621055692619	0.7918834326219178	1	470.6974280326999	99998	91999	0.07692307692307693	476.1217850408749	4540	5286	853	993	1	0.7263828894653843	183.05600000000004	0.75621055692619	0.75621055692619	0.5718544064066184	1
[8, 3]	sqrt(add(X3, X8))	None	0.27453202343712985	0.5338629623968097	1	483.4019351988045	99998	92029	13.0	492.0024189985056	4562	7971	859	1500	1	0.16999065189472198	109.0	0.27453202343712985	0.27453202343712985	0.0753678318924848	1
[3]	[[-9.977707586000001, 41.4358949812]]	[-42.111515092699996, 53.0199621575]	0.9747907436912662	0.9283886646444571	1	456.46232402875995	99998	92059	0.07692307692307693	458.3279050359499	3517	3517	662	662	1	0.9624104619568822	176.09199999999998	0.9747907436912662	0.9747907436912662	0.9502169939861718	1
[3]	[[-9.977707586000001, 40.2486203084]]	[-44.3437641275, 55.559821444849995]	0.9671609159823298	0.9279329321816417	2	450.80974055571943	99998	92131	0.07692307692307693	902.5243513892985	3372	3372	641	641	1	0.9556986259489536	156.83133333333336	0.9671609159823298	0.9671609159823298	0.9354002374037792	1
[0, 11, 3]	sin(mul(add(min(cos(add(sqrt(X3), X0)), X11), sqrt(X3)), 0))	None	0.29793478501728105	0.5382894004233143	2	483.4019351988045	99998	92186	13.0	984.0048379970112	4513	7814	866	1500	1	0.19170796872273196	116.0	0.29793478501728105	0.29793478501728105	0.08876513612329347	1
[3, 8]	[[-9.977707586000001, 56.81491511520001], [0.5981986185000001, 3.4895860534999996]]	[-63.22392462285, 55.559821444849995]	0.8607708184129629	0.9146560833210302	2	510.4755258888031	99973	92200	0.15384615384615385	1020.9510517776062	2642	2642	508	508	1	0.8540112249365224	85.344	0.8607708184129629	0.8607708184129629	0.740926401831322	1
[3]	min(cos(X3), -2)	None	0.3001973704026724	0.538563937156636	2	483.4019351988045	99998	92304	13.0	984.0048379970112	4446	7696	867	1500	1	0.19304915345475104	117.0	0.3001973704026724	0.3001973704026724	0.0901184611966793	1
[]	div(cos(cos(cos(-4))), -2)	None	0.2948364804968111	0.5377368001650684	2	483.4019351988045	99998	92304	13.0	984.0048379970112	4443	7696	865	1500	1	0.1890062623148731	115.0	0.2948364804968111	0.2948364804968111	0.08692855023174648	1
[3]	[[-9.977707586000001, 58.987106650399994]]	[-30.82298142795, 39.674014986699994]	0.820964091042449	0.7821867759635803	2	469.6779669894755	99998	92444	0.07692307692307693	949.6949174736889	3927	4651	778	922	1	0.7879692103507302	199.59866666666665	0.820964091042449	0.820964091042449	0.6739820387811546	1
[3, 8, 12, 1, 5, 11, 4, 9]	[[51.107795736, 81.092963184], [0.7552795982499999, 2.59978537575], [-1.779980264775, 1.869650672775], [31.743375036959996, 45.23382446304], [3.13561766679, 4.83377572121], [3.292247246555, 6.337053431445], [148.28826217150998, 246.10610682849], [2.6857621098949997, 4.331885216105]]	[-66.786090719, 50.050380823]	0.8229658790627818	0.9041652873516046	1	637.6007230366548	99773	92805	0.6153846153846154	637.6007230366548	20	20	5	5	1	0.8250232667233749	0.8799999999999999	0.8229658790627818	0.8229658790627818	0.6772728381015772	1
[3]	[[-9.977707586000001, 54.2691333808]]	[-44.3437641275, 21.753430765950004]	0.8233044100615639	0.7527978983334113	2	469.5883990575046	99998	92864	0.07692307692307693	949.4709976437615	3279	4039	688	848	1	0.7903275767218828	200.1173333333333	0.8233044100615639	0.8233044100615639	0.6778301516268197	1
[3]	[[-9.977707586000001, 58.987106650399994]]	[-44.0378340164, 34.6964487825]	0.8156242616346404	0.8036936966449733	2	469.6779669894755	99998	92941	0.07692307692307693	949.6949174736889	3785	4347	803	922	1	0.7916360036678111	192.63599999999997	0.8156242616346404	0.8156242616346404	0.6652429361670523	1
[3]	[[-9.977707586000001, 54.2691333808]]	[-38.6211621192, 59.1042014255]	0.8831112246691863	0.8766663407016783	1	469.5883990575046	99998	93059	0.07692307692307693	474.73549882188075	3785	3925	817	848	1	0.8705870267844309	184.9573333333334	0.8831112246691863	0.8831112246691863	0.7798854351367102	1
[8, 3, 12, 7]	div(cos(-4), min(cos(cos(add(X3, sqrt(min(add(X7, X3), cos(max(sqrt(X8), X12))))))), X3))	None	0.29089410589937725	0.5369025786786639	3	483.4019351988045	99998	93072	13.0	1476.0072569955169	3989	6928	864	1500	1	0.18492242285044114	114.0	0.29089410589937725	0.29089410589937725	0.0846193808469981	1
[3]	cos(cos(add(X3, 0)))	None	0.3013216421741336	0.5389392634509009	2	483.4019351988045	99998	93090	13.0	984.0048379970112	3999	6910	867	1500	1	0.19488158656065654	117.0	0.3013216421741336	0.3013216421741336	0.0907947320425166	1
[3, 8, 12, 1, 5, 11, 4, 9, 7, 2]	[[42.863382122800004, 101.8342114372], [2.3989023987499998, 5.14073531125], [0.47716628967499997, 3.426868006325], [16.93557302424, 35.92213147576], [2.422373105665, 5.369176788335], [3.4778713039249993, 5.224891246075], [44.05072535362, 119.90946202638], [-1.603469474875, 2.137719402875], [-0.28477504539000004, 1.0131257413900001], [-0.44856024001000006, 0.89692528601]]	[-53.39323332079999, 40.0759439128]	0.9999774472220087	1.0	1	630.4399999999999	99094	93094	0.7692307692307693	630.4399999999999	6	6	2	2	1	1.00000000000145	0.5386666666666666	0.9999774472220087	0.9999774472220087	0.9999548949526451	1
[9, 12]	cos(sub(X12, X9))	None	0.2818463277644073	0.5353352713806236	2	483.4019351988045	99998	93173	13.0	984.0048379970112	3923	6827	861	1500	1	0.17723312270551828	111.0	0.2818463277644073	0.2818463277644073	0.07943735247428173	1
[3]	[[-9.977707586000001, 54.2691333808]]	[-71.9766787082, 55.559821444849995]	0.7048796232058662	0.9053640207902145	2	469.5883990575046	99998	93179	0.07692307692307693	949.4709976437615	3855	3855	848	848	1	0.6960034009054933	120.9813333333334	0.7048796232058662	0.7048796232058662	0.4968552832108439	1
[3]	[[30.263368666399998, 58.987106650399994]]	[-44.3437641275, 59.1042014255]	0.341831241247247	0.8018408314910516	1	637.6191803696247	99946	93241	0.07692307692307693	637.6191803696247	1779	1921	399	431	1	0.337425412122945	67.13	0.341831241247247	0.341831241247247	0.11684859749263359	1
[3, 8, 12, 0]	[[-9.977707586000001, 56.81491511520001], [-0.10431280624999983, 3.43514422625], [0.4094684044749999, 2.5592510115250002], [0.5198588994, 0.8788620486000001]]	[-44.3437641275, 48.6389730912]	0.8428419995773678	0.8584068510642273	1	547.9201141164224	99946	93286	0.3076923076923077	547.9201141164224	411	438	90	96	1	0.8384119352303884	19.72800000000001	0.8428419995773678	0.8428419995773678	0.7103826362515757	1
[3]	div(cos(cos(X3)), -2)	None	0.2977021209669233	0.5382116774547165	1	483.4019351988045	99998	93312	13.0	492.0024189985056	3861	6688	866	1500	1	0.1913281446947068	116.0	0.2977021209669233	0.2977021209669233	0.08862655282820463	1
[3]	[[-9.977707586000001, 58.987106650399994]]	[-44.3437641275, 34.6964487825]	0.8157501903809689	0.8037525968770798	2	469.6779669894755	99998	93380	0.07692307692307693	949.6949174736889	3546	4070	803	922	1	0.7918081447918988	192.63599999999997	0.8157501903809689	0.8157501903809689	0.6654483731065869	1
[3]	[[-9.977707586000001, 58.987106650399994]]	[-38.6211621192, 21.753430765950004]	0.7012834967231706	0.6921863484293198	1	469.6779669894755	99998	93424	0.07692307692307693	474.84745873684443	2993	4038	682	922	1	0.6658389250583088	174.28533333333337	0.7012834967231706	0.7012834967231706	0.4917985427762772	1
[3, 8, 12, 1, 5, 11, 4, 9, 7, 2, 6]	[[66.82005934120001, 102.8022602788], [2.0826396860000003, 4.276106016], [3.6526281291250005, 5.902400624875], [22.90507920392, 49.885978056080006], [-0.27414512329499996, 1.8735253572950001], [2.0124325525149995, 4.657919893485], [-5.583692776429999, 80.25645661643], [1.6003961714550001, 4.443699718545], [-0.1296422505050001, 3.2149482385050003], [-0.4519952924299999, 2.58780534043], [3.8537112528049997, 7.743590363195]]	[-26.257547210800006, 28.266139508800002]	0.9999831299723732	1.0	1	606.88	99482	93482	0.8461538461538461	606.88	6	6	2	2	1	1.00000000000145	0.9453333333333334	0.9999831299723732	0.9999831299723732	0.9999662602293441	1
[8, 3]	cos(cos(add(X3, sqrt(cos(cos(cos(X8)))))))	None	0.30133021462325377	0.5389421234458012	1	483.4019351988045	99998	93509	13.0	492.0024189985056	3749	6491	867	1500	1	0.19489554468234874	117.0	0.30133021462325377	0.30133021462325377	0.09079989824489618	1
[0, 3]	div(X3, X0)	None	0.2980198657046825	0.538317816950974	4	483.4019351988045	99998	93563	13.0	1968.0096759940225	3727	6437	866	1500	1	0.1918468233920108	116.0	0.2980198657046825	0.2980198657046825	0.08881584035463698	1
[9, 11]	sqrt(add(sqrt(X11), X9))	None	0.30639436722534014	0.539674694643951	1	483.4019351988045	99998	93563	13.0	492.0024189985056	3739	6437	869	1500	1	0.19846829488466336	119.0	0.30639436722534014	0.30639436722534014	0.09387750826741659	1
[0, 3]	sqrt(add(X3, min(X3, cos(add(sqrt(cos(add(sqrt(X3), X0))), X0)))))	None	0.27175835703776524	0.5334253737407773	1	483.4019351988045	99998	93707	13.0	492.0024189985056	3600	6293	858	1500	1	0.16783461469100647	108.0	0.27175835703776524	0.27175835703776524	0.0738526046198655	1
[9]	cos(X9)	None	0.2913675419638867	0.5370611098432327	4	483.4019351988045	99998	93836	13.0	1968.0096759940225	3557	6164	864	1500	1	0.18569897734739785	114.0	0.2913675419638867	0.2913675419638867	0.08489504451007727	1
[]	sqrt(-2)	None	0.3128684035491369	0.5408818769463484	2	483.4019351988045	99998	93862	13.0	984.0048379970112	3565	6138	871	1500	1	0.20434451096411904	121.0	0.3128684035491369	0.3128684035491369	0.0978866379393856	1
[9, 3]	div(cos(cos(cos(X3))), X9)	None	0.2916398115151522	0.5371522378424897	1	483.4019351988045	99998	93862	13.0	492.0024189985056	3543	6138	864	1500	1	0.18614525984730323	114.0	0.2916398115151522	0.2916398115151522	0.08505377966059352	1
[3]	[[-9.977707586000001, 54.2691333808]]	[-40.86575991855, 48.6389730912]	0.9299170529946017	0.8822173341702161	2	469.5883990575046	99998	93895	0.07692307692307693	949.4709976437615	3321	3458	814	848	1	0.913238123477001	210.22400000000005	0.9299170529946017	0.9299170529946017	0.8647457254501648	1
[3]	[[3.294348719200002, 56.81491511520001]]	[-40.86575991855, 34.6964487825]	0.8241282556646052	0.7988632802692888	1	478.05105452493177	99998	93895	0.07692307692307693	485.3138181561647	2944	3408	722	836	1	0.8096838415492845	185.288	0.8241282556646052	0.8241282556646052	0.6791873817847849	1
[3, 8, 12, 1, 5]	[[45.75611174240001, 117.7205136176], [2.4344455685, 3.9299907935], [1.7604975107, 3.5603155073], [21.466691406000002, 58.940162034000004], [3.1584407843549998, 4.806653013645]]	[-26.507691037199997, 35.8050937852]	0.1500374841419585	0.6043962070270981	1	625.3489007333621	99954	93954	0.38461538461538464	625.3489007333621	34	54	9	14	1	0.14986155628121234	0.8893333333333331	0.1500374841419585	0.1500374841419585	0.022511246647648447	1
[3, 4]	[[3.294348719200002, 54.2691333808], [70.37338135929998, 210.11315944070003]]	[-40.86575991855, 34.6964487825]	0.8864683830099932	0.8302219163090058	1	486.6954243036324	99946	94080	0.15384615384615385	496.1192803795405	1817	2028	459	512	1	0.8771251600793027	130.296	0.8864683830099932	0.8864683830099932	0.785826194076352	1
[]	cos(div(cos(cos(-4)), 0))	None	0.3009625794895001	0.5388194459622512	1	483.4019351988045	99998	94080	13.0	492.0024189985056	3428	5920	867	1500	1	0.19429675189805454	117.0	0.3009625794895001	0.3009625794895001	0.09057847425297368	1
[3, 4]	[[-9.977707586000001, 56.81491511520001], [84.36897135141001, 202.14964144859002]]	[-40.86575991855, 42.86704468655]	0.8791636791291592	0.8484486348917809	1	476.3738731463885	99946	94111	0.15384615384615385	483.2173414329856	1835	2003	466	509	1	0.8709983910305806	116.48666666666668	0.8791636791291592	0.8791636791291592	0.7729287746999192	1
[3]	[[-9.977707586000001, 56.81491511520001]]	[-44.3437641275, 55.559821444849995]	0.8759981015253168	0.8789116424596206	2	469.6022047518858	99998	94136	0.07692307692307693	949.5055118797144	3344	3471	855	887	1	0.86336937087798	185.0193333333334	0.8759981015253168	0.8759981015253168	0.7673726738759592	1
[3]	[[3.294348719200002, 54.2691333808]]	[-37.132547367, 55.559821444849995]	0.8923532891538866	0.8702893797715596	2	478.0297750598226	99998	94136	0.07692307692307693	970.5744376495566	2990	3120	763	797	1	0.8798199330521623	185.97199999999998	0.8923532891538866	0.8923532891538866	0.7962943926637599	1
[8]	sqrt(add(-4, X8))	None	0.31346298749526236	0.5410797806986174	2	483.4019351988045	99998	94211	13.0	984.0048379970112	3374	5789	871	1500	1	0.20530649667329873	121.0	0.31346298749526236	0.31346298749526236	0.09825904452945501	1
[8, 9, 3]	div(min(X3, X8), X9)	None	0.2978607308230996	0.5382646644076927	1	483.4019351988045	99998	94297	13.0	492.0024189985056	3299	5703	866	1500	1	0.19158709245061062	116.0	0.2978607308230996	0.2978607308230996	0.088721014966471	1
[3, 5]	min(cos(X5), X3)	None	0.2821378600645989	0.535433164931264	2	483.4019351988045	99998	94297	13.0	984.0048379970112	3285	5703	861	1500	1	0.17771402087071075	111.0	0.2821378600645989	0.2821378600645989	0.0796017720818312	1
[3]	[[-9.977707586000001, 58.987106650399994]]	[-30.82298142795, 59.1042014255]	0.7761042448574336	0.8161566070640532	2	469.6779669894755	99998	94315	0.07692307692307693	949.6949174736889	3165	3503	832	922	1	0.7517555542797413	184.14133333333336	0.7761042448574336	0.7761042448574336	0.6023377988857272	1
[3, 8, 12, 1, 5, 11, 4, 9, 7]	[[75.9151897556, 118.8939297644], [3.9027229435, 5.3982681685], [0.9233944829999998, 2.923192257], [36.847866421599996, 59.3319487984], [2.089371127095, 3.9373666569049997], [0.5215867640249998, 3.266903815975], [39.844129363520004, 135.66569147648], [0.9031293087099999, 2.5991349332900002], [0.5584071176749998, 3.303966474325]]	[-47.24022646595, 44.281676241949995]	0.999977598035906	1.0	1	389.4	97344	94344	0.6923076923076923	389.4	5	5	2	2	1	1.00000000000145	0.5533333333333332	0.999977598035906	0.999977598035906	0.99995519657366	1
[3, 8, 12, 1, 5, 11, 4]	[[51.3646818764, 118.3315558436], [0.5414502955, 2.4358075804999997], [2.57621266565, 4.67600032835], [2.9864487667200006, 22.47265349328], [1.1710013621800002, 2.56948446582], [0.9282345985149998, 3.573721939485], [10.607579349599995, 90.4588811104]]	[-44.9709635144, 40.7091156164]	4.751527675202179e-06	0.5613050156084626	1	628.120148996096	97345	94345	0.5384615384615384	628.120148996096	9	16	3	5	1	0.004751527675202179	-0.5033333333333334	4.751527675202179e-06	4.751527675202179e-06	2.2577015248212222e-11	1
[3]	[[-9.977707586000001, 40.2486203084]]	[-30.82298142795, 21.753430765950004]	0.9412587710265518	0.8047827547827042	1	450.80974055571943	99998	94361	0.07692307692307693	451.2621756946493	2056	2417	545	641	1	0.9188910458335697	219.372	0.9412587710265518	0.9412587710265518	0.8859680740344146	1
[3]	[[-9.977707586000001, 58.987106650399994]]	[-44.3437641275, 39.674014986699994]	0.8431783551782447	0.8336039559766193	1	469.6779669894755	99998	94361	0.07692307692307693	474.84745873684443	3150	3475	836	922	1	0.8246383212295283	195.51733333333334	0.8431783551782447	0.8431783551782447	0.7109497386410901	1
[0]	sin(X0)	None	0.29505715282296124	0.5378105611604369	1	483.4019351988045	99998	94437	13.0	492.0024189985056	3213	5563	865	1500	1	0.18936704755473607	115.0	0.29505715282296124	0.29505715282296124	0.08705872343199231	1
[3, 9]	[[-9.977707586000001, 44.808119942000005], [-0.11126753140000001, 1.8840332034]]	[-44.0378340164, 40.758433661]	0.9770545676837576	0.9280807549800097	1	485.57227488321143	99920	94458	0.15384615384615385	494.7153436040143	1054	1054	286	286	1	0.9693843986301742	85.99066666666667	0.9770545676837576	0.9770545676837576	0.9546356282316946	1
[4, 5]	cos(add(X4, div(cos(cos(X5)), 0)))	None	0.2940539164618217	0.537475066386826	1	483.4019351988045	99998	94812	13.0	492.0024189985056	3001	5188	865	1500	1	0.18772565080047765	115.0	0.2940539164618217	0.2940539164618217	0.08646770578653602	1
[3]	[[-9.977707586000001, 56.81491511520001]]	[-40.86575991855, 55.559821444849995]	0.8472363334872999	0.8589353623350813	1	469.6022047518858	99998	94820	0.07692307692307693	474.7527559398572	2878	3057	834	887	1	0.8346496462297595	181.75933333333342	0.8472363334872999	0.8472363334872999	0.7178094047810032	1
[3]	[[-9.977707586000001, 41.4358949812]]	[-44.3437641275, 59.1042014255]	0.9575757935154863	0.9252431445713832	2	456.46232402875995	99998	94924	0.07692307692307693	916.6558100718999	2246	2246	662	662	1	0.9464879121624472	152.26	0.9575757935154863	0.9575757935154863	0.9169514003268132	1
[5]	sqrt(X5)	None	0.32541025769259796	0.5431739566677338	1	483.4019351988045	99998	95089	13.0	492.0024189985056	2865	4911	875	1500	1	0.21546207975252044	125.0	0.32541025769259796	0.32541025769259796	0.10589183581156301	1
[3]	[[-9.977707586000001, 54.2691333808]]	[-44.3437641275, 39.674014986699994]	0.934842525973621	0.875687838761538	1	469.5883990575046	99998	95099	0.07692307692307693	474.73549882188075	2631	2768	806	848	1	0.9141079115163904	216.92266666666671	0.934842525973621	0.934842525973621	0.8739305483687404	1
[3, 8]	[[-9.977707586000001, 58.987106650399994], [0.6458367475, 4.135442272500001]]	[-40.86575991855, 59.1042014255]	0.8414938165664981	0.8660088528229348	2	492.84522769295626	99973	95150	0.15384615384615385	985.6904553859125	1975	2080	610	642	1	0.8322084238503333	128.5	0.8414938165664981	0.8414938165664981	0.7081118433196512	1
[12]	cos(X12)	None	0.297237775954443	0.5380564968884995	4	483.4019351988045	99998	95224	13.0	1968.0096759940225	2768	4776	866	1500	1	0.19056962686580312	116.0	0.297237775954443	0.297237775954443	0.08835029545434366	1
[3]	[[-9.977707586000001, 44.808119942000005]]	[-63.22392462285, 59.1042014255]	0.8790299482526194	0.9259550964819925	2	457.37884717691287	99998	95282	0.07692307692307693	918.9471179422821	2249	2249	711	711	1	0.871509832336052	109.01999999999998	0.8790299482526194	0.8790299482526194	0.7726936499250027	1
[3]	[[-9.977707586000001, 58.987106650399994]]	[-42.115939118, 59.1042014255]	0.8179053586032238	0.8620741100859917	2	469.6779669894755	99998	95372	0.07692307692307693	949.6949174736889	2717	2856	877	922	1	0.8050680811036744	179.35333333333324	0.8179053586032238	0.8179053586032238	0.6689691756318681	1
[3]	[[-9.977707586000001, 58.987106650399994]]	[-71.9766787082, 68.2270871422]	0.22058962473294877	0.9034154231903359	1	469.6779669894755	99998	95440	0.07692307692307693	474.84745873684443	2810	2810	922	922	1	0.11820599841325523	93.42933333333337	0.22058962473294877	0.22058962473294877	0.048659782539823164	1
[3]	[[-9.977707586000001, 56.81491511520001]]	[-44.3437641275, 53.0199621575]	0.8908656009772685	0.8803238387134024	2	469.6022047518858	99998	95491	0.07692307692307693	949.5055118797144	2571	2667	855	887	1	0.8774988904231545	192.1153333333334	0.8908656009772685	0.8908656009772685	0.7936415190045898	1
[3]	[[-9.977707586000001, 56.81491511520001]]	[-40.86575991855, 21.753430765950004]	0.7774827949338883	0.7207608668909501	1	469.6022047518858	99998	95559	0.07692307692307693	474.7527559398572	2035	2634	685	887	1	0.7405367308613175	192.41933333333333	0.7774827949338883	0.7774827949338883	0.6044794964182105	1
[3]	[[-9.977707586000001, 58.987106650399994]]	[-44.3437641275, 42.86704468655]	0.8426678905945781	0.8409251988736552	1	469.6779669894755	99998	95659	0.07692307692307693	474.84745873684443	2443	2674	844	922	1	0.8269086190540462	192.45333333333338	0.8426678905945781	0.8426678905945781	0.710089173839116	1
[3]	sqrt(add(X3, add(X3, -2)))	None	0.27324161786414825	0.5334274994868662	2	483.4019351988045	99998	95711	13.0	984.0048379970112	2467	4289	859	1500	1	0.1678450922189548	109.0	0.27324161786414825	0.27324161786414825	0.07466098173301722	1
[3]	[[-9.977707586000001, 54.2691333808]]	[-62.6672775025, 68.2270871422]	0.6870173805221705	0.9135130149353587	2	469.5883990575046	99998	95722	0.07692307692307693	949.4709976437615	2428	2428	848	848	1	0.6791224644456823	108.54399999999998	0.6870173805221705	0.6870173805221705	0.47199288113954485	1
[3]	[[-9.977707586000001, 56.81491511520001]]	[-63.22392462285, 55.559821444849995]	0.8330832991309198	0.9080325547803164	3	469.6022047518858	99998	95733	0.07692307692307693	1424.2582678195715	2532	2532	887	887	1	0.8225204538019991	149.01600000000008	0.8330832991309198	0.8330832991309198	0.6940277832908577	1
[3, 4, 5]	[[-9.977707586000001, 64.80073746320001], [105.35081352748998, 207.16122327251], [2.07648548292, 3.6747518870800002]]	[-40.86575991855, 55.559821444849995]	0.3502052704118261	0.7731757097898986	1	539.325125230165	99866	95745	0.23076923076923078	539.325125230165	340	399	119	140	1	0.34762191812728854	16.05333333333334	0.3502052704118261	0.3502052704118261	0.12264373142422023	1
[3]	[[-9.977707586000001, 54.2691333808]]	[-40.86575991855, 39.674014986699994]	0.924821613666853	0.8597924514609543	4	469.5883990575046	99998	95871	0.07692307692307693	1898.941995287523	2176	2339	788	848	1	0.9022138082015868	215.88266666666664	0.924821613666853	0.924821613666853	0.8552950171053619	1
[3]	[[-9.977707586000001, 56.81491511520001]]	[-40.86575991855, 59.1042014255]	0.8085939044859606	0.8562279768659631	4	469.6022047518858	99998	95893	0.07692307692307693	1899.0110237594288	2290	2434	834	887	1	0.7972060004173978	168.75	0.8085939044859606	0.8085939044859606	0.6538241023718507	1
[3]	[[-9.977707586000001, 40.2486203084]]	[-71.9766787082, 55.559821444849995]	0.8253991899729702	0.9213111234611618	2	450.80974055571943	99998	95915	0.07692307692307693	902.5243513892985	1755	1755	641	641	1	0.8189150758720567	91.44933333333336	0.8253991899729702	0.8253991899729702	0.6812838228080355	1
[]	cos(cos(-4))	None	0.29753459959575324	0.5381557027967914	1	483.4019351988045	99998	96011	13.0	492.0024189985056	2312	3989	866	1500	1	0.19105456786259079	116.0	0.29753459959575324	0.29753459959575324	0.0885268379566052	1
[3, 8]	[[-9.977707586000001, 56.81491511520001], [0.7097516872499998, 3.35188158475]]	[-71.9766787082, 55.559821444849995]	0.7302361316880179	0.9085187618307493	1	515.0360425748406	99929	96011	0.15384615384615385	515.0360425748406	1243	1243	465	465	1	0.7245030666906583	66.34000000000003	0.7302361316880179	0.7302361316880179	0.5332448080226803	1
[3, 8, 12, 1, 5, 11, 4, 9, 7]	[[59.1137047888, 123.08206201120001], [1.4788608747499998, 4.22069378725], [3.3279139837750003, 5.677676368225001], [-4.84533091868, 24.633799308679997], [2.0421791285349995, 5.088874461465], [1.7743090505149997, 4.419796391485], [136.48710318372, 192.38301441628002], [3.3683392990099996, 6.06199529099], [-1.00832882669, 1.28795718069]]	[-54.740896711450006, 56.253751253450005]	0.9999761816499464	1.0	1	592.75	97526	96026	0.6923076923076923	592.75	4	4	2	2	1	1.00000000000145	0.3946666666666667	0.9999761816499464	0.9999761816499464	0.9999523638672065	1
[3]	[[-9.977707586000001, 58.987106650399994]]	[-63.22392462285, 55.559821444849995]	0.7466280828354382	0.8940053794812238	2	469.6779669894755	99998	96054	0.07692307692307693	949.6949174736889	2400	2432	911	922	1	0.7370375507326506	143.89600000000007	0.7466280828354382	0.7466280828354382	0.5574534940785221	1
[3]	[[30.263368666399998, 41.4358949812]]	[-42.111515092699996, 53.0199621575]	0.9185598187187608	0.8901745737488153	1	579.3793179464327	99946	96088	0.07692307692307693	579.3793179464327	440	440	171	171	1	0.9113572827869619	45.486000000000004	0.9185598187187608	0.9185598187187608	0.8437521405646428	1
[3]	[[-9.977707586000001, 44.808119942000005]]	[-30.82298142795, 42.86704468655]	0.951992063927002	0.8717479840290927	1	457.37884717691287	99998	96143	0.07692307692307693	459.4735589711411	1726	1835	667	711	1	0.9358355582354855	212.43400000000003	0.951992063927002	0.951992063927002	0.906288889779993	1
[3]	[[-9.977707586000001, 56.81491511520001]]	[-40.86575991855, 40.758433661]	0.878802803090631	0.8398070772275812	1	469.6022047518858	99998	96296	0.07692307692307693	474.7527559398572	1991	2182	806	887	1	0.8601034064986152	203.43133333333333	0.878802803090631	0.878802803090631	0.7722943667199503	1
[3, 8, 12, 1, 5, 11]	[[60.7637979264, 127.7306718936], [1.1073002522500002, 3.35061808975], [-0.27196533597500006, 2.577746491975], [27.161652846319996, 56.64078307368], [4.055829950745, 5.404367229255], [-1.860671803875, 1.882942357875]]	[-48.7331995925, 48.6305266925]	6.757015295126931e-06	0.6666666666666667	1	619.656	97827	96327	0.46153846153846156	619.656	4	7	2	3	1	0.0067570152951269315	-0.25	6.757015295126931e-06	6.757015295126931e-06	4.565725569857929e-11	1
[3]	[[-9.977707586000001, 56.81491511520001]]	[-44.3437641275, 34.6964487825]	0.8761519444391793	0.8268706570690636	1	469.6022047518858	99998	96438	0.07692307692307693	474.7527559398572	1880	2097	794	887	1	0.8508837586273171	206.80599999999993	0.8761519444391793	0.8761519444391793	0.7676422297445548	1
[8, 5]	div(sqrt(X8), add(X5, 0))	None	0.29710690316018135	0.5380127449487201	1	483.4019351988045	99998	96482	13.0	492.0024189985056	2033	3518	866	1500	1	0.1903557286956294	116.0	0.29710690316018135	0.29710690316018135	0.08827251190543338	1
[0, 2, 3, 9, 11]	div(min(add(X3, min(X3, cos(add(sqrt(cos(X9)), X0)))), X11), sub(X0, sub(X2, X11)))	None	0.31556854482385843	0.5413083415411994	1	483.4019351988045	99998	96497	13.0	492.0024189985056	2034	3503	872	1500	1	0.2064170228387408	122.0	0.31556854482385843	0.31556854482385843	0.09958350648224755	1
[3, 8, 12, 1, 5, 11, 4, 9]	[[62.3733617244, 94.3575403356], [0.69082911025, 1.93711679775], [0.74585723895, 3.0456246790500003], [36.353443838960004, 62.33505014104], [1.9439364247099997, 5.24036088329], [0.7825312864949998, 3.228359205505], [25.73076576532999, 159.48169621467002], [0.006931562009999892, 2.70058755399]]	[-39.954967876750004, 67.14513103675]	8.060254835333185e-06	0.7273914389874361	1	616.0697600000001	99563	96563	0.6153846153846154	616.0697600000001	7	9	3	4	1	0.008060254835333186	-0.08533333333333326	8.060254835333185e-06	8.060254835333185e-06	6.496770801051198e-11	1
[3, 8, 12, 1, 5, 11, 4, 9, 7, 2]	[[49.561119158800004, 88.5418368412], [2.62436827125, 5.26649816875], [2.7912900465750003, 4.3411333214250005], [14.502921093519998, 51.476745446479995], [-0.16172875972500012, 3.0847498737250003], [2.380511046475, 4.626679543525], [-38.141430868690016, 99.60206466869002], [-0.5114314691050001, 1.134691637105], [3.584250908945, 5.431263567055], [0.6875053766099999, 3.3286436313900003]]	[-59.883307808450006, 51.111340156450005]	0.9999761717563809	1.0	1	612.0	98077	96577	0.7692307692307693	612.0	4	4	2	2	1	1.00000000000145	0.3933333333333333	0.9999761717563809	0.9999761717563809	0.9999523440805469	1
[9]	sqrt(add(-4, X9))	None	0.2971344044448309	0.5380219394313477	1	483.4019351988045	99998	96651	13.0	492.0024189985056	1937	3349	866	1500	1	0.1904006809164793	116.0	0.2971344044448309	0.2971344044448309	0.08828885430478435	1
[7]	sqrt(X7)	None	0.3103899258382725	0.5405304517352888	1	483.4019351988045	99998	96727	13.0	492.0024189985056	1898	3273	870	1500	1	0.2026353313291704	120.0	0.3103899258382725	0.3103899258382725	0.09634190606188832	1
[9, 5]	div(X5, cos(X9))	None	0.3000111845094079	0.5385017346782583	1	483.4019351988045	99998	96727	13.0	492.0024189985056	1893	3273	867	1500	1	0.1927453391253594	117.0	0.3000111845094079	0.3000111845094079	0.09000671083073798	1
[3]	[[-9.977707586000001, 54.2691333808]]	[-44.3437641275, 48.6389730912]	0.9449319728428125	0.8998364650863087	2	469.5883990575046	99998	96728	0.07692307692307693	949.4709976437615	1815	1849	832	848	1	0.9287613729569417	211.264	0.9449319728428125	0.9449319728428125	0.8928964333006097	1
[3]	[[-9.977707586000001, 64.80073746320001]]	[-62.6672775025, 53.0199621575]	0.6966625379177698	0.880883604497654	3	470.6974280326999	99998	96728	0.07692307692307693	1428.3653551226248	2121	2168	973	993	1	0.6846299001195187	156.09199999999998	0.6966625379177698	0.6966625379177698	0.485338691738028	1
[3, 5]	min(cos(cos(X5)), X3)	None	0.30398523205308686	0.5393488150118122	1	483.4019351988045	99998	96829	13.0	492.0024189985056	1842	3171	868	1500	1	0.19687960703371066	118.0	0.30398523205308686	0.30398523205308686	0.09240702130636907	1
[0, 2, 3, 9, 11]	div(min(add(X3, min(X3, cos(add(sqrt(cos(X9)), X0)))), X11), sub(-2, sub(X2, X11)))	None	0.3026107140343181	0.5393690258793729	1	483.4019351988045	99998	96861	13.0	492.0024189985056	1819	3139	867	1500	1	0.19697816587842779	117.0	0.3026107140343181	0.3026107140343181	0.09157324424835984	1
[3]	[[-9.977707586000001, 54.2691333808]]	[-38.6211621192, 42.86704468655]	0.9223657987059041	0.863127574580624	1	469.5883990575046	99998	96895	0.07692307692307693	474.73549882188075	1647	1762	792	848	1	0.9025025366788743	213.664	0.9223657987059041	0.9223657987059041	0.8507586666223803	1
[3]	[[-9.977707586000001, 56.81491511520001]]	[-30.82298142795, 34.6964487825]	0.8519363472953604	0.7753358691789688	1	469.6022047518858	99998	96991	0.07692307692307693	474.7527559398572	1478	1780	736	887	1	0.816515481162175	208.53066666666666	0.8519363472953604	0.8519363472953604	0.7257955398429609	1
[3]	[[-9.977707586000001, 54.2691333808]]	[-42.111515092699996, 21.753430765950004]	0.8239415762146908	0.7445888847810948	1	469.5883990575046	99998	97096	0.07692307692307693	474.73549882188075	1310	1644	678	848	1	0.789310583150776	201.42399999999998	0.8239415762146908	0.8239415762146908	0.678879721015149	1
[3]	[[-9.977707586000001, 56.81491511520001]]	[-42.115939118, 59.1042014255]	0.8237998719895427	0.8639964421316702	1	469.6022047518858	99998	97227	0.07692307692307693	474.7527559398572	1567	1649	842	887	1	0.8123416693819483	170.8366666666666	0.8237998719895427	0.8237998719895427	0.6786462290899871	1
[3, 8, 12, 1, 5, 11, 4, 9, 7]	[[58.44950407280001, 117.4203333872], [2.3379302402500004, 5.37887219775], [1.8549051191749997, 3.804707948825], [26.868395466080006, 62.343280993920004], [-0.363336704425, 1.884225426425], [0.3043694761399999, 1.7019854298600001], [130.09950508371998, 185.99541631628], [0.7074862386799998, 4.29902756132], [-1.205730703565, 2.3385368295649998]]	[-36.68643984975, 31.468168549750004]	0.9999806813372646	1.0	1	641.0	98797	97297	0.6923076923076923	641.0	3	3	2	2	1	1.00000000000145	0.796	0.9999806813372646	0.9999806813372646	0.9999613630477399	1
[]	sqrt(-4)	None	0.3028800929728584	0.5389799972561921	2	483.4019351988045	99998	97301	13.0	984.0048379970112	1564	2699	868	1500	1	0.1950803794684087	118.0	0.3028800929728584	0.3028800929728584	0.09173635071924735	1
[]	cos(cos(-2))	None	0.2977101212017172	0.5382143503352418	1	483.4019351988045	99998	97301	13.0	492.0024189985056	1566	2699	866	1500	1	0.19134120770851157	116.0	0.2977101212017172	0.2977101212017172	0.08863131626594115	1
[3, 8, 12, 1, 5, 11, 4]	[[52.1473635728, 111.1181928872], [-1.1793158830000001, 1.612368537], [3.176242894275, 6.525904165725], [34.32735931384, 63.306843266159994], [3.24086854049, 5.937943097510001], [0.4334914058699999, 4.12719071213], [154.69363899161, 232.54865820839]]	[-41.94015262515, 34.003553877150004]	0.15048126369684162	0.6666666666666667	1	608.6	98811	97311	0.5384615384615384	608.6	3	5	2	3	1	0.15127757604482348	0.06400000000000006	0.15048126369684162	0.15048126369684162	0.02264461072379838	1
[3]	[[-9.977707586000001, 56.81491511520001]]	[-71.9766787082, 59.1042014255]	0.5851334170541637	0.905143801214503	3	469.6022047518858	99998	97315	0.07692307692307693	1424.2582678195715	1594	1594	887	887	1	0.5776081495793738	113.53600000000006	0.5851334170541637	0.5851334170541637	0.34238111575348185	1
[3]	[[-9.977707586000001, 64.80073746320001]]	[-42.115939118, 55.559821444849995]	0.7366951396353772	0.8328699219929067	2	470.6974280326999	99998	97315	0.07692307692307693	952.2435700817498	1635	1784	910	993	1	0.7162687413105979	173.19399999999996	0.7366951396353772	0.7366951396353772	0.5427197287623879	1
[3, 12]	div(X3, add(X12, -4))	None	0.33493185411253606	0.544943602563378	2	483.4019351988045	99998	97506	13.0	984.0048379970112	1468	2494	878	1500	1	0.22400878607542948	128.0	0.33493185411253606	0.33493185411253606	0.11217934689926114	1
[3, 9]	[[-9.977707586000001, 54.2691333808], [-0.4985931327, 1.651675268695]]	[-42.115939118, 39.674014986699994]	0.9389867650939969	0.8831759144011225	1	490.76170791110223	99920	97663	0.15384615384615385	501.20213488887777	421	443	282	296	1	0.9316159917011306	80.32533333333333	0.9389867650939969	0.9389867650939969	0.8816961450216889	1
[3]	[[-9.977707586000001, 56.81491511520001]]	[-40.86575991855, 68.2270871422]	0.6777435586391695	0.8472980353838621	2	469.6022047518858	99998	97686	0.07692307692307693	949.5055118797144	1285	1363	834	887	1	0.6677147339281565	145.0966666666667	0.6777435586391695	0.6777435586391695	0.45933633127688533	1
[3]	sin(mul(add(min(add(X3, min(X3, cos(sqrt(X3)))), cos(X3)), sqrt(X3)), 0))	None	0.29191227950417137	0.5372434016760612	1	483.4019351988045	99998	97905	13.0	492.0024189985056	1212	2095	864	1500	1	0.18659164311154083	114.0	0.29191227950417137	0.29191227950417137	0.08521277892532146	1
[3, 0, 4]	[[-9.977707586000001, 54.2691333808], [0.08123338445, 0.70948889555], [-19.647454142200004, 96.75379613266]]	[-44.3437641275, 42.86704468655]	0.9091954048807879	0.8734989315416684	1	485.99486859141285	99998	97905	0.23076923076923078	485.99486859141285	337	353	240	252	1	0.9020622666025834	61.91999999999999	0.9091954048807879	0.9091954048807879	0.8266362842563398	1
[3, 8, 12, 1, 5, 11, 4, 9, 7, 2, 6]	[[46.255254018799995, 85.23597170119999], [2.65316638075, 4.59737517325], [2.137492905675, 5.087194622325], [3.439976509040001, 27.42299771096], [2.9842718687499996, 5.48156312525], [2.2725577068700002, 5.966257013130001], [109.97440546769, 171.85916433231], [0.06301588497499977, 3.305379579025], [1.6177256004899998, 3.3149804755099996], [3.0244990586099996, 5.66563731339], [2.33844528575, 7.32546978625]]	[-35.7793786582, 65.4788966782]	0.9999771577476514	1.0	1	575.6666666666666	99431	97931	0.8461538461538461	575.6666666666666	3	3	2	2	1	1.00000000000145	0.5093333333333334	0.9999771577476514	0.9999771577476514	0.9999543160170713	1
[]	cos(cos(cos(cos(-4))))	None	0.30396702913672513	0.5393427437968047	1	483.4019351988045	99998	97997	13.0	492.0024189985056	1159	2003	868	1500	1	0.19684999983297147	118.0	0.30396702913672513	0.30396702913672513	0.0923959548022067	1
[3, 8, 12, 1, 5]	[[52.8111450236, 85.79482921639999], [3.1598591825000004, 6.0512466175], [3.0558874558, 6.2555638942], [25.45918942384, 54.43867337616], [-0.07968076355500009, 2.267773017555]]	[-12.365711094100002, 38.2634265741]	0.10317509222182732	0.5101354662231845	1	585.2197691827546	99718	98010	0.38461538461538464	585.2197691827546	17	30	11	20	1	0.10286443043754184	1.213333333333333	0.10317509222182732	0.10317509222182732	0.010645099654982572	1
[3, 8, 12, 1, 5, 11, 4, 9, 7, 2]	[[61.496666907599995, 89.48282319239999], [1.4495109612500001, 3.89223482875], [3.1763793660000004, 5.17617714], [12.45328574696, 25.943735173040004], [2.6600483138850004, 6.206201898115], [-0.989456484035, 1.1568823020349999], [-21.727794430700015, 118.01198365070002], [2.0266766150799995, 3.62291720292], [0.07669617306999998, 3.17169035693], [2.5666835283899996, 4.90882499961]]	[-42.75621689635, 56.55478391435]	0.9999769819737987	1.0	1	607.6666666666666	98029	98029	0.7692307692307693	607.6666666666666	3	3	2	2	1	1.00000000000145	0.4906666666666666	0.9999769819737987	0.9999769819737987	0.9999539644774269	1
[5]	sqrt(cos(X5))	None	0.30409632940567655	0.5393858666671936	2	483.4019351988045	99998	98077	13.0	984.0048379970112	1113	1923	868	1500	1	0.19706028748111315	118.0	0.30409632940567655	0.30409632940567655	0.09247457755800574	1
[3, 8, 12, 1, 5, 11]	[[75.7141418704, 112.6958483896], [3.8949660984999994, 5.1911052935], [1.4686119692, 4.2683288528], [7.432168251999999, 19.923325128], [-0.053199818244999975, 3.592845416245], [1.1319660384949999, 3.577793957505]]	[-52.7111450015, 44.6525812835]	5.704776961092839e-06	0.5658492480724594	1	617.6800000000001	99689	98189	0.46153846153846156	617.6800000000001	4	6	3	5	1	0.005704776961092839	-0.7433333333333336	5.704776961092839e-06	5.704776961092839e-06	3.254448017581564e-11	1
[9, 3]	sqrt(add(sub(-4, X3), X9))	None	0.2777359534832015	0.534446448054614	1	483.4019351988045	99998	98205	13.0	492.0024189985056	1028	1795	860	1500	1	0.1728630722892831	110.0	0.2777359534832015	0.2777359534832015	0.07713725985722307	1
[3]	[[-9.977707586000001, 40.2486203084]]	[-37.132547367, 55.559821444849995]	0.970766671574072	0.9214376546969842	2	450.80974055571943	99998	98250	0.07692307692307693	902.5243513892985	758	758	641	641	1	0.9584189255438039	176.916	0.970766671574072	0.970766671574072	0.9423879306390023	1
[3]	[[3.294348719200002, 56.81491511520001]]	[-44.3437641275, 34.6964487825]	0.845127410872342	0.8181315906628718	1	478.05105452493177	99998	98250	0.07692307692307693	485.3138181561647	871	981	743	836	1	0.8304606786679528	189.56799999999998	0.845127410872342	0.845127410872342	0.7142403406077884	1
[8, 3]	sqrt(add(X3, min(X3, cos(sqrt(cos(add(sqrt(X3), X8)))))))	None	0.26858761601426495	0.5328546433179895	1	483.4019351988045	99998	98284	13.0	492.0024189985056	984	1716	857	1500	1	0.16502023094848864	107.0	0.26858761601426495	0.26858761601426495	0.07213930747622624	1
[3, 0]	[[-9.977707586000001, 56.81491511520001], [0.4000750906, 0.8388567174]]	[-71.9766787082, 55.559821444849995]	0.6290781086470306	0.898317875781809	1	509.7569213976236	99998	98284	0.15384615384615385	509.7569213976236	449	449	389	389	1	0.6241396268226435	55.49733333333336	0.6290781086470306	0.6290781086470306	0.39573926677892524	1
[3, 8, 12, 1, 5, 11, 4, 9, 7, 2, 6]	[[58.94023792360001, 116.9115616564], [-0.7290636000000001, 2.4614328800000003], [1.8360076688250002, 3.885800387175], [-3.1291631964800004, 33.84466115648], [4.23286054105, 5.73123529495], [3.10816717883, 6.402547641170001], [134.40247544352, 230.22403755648], [0.11939754419499993, 2.763171017805], [-0.825734964235, 1.620308826235], [-1.53803135795, 1.70110046395], [2.8865385407000006, 8.8709679413]]	[-30.663244225800003, 23.860442493800004]	0.9999834655811588	1.0	1	635.0	99788	98288	0.8461538461538461	635.0	3	3	2	2	1	1.00000000000145	0.964	0.9999834655811588	0.9999834655811588	0.9999669314357046	1
[3]	sqrt(add(X3, cos(-2)))	None	0.2720175296896331	0.5335127990683386	1	483.4019351988045	99998	98336	13.0	492.0024189985056	954	1664	858	1500	1	0.16826549238301	108.0	0.2720175296896331	0.2720175296896331	0.07399353645845043	1
[8]	sqrt(X8)	None	0.3066879891434623	0.5397726079547669	2	483.4019351988045	99998	98336	13.0	984.0048379970112	969	1664	869	1500	1	0.1989454320279376	119.0	0.3066879891434623	0.3066879891434623	0.09405752268486045	1
[0, 2, 3, 5, 8]	div(min(add(X3, min(X8, cos(add(sqrt(X8), X0)))), X5), X2)	None	0.31085282802602743	0.5406845444598841	1	483.4019351988045	99998	98398	13.0	492.0024189985056	932	1602	870	1500	1	0.2033849198652956	120.0	0.31085282802602743	0.31085282802602743	0.09662948069177899	1
[3, 8, 12, 1, 5, 11, 4, 9, 7]	[[46.162538907999995, 86.142762172], [-0.7234762935000001, 2.9655352615], [3.4962116009, 6.0959487071], [22.62530425416, 43.610447805839996], [3.4305915572249996, 5.1786954367749995], [0.6552121477699997, 3.3506143442300003], [17.198817709349996, 146.95718307065], [2.235363049005, 3.582191044995], [3.4339847218550004, 5.580512946145]]	[-77.99885732380001, 54.41581042380001]	0.8941700793605419	0.9431973230758318	1	604.4399999999999	98403	98403	0.6923076923076923	604.4399999999999	6	6	5	5	1	0.8978030906774872	0.6466666666666665	0.8941700793605419	0.8941700793605419	0.7995401308236378	1
[3]	[[-9.977707586000001, 40.2486203084]]	[-40.86575991855, 59.1042014255]	0.9618243070571635	0.9215658692382066	1	450.80974055571943	99998	98514	0.07692307692307693	451.2621756946493	635	635	635	635	0	0.9500553053599378	160.2456258411844	0.9618243070571635	0.9618243070571635	0.9251059976459927	1
[3]	[[38.378004282800006, 54.2691333808]]	[-62.6672775025, 68.2270871422]	0.06353003877799138	0.8554373702613663	1	656.7182032471503	99905	98540	0.07692307692307693	656.7182032471503	235	235	235	235	0	0.016932864939864584	31.160220994475154	0.06353003877799138	0.06353003877799138	0.004036065827133088	1
[3, 0]	[[-9.977707586000001, 56.81491511520001], [0.4000750906, 0.8388567174]]	[-30.82298142795, 21.753430765950004]	0.7186803852621119	0.6800377056894056	1	509.7569213976236	99998	98636	0.15384615384615385	509.7569213976236	257	357	257	357	0	0.7130337616755722	83.2472487160675	0.7186803852621119	0.7186803852621119	0.5165014961604976	1
[3]	[[-9.977707586000001, 44.808119942000005]]	[-44.3437641275, 68.2270871422]	0.9001379687929216	0.9076597411615877	1	457.37884717691287	99998	98714	0.07692307692307693	459.4735589711411	620	620	620	620	0	0.8893764684553732	147.04510108864696	0.9001379687929216	0.9001379687929216	0.8102483628626468	1
[3, 4, 5]	sqrt(max(add(X5, X4), X3))	None	0.19537613902838874	0.5176494985400427	1	483.4019351988045	99998	98811	13.0	492.0024189985056	664	1189	664	1189	0	0.08921330747380804	87.67872161480236	0.19537613902838874	0.19537613902838874	0.03817183570164029	1
[4]	[[151.58005244352, 20.278196738200002]]	[-40.86575991855, 48.6389730912]	1.0	1.0	1	538.1327901252773	98941	98941	0.07692307692307693	538.1327901252773	1	1	1	1	0	1.0	1	1.0	1.0	1.0	1
[3]	sqrt(cos(X3))	None	0.3368042371555975	0.5460690549675462	1	483.4019351988045	99998	99013	13.0	492.0024189985056	577	987	577	987	0	0.229427003316172	126.89969604863222	0.3368042371555975	0.3368042371555975	0.11343709416596395	1
[3]	[[-9.977707586000001, 58.987106650399994]]	[-42.111515092699996, 53.0199621575]	0.8366489655568211	0.8546759159919779	1	469.6779669894755	99998	99118	0.07692307692307693	474.84745873684443	508	545	508	545	0	0.8234650020822091	183.62244897959187	0.8366489655568211	0.8366489655568211	0.6999814915672988	1
[3]	[[3.294348719200002, 56.81491511520001]]	[-40.86575991855, 40.758433661]	0.8916128198505793	0.8475092915218303	1	478.05105452493177	99998	99143	0.07692307692307693	485.3138181561647	436	474	436	474	0	0.8762941825866296	199.52625437572925	0.8916128198505793	0.8916128198505793	0.7949734205219016	1
[3]	[[-9.977707586000001, 41.4358949812]]	[-30.82298142795, 42.86704468655]	0.9949400408884742	0.9155714204357274	1	456.46232402875995	99998	99167	0.07692307692307693	458.3279050359499	370	377	370	377	0	0.9704750541512678	232.24129651860747	0.9949400408884742	0.9949400408884742	0.9899056849631588	1
[11]	div(cos(-2), sqrt(X11))	None	0.31267756919452117	0.5417984531568594	1	483.4019351988045	99998	99218	13.0	492.0024189985056	453	782	453	782	0	0.20879662035675203	118.92583120204604	0.31267756919452117	0.31267756919452117	0.09776726227739457	1
[9]	sqrt(add(-2, X9))	None	0.31907795116466575	0.5430161494080605	1	483.4019351988045	99998	99218	13.0	492.0024189985056	454	782	454	782	0	0.21469835023918854	120.84398976982096	0.31907795116466575	0.31907795116466575	0.10181073891944083	1
[3]	[[3.294348719200002, 54.2691333808]]	[-62.6672775025, 53.0199621575]	0.8699569846364555	0.9112978131349843	1	478.0297750598226	99998	99238	0.07692307692307693	485.2872188247783	404	404	404	404	0	0.85965018227622	141.02887139107617	0.8699569846364555	0.8699569846364555	0.7568251551177542	1
[3, 8]	[[-9.977707586000001, 56.81491511520001], [-0.20545262575, 3.4895860534999996]]	[-63.22392462285, 55.559821444849995]	0.8586397258152341	0.914109608393218	1	485.89073182321386	99973	99258	0.15384615384615385	495.1134147790173	303	303	303	303	0	0.8516039983608586	102.90566037735854	0.8586397258152341	0.8586397258152341	0.7372621787480603	1
[3]	[[-9.977707586000001, 58.987106650399994]]	[-62.6672775025, 42.86704468655]	0.7449144663454018	0.8619965462061797	1	469.6779669894755	99998	99281	0.07692307692307693	474.84745873684443	416	437	416	437	0	0.7344928079197975	154.93602225312927	0.7449144663454018	0.7449144663454018	0.5548975621706548	1
[3]	[[-9.977707586000001, 54.2691333808]]	[-42.115939118, 55.559821444849995]	0.9338001965754846	0.8984761892283615	1	469.5883990575046	99998	99281	0.07692307692307693	474.73549882188075	392	401	392	401	0	0.9203602087498922	197.0611961057024	0.9338001965754846	0.9338001965754846	0.8719828071244138	1
[3]	[[-9.977707586000001, 54.2691333808]]	[-40.86575991855, 59.1042014255]	0.908612651752788	0.8895045425196296	1	469.5883990575046	99998	99295	0.07692307692307693	474.73549882188075	383	394	383	394	0	0.8962732414665613	186.17021276595744	0.908612651752788	0.908612651752788	0.8255769509252333	1
[3, 4]	[[3.294348719200002, 54.2691333808], [70.37338135929998, 210.11315944070003]]	[-71.9766787082, 34.6964487825]	0.6569148885332444	0.8358681716668854	1	486.6954243036324	99946	99295	0.15384615384615385	496.1192803795405	231	247	231	247	0	0.6505592848507398	89.98297872340426	0.6569148885332444	0.6569148885332444	0.43153717077664494	1
[3]	[[-9.977707586000001, 58.987106650399994]]	[-44.3437641275, 21.753430765950004]	0.7589965469421677	0.7261491280885664	1	469.6779669894755	99998	99319	0.07692307692307693	474.84745873684443	326	417	326	417	0	0.7199664891597297	189.61674008810567	0.7589965469421677	0.7589965469421677	0.5760757582701341	1
[3]	[[-9.977707586000001, 40.2486203084]]	[-44.0378340164, 34.6964487825]	0.9759488402785588	0.9084654565061975	1	450.80974055571943	99998	99416	0.07692307692307693	451.2621756946493	250	257	250	257	0	0.9620108422775385	205.1352739726027	0.9759488402785588	0.9759488402785588	0.9524761388410639	1
[3]	[[3.294348719200002, 58.987106650399994]]	[-37.132547367, 55.559821444849995]	0.8251998910812552	0.8459406322367649	1	478.12001468345824	99998	99416	0.07692307692307693	485.4000183543228	312	336	312	336	0	0.8130046314158117	176.5479452054795	0.8251998910812552	0.8251998910812552	0.6809548602405155	1
[3]	[[-9.977707586000001, 54.2691333808]]	[-44.0378340164, 53.0199621575]	0.9482514034653574	0.9095012680636183	2	469.5883990575046	99998	99489	0.07692307692307693	949.4709976437615	276	279	276	279	0	0.934866521699085	198.12328767123287	0.9482514034653574	0.9482514034653574	0.8991807241740201	1
[8]	div(sqrt(X8), add(-2, 0))	None	0.3133226255522847	0.5422498911123221	1	483.4019351988045	99998	99563	13.0	492.0024189985056	253	437	253	437	0	0.21098632493170483	118.42105263157895	0.3133226255522847	0.3133226255522847	0.0981710676829772	1
[3, 5]	div(cos(cos(X3)), X5)	None	0.31392283459132037	0.5424483472525894	1	483.4019351988045	99998	99563	13.0	492.0024189985056	253	437	253	437	0	0.21194828886325542	118.42105263157895	0.31392283459132037	0.31392283459132037	0.09854754607784949	1
[3]	[[-9.977707586000001, 41.4358949812]]	[-63.22392462285, 42.86704468655]	0.9379752089934531	0.9180645778227028	1	456.4623240287599	99998	99673	0.07692307692307693	458.32790503594987	152	152	152	152	0	0.9269477091659418	151.07033639143734	0.9379752089934531	0.9379752089934531	0.879797492686312	1
[3]	[[-9.977707586000001, 54.2691333808]]	[-30.82298142795, 55.559821444849995]	0.9378271933584416	0.8692109866151125	1	469.5883990575046	99998	99673	0.07692307692307693	474.73549882188075	177	186	177	186	0	0.9082473520450232	224.9174311926606	0.9378271933584416	0.9378271933584416	0.8795198446025717	1
[3]	[[3.294348719200002, 64.80073746320001]]	[-62.6672775025, 53.0199621575]	0.5559943565401329	0.8638925919340961	1	479.37505899359945	99998	99706	0.07692307692307693	486.9688237419993	183	190	183	190	0	0.5306345797943637	136.19047619047618	0.5559943565401329	0.5559943565401329	0.30912972450447634	1
[3]	[[-9.977707586000001, 64.80073746320001]]	[-44.3437641275, 55.559821444849995]	0.6380649035549623	0.8249670904069788	1	470.6974280326999	99998	99706	0.07692307692307693	476.1217850408749	179	198	179	198	0	0.6199250993851406	150.22448979591843	0.6380649035549623	0.6380649035549623	0.40712682114860327	1
[3]	sqrt(cos(add(X3, 0)))	None	0.42167584075403797	0.5644986154244175	1	483.4019351988045	99998	99788	13.0	492.0024189985056	127	212	127	212	0	0.3159891692200188	148.58490566037736	0.42167584075403797	0.42167584075403797	0.17781051467562478	1
[5]	cos(X5)	None	0.42232347326329506	0.5647120470655596	1	483.4019351988045	99998	99788	13.0	492.0024189985056	127	212	127	212	0	0.3169653522145876	148.58490566037736	0.42232347326329506	0.42232347326329506	0.1783571160691731	1
[3, 9]	[[-9.977707586000001, 41.4358949812], [1.1781773637500002, 3.67230328225]]	[-42.111515092699996, 42.86704468655]	0.9840290001384643	0.9370754635389273	1	466.0844703667841	99973	99813	0.15384615384615385	470.3555879584801	47	47	47	47	0	0.9761662313810312	115.61497326203208	0.9840290001384643	0.9840290001384643	0.9683130731135058	1
[3, 9]	[[-9.977707586000001, 54.2691333808], [3.138179696785, 5.083597913215]]	[-40.86575991855, 53.0199621575]	0.8825181590232848	0.8700364136343328	1	484.1714197621066	99998	99813	0.15384615384615385	484.1714197621066	39	41	39	41	0	0.8755909978480942	74.0268817204301	0.8825181590232848	0.8825181590232848	0.7788383010058477	1
[3]	[[3.294348719200002, 34.4492857146]]	[-63.22392462285, 48.6389730912]	0.9467155886794186	0.9331001583422789	1	449.3196406483458	99998	99866	0.07692307692307693	449.39955081043223	58	58	58	58	0	0.9380277857538852	124.2238805970149	0.9467155886794186	0.9467155886794186	0.8962704058486182	1
[3]	[[-9.977707586000001, 58.987106650399994]]	[-37.132547367, 55.559821444849995]	0.9464392128613145	0.8661432984849629	1	469.67796696144256	99998	99866	0.07692307692307693	474.8474587018032	90	95	90	95	0	0.8701254749243209	237.53731343283582	0.9464392128613145	0.9464392128613145	0.8957471836415446	1
[3, 0]	[[-9.977707586000001, 56.81491511520001], [-0.06579551425, 0.18351222825000002]]	[-63.22392462285, 55.559821444849995]	0.9253365428985095	0.9335907154962492	1	460.34650236029614	99973	99892	0.15384615384615385	463.1831279503702	17	17	17	17	0	0.9195610223576397	39.666666666666664	0.9253365428985095	0.9253365428985095	0.8562477176233652	1
[3, 4]	[[-9.977707586000001, 58.987106650399994], [84.36897135141001, 202.14964144859002]]	[-37.132547367, 42.86704468655]	0.9596201146975607	0.8957266772076161	1	476.6417347668019	99946	99946	0.15384615384615385	483.55216845850236	20	21	20	21	0	0.9477282977066808	161.61111111111111	0.9596201146975607	0.9596201146975607	0.9208707645321595	1
