InstanceID	N1	N2	N3	X	N4	N5	Class
477	203.31882851663858	190.66668794696824	342.41292250193925	672.5112936526489	196.8977624253236	160.60168218709097	-13.5177704418902
421	1163.2017189921964	1144.2538187159619	1071.7065348399412	1669.8205673078542	1234.5479476774071	1140.6732727734343	4.59890619103152
178	80.67389192266042	41.375570542952254	177.3539787607131	487.88055854482457	58.69521230962445	59.53589980213928	-10.9998922720577
576	508.5502580752296	541.7667302047038	499.32675596943875	821.4743136953683	562.0229074045743	481.2165931758632	9.75431760235675
387	120.67117346925559	103.55260989457359	247.42863082055618	558.7257069566566	107.43141016208253	60.604447486778795	-10.9998922720577
183	1089.4490662806697	1082.3636871177669	938.6908761748928	1277.6675532831625	1146.6731947571827	1062.7963368796857	2.84766698359609
606	1126.1031250562153	1104.9992478513152	1084.0076529624032	1736.1325325429198	1191.8474241945182	1091.4733988765388	0.423360024179602
212	1112.4784880135035	1100.6324541828164	1086.302060451995	1675.0429960165309	1153.482958224328	1096.8010265192959	0.841470984807897
617	1078.6961756057076	1070.857056205709	935.6870065805517	1528.6555055720705	1146.4789720683755	1090.7437576637255	3.70906636717581
433	1141.7872913284984	1118.7939124931859	1121.1616976967077	1722.5736343847325	1201.5248981482953	1112.0317429245706	0.841470984807897
398	8.329494287721182	9.993654232007001	115.38373610270294	410.00576417049115	4.999403960391706	4.241350551230428	-16.3437573619525
145	26.864817043911465	22.82102703370137	31.039065095982167	225.52682234488455	43.40420045230743	14.25928026229162	18.2589050145526
3	1095.5363956047736	1066.4126551548566	998.1278443546671	1597.6881770702978	1148.520087907393	1059.0572888552656	-6.43887501600522
316	1144.7998790408149	1098.531813439612	1096.7083473446762	1699.0475619180336	1174.102907158191	1103.5703718710304	0.0
153	1092.874674006724	1046.6644095703405	958.5061309257324	1552.111816129126	1111.4325389754683	1029.7764619835498	-4.60645306664104
616	1116.938169089036	1105.8978983613267	1105.163752069284	1728.3541649406284	1165.3829235455626	1079.1740098775022	0.423360024179602
284	1132.0119404087923	1090.2760818862691	1044.4928102572155	1728.32890823906	1179.5510317313463	1062.8548861820366	-3.02720998123171
494	1125.783849114891	1106.795075619915	1030.0379074100956	1639.605139495993	1173.7453126454618	1100.0307146911628	-1.67649298919356
84	49.30586279995059	29.07911010826846	75.25620980544313	283.5002139448846	69.36767634436838	39.88112031973161	9.75431760235675
567	22.375971074487964	15.50100540217927	21.625408209029956	204.5000755723756	24.718967578473585	16.299800715955215	13.8685029797282
79	1103.4779238319015	1059.934684704879	973.5706193121392	1529.3772849751113	1141.0519660476125	1066.3344550150134	-4.60645306664104
412	1132.2124189088722	1125.2280956366526	1112.3253338646791	1729.7539525604186	1194.159113631597	1118.2271795900142	0.841470984807897
121	17.21255403192175	15.976387241548071	24.45120880709431	198.9653204019843	28.582690972386654	25.25863194788571	18.2589050145526
431	67.43685520965086	29.160059002633098	193.7953479381768	480.8033290071288	28.119129664129144	50.50269707740397	-10.9998922720577
330	1142.6260903371165	1083.0998611838709	1104.1004882552995	1713.8767095419369	1169.116254731986	1081.9960102698776	-4.79462137331569
14	1124.3812299370218	1112.982278871556	1099.1477221961175	1714.787856835787	1194.9653843336316	1094.5037050963804	-1.67649298919356
486	20.125193107253015	15.865960281436614	138.18388883837505	437.79512551156085	6.837736270101117	24.81462195635693	-16.3437573619525
269	1136.9506444981923	1095.4642003654035	1076.1010378425476	1667.589387628952	1165.1682812767954	1087.0421036402668	-4.79462137331569
0	1099.7869738458946	1087.3398292719241	990.0705649500684	1543.5351686823096	1172.7191059692377	1084.0884271288091	3.70906636717581
358	1103.5371702507061	1089.31704642843	987.932343908837	1545.2343819760085	1166.5173939117365	1082.2140777390225	3.70906636717581
220	25.660121576696756	25.033103996575925	187.11483651310564	471.3785113115929	13.099612669096889	4.000447364530727	-16.3437573619525
117	1089.8302751015674	1078.361460489865	951.5506861174383	1361.1791189671674	1167.3879345666498	1083.1839145198403	5.46217147874633
184	36.79994609679445	26.740772584020352	134.29783364841734	432.13944675757665	22.577963665911447	16.005245571954465	-10.9998922720577
586	1096.2560537452125	1084.7822234904675	930.6010669531366	1291.7854498631334	1165.3597444080867	1079.682325985165	2.84766698359609
536	1086.5452971167788	1082.1246407820604	961.8422543504779	1579.5828678505727	1139.0795918019778	1066.8047508863347	4.59890619103152
348	1121.929560417452	1074.37265041762	1047.2676623025404	1619.060273018119	1150.491159417359	1063.0189371708925	-4.79462137331569
103	14.111863504774432	12.787868344709468	130.11493064149707	434.2640380042187	4.611668474791071	26.186306470378877	-16.3437573619525
155	49.407020442644864	27.368392602003915	193.22398745466626	507.3978648305337	21.543950349868698	37.78814677750523	-13.5177704418902
452	1124.6587689975047	1080.7669121298682	1024.0425514761182	1671.0415426925936	1152.9042607035287	1056.2820888465133	-5.4402111088937
589	1091.7927507132322	1075.4535835950073	990.6247493846556	1544.0420292790604	1151.2873779023707	1070.1134317790559	-4.60645306664104
276	1130.8065508699103	1098.6923415819087	1128.3821967525762	1712.526720722338	1175.746030879515	1109.039617880707	0.423360024179602
614	1053.4019216837253	1043.0833036314546	982.8663976167957	1564.2164642131504	1095.1328191731236	1016.9986941704003	-4.79462137331569
444	1102.6870443408159	1087.388891965033	958.5410327406919	1616.4186228784245	1133.590577644564	1083.163815836735	-3.02720998123171
560	23.061421046811887	7.875302297367147	38.106831704782294	209.47438761153313	30.955413985812843	11.909130695370862	18.2589050145526
527	1083.9838124251232	1070.5668212004161	926.5730961754039	1284.8487592912795	1150.8562960293314	1087.9730034219713	2.84766698359609
239	1117.1570352167762	1098.2795306439887	974.9759626404176	1525.0529786584484	1199.2954140117536	1094.035895741142	3.70906636717581
274	38.53121206643571	33.183816540802276	43.183382125784846	234.4581823041388	47.970283870199765	24.295474877847433	13.8685029797282
478	1083.849732135222	1018.3731214186884	891.8716527082898	1499.4831519013985	1091.3577599319494	1024.5042977047506	-6.43887501600522
118	1126.6647186015398	1040.7024383196551	1017.3976367615068	1635.22341072494	1128.3418481497674	1040.5304362335949	-5.4402111088937
425	99.8045912856099	66.56885592131201	205.26786848169687	487.59968312637034	68.1033430437444	21.11668503876524	-10.9998922720577
604	10.080125081510005	14.231336167784939	167.68912660401313	458.68543306525663	4.963919204803289	5.920211044001679	-16.3437573619525
146	56.25869448713348	33.266148838658395	74.79462421308665	269.7209755310335	50.361918590623475	25.13189619863276	13.8685029797282
60	21.79106725606192	21.029979304583474	126.74883430564739	420.9127717736745	18.03449851192241	17.888619162204762	-16.3437573619525
506	1127.0473403653793	1092.5629576798756	1017.6784583597287	1627.9726117775047	1175.4381031682815	1088.0510095823765	-1.67649298919356
113	171.9210382028104	160.392868633939	237.81835313371838	599.888459522999	144.2724494982643	126.11025915778845	-10.9998922720577
42	175.1739711148744	171.86283678897908	268.6672265110507	620.0788149776034	214.98600842490836	169.95574152800427	-10.9998922720577
334	1093.8933267003881	1070.5251667165471	979.4772295019392	1553.9392245020697	1139.9024406157253	1078.9182489759573	3.70906636717581
298	1085.94227772438	1083.4941438081646	1001.3521678756501	1558.222710415383	1144.941317699984	1072.0187838323122	-4.60645306664104
253	41.21601667051251	9.339735802251477	71.06192997931272	275.75816516623337	69.42190749583486	36.67460743518062	13.8685029797282
488	1090.2016021563045	1095.9594860296174	947.5938137358324	1294.3108318093282	1164.7372787018664	1074.821299079504	2.84766698359609
67	1109.209494866691	1086.0558090145207	1020.2371722538874	1653.2998884317171	1178.5311173937037	1073.7240995323148	0.841470984807897
241	703.9252918827324	715.0563300830747	656.4864407702057	1152.3556654137758	668.6262583463284	645.7456306884926	-6.43887501600522
462	15.078099563718208	21.30677459770587	118.73804560091313	415.69751734605035	8.259958101063994	12.928048358231063	-13.5177704418902
34	1079.969252402925	1058.1378698880808	930.6698528471028	1335.3997262650569	1152.4842673296612	1083.397808112599	5.46217147874633
165	1104.5433312012754	1081.9832123739438	986.2248803330533	1610.0100720099738	1166.2104277864846	1078.2699889413234	-3.02720998123171
409	695.8465841080662	707.6695273203495	604.4254701144073	1130.5662177592544	663.0281650566133	663.2232962322995	-6.43887501600522
11	1098.9644225986328	1024.378212624165	982.1744517316829	1589.829505423249	1082.644712256517	1006.513715475016	-5.4402111088937
207	689.847799990686	680.9601117732687	604.2536893542466	1115.57542663228	657.7764522603569	639.4121344232491	-6.43887501600522
602	30.858413683729108	18.9272731994473	208.05161272722015	503.84756015849234	10.784221542674791	5.063308671465627	-16.3437573619525
363	1135.7965052017996	1091.8846461035337	1155.0766027522745	1754.4832835484615	1174.3766503650654	1088.1960020527413	1.81859485365136
367	31.335089179475883	4.477523865030053	21.136399084387747	227.3499604096631	40.06746218010541	12.1256658069793	18.2589050145526
135	1121.1769906567977	1087.8166909074648	1086.4488631030829	1693.4850111045566	1166.5477045711584	1087.3366637639383	1.81859485365136
397	1111.8572342215912	1091.622157036339	1146.4101514672595	1733.8568874192945	1146.1916840938059	1088.8783518237901	0.841470984807897
271	1088.6773158169174	1071.8437462062634	919.8497393947898	1272.2560523964596	1138.7265675144656	1070.7986456245137	2.84766698359609
396	1116.7155405301849	1117.4809588933908	1038.6286453398502	1630.733748518428	1203.314641509898	1099.3793512063287	0.0
552	47.84703622098738	28.37987716159985	134.96273002380312	439.04071465722853	22.785331682374387	14.967784179508126	-10.9998922720577
518	1105.0398742760667	1080.7600932088958	1047.9005506149874	1622.55196116002	1135.0452877781447	1068.8029956810126	-1.67649298919356
54	1137.6048886384426	1101.194736347894	1139.1455538394807	1774.3590764526487	1209.5114911232297	1095.6919471629549	0.841470984807897
344	254.32369043027242	260.40494564904054	255.72599485143581	609.716062814824	289.9937524082347	235.622455014284	-4.60645306664104
329	585.1537238346374	582.4264891314804	586.4600324765663	1050.7672310773503	593.8279256551629	548.3737995003389	-4.60645306664104
134	359.62858307759103	320.7142863936257	391.68550380359756	753.285240380165	316.9933383156599	313.36812688150286	-4.79462137331569
48	1006.0491477126902	1010.0035869857209	899.9869623182337	1435.6721447062534	1068.4527317793563	1029.247061174382	3.70906636717581
73	1070.7112558797205	1059.5880203806864	1036.98287943657	1625.8234832042904	1134.8906562445666	1052.8764391626796	0.0
98	20.35205931609633	19.896747103184417	183.21824603558412	498.05883855940624	23.482722423888514	4.647171031070874	-13.5177704418902
229	22.006862530479232	27.30435203822532	137.29666379298772	452.0341876286075	5.957173589805082	28.386297041782754	-13.5177704418902
570	1113.4617553601602	1093.6153543366202	1113.4482725899034	1722.9442622787221	1151.7504755601815	1100.13984738862	-3.02720998123171
548	1104.418527702981	1056.1714259066177	994.5370111904152	1618.6334565859634	1158.4698441225567	1066.3554491922682	-3.02720998123171
169	12.090211510958538	17.070772100342943	28.36175227873116	191.17636184421903	24.16931148215059	12.746565387636785	13.8685029797282
133	1108.4792694805556	1115.390494514076	1083.7060849288107	1697.636127182553	1166.552613197757	1093.9825449369753	0.423360024179602
89	275.13125931801255	239.34438702920156	347.12597155608125	696.1692481477264	251.1237223526353	261.7316554395011	-6.43887501600522
21	11.239960889337484	10.986638876552293	23.132053224429526	199.0486381316753	23.49441358596371	10.171759649202631	18.2589050145526
100	1107.0762100939342	1100.0380831742123	980.6063795512562	1601.2912858157927	1140.7940529936227	1084.2258458528129	-1.67649298919356
256	767.3882041796559	696.394227632763	700.2328324928038	1226.9496368947605	711.9629055859867	699.5343218711669	-6.43887501600522
95	444.3088614418719	454.9255363939905	495.83059231507156	763.8276123824912	562.7706046298853	486.5190483265415	7.91486597298705
568	1076.4020491040392	1068.9974870205363	959.332000407541	1328.79089074817	1147.676373843605	1060.0221564691046	5.46217147874633
189	1103.7517555356194	1078.209708627208	1010.4898837353256	1588.8650498140046	1137.748452112993	1042.711626428546	-4.79462137331569
198	22.95086997981957	22.971542922255445	133.2499180284379	443.1999034419538	5.578675368963217	4.36389361945535	-16.3437573619525
612	969.6042586916326	949.240899440021	897.1503272207508	1370.4833757827935	1026.0240916554071	923.0669660434388	7.91486597298705
556	1076.5830982698076	1084.2273586531978	929.6995946398164	1482.795140874668	1134.5266123964489	1063.603062286148	-4.60645306664104
609	1089.0568111737346	1102.8701707171215	999.6088729054127	1534.5094940904683	1167.972560598335	1079.8091871901336	3.70906636717581
475	1077.0964097553735	1087.2634375683056	988.1730715802944	1590.450601898627	1125.8529899303217	1074.6767669900507	4.59890619103152
467	1056.6950507205158	1088.7351995070007	995.6377049920296	1571.3340263618518	1150.4032103549678	1065.9136188710565	4.59890619103152
65	34.86447936441661	23.09777671288562	153.4809131936478	453.518760480757	27.22860108287023	10.79174421822587	-10.9998922720577
97	32.33628189239249	25.17600523508256	141.35506072986922	439.1146630811735	24.32293838439424	7.377636616163171	-13.5177704418902
378	1001.5908037652805	979.6176139556514	875.8772068006008	1334.3506062988572	1036.4297162513014	987.3448555255235	7.91486597298705
335	1080.1272491383572	1073.0697321321934	941.2938569095011	1325.2062096005318	1159.3888667960225	1077.4801986021243	5.46217147874633
562	1044.959762981072	1053.0222784626262	915.0842864766418	1321.3037141459647	1145.0099680462827	1067.4929933176725	5.46217147874633
295	41.326446479628586	8.279281334942922	65.36794630639052	259.997027305909	37.14766531324905	23.46981119449149	13.8685029797282
326	1107.6541847939257	1089.1124745837092	1153.0197110976403	1753.3966871815785	1171.6495212648847	1095.235871605785	0.423360024179602
195	1058.8494195011945	1043.2737122170965	902.7513299325948	1237.325506842517	1112.1990991564844	1059.6869315103063	2.84766698359609
446	34.65492266033628	39.94420386209048	207.25067406113072	509.72166623618267	38.47242247907499	20.777769565193143	-16.3437573619525
251	1115.2878354292613	1113.3103720364827	1079.1345881753869	1694.6098694775621	1184.7465077957984	1080.4179590071465	0.841470984807897
338	1112.0518310233006	1103.4905133873683	1097.7946561092278	1704.1045259236712	1156.6979228623177	1070.1038235925225	0.423360024179602
285	960.8245279416557	929.0233987837829	813.07950083335	1148.305275559277	992.2050284388886	922.2873001161535	5.46217147874633
171	44.643714671528265	20.83659336059753	36.83362637880662	226.40592322635268	22.241992468303838	14.72172524772163	18.2589050145526
201	813.5740433096158	780.2771230290431	758.6111468931281	1140.3710656585015	903.6482416755359	786.8320955917626	7.91486597298705
297	23.49527306814426	13.824896063311122	29.532734250229435	224.92053661176064	50.70167114367456	15.855623379416455	18.2589050145526
61	1088.5545197211563	1095.2187820062861	971.2663369716661	1530.5948926424392	1170.5182888247928	1079.1698288983634	3.70906636717581
125	1072.005166974396	1091.5674291945866	968.0264117952523	1347.40072714738	1164.5040712781645	1083.5567900136796	5.46217147874633
243	1067.938562964425	1081.0332597090078	931.5043043551364	1276.3513357695458	1156.2881439869875	1068.1160143371808	2.84766698359609
245	1053.830889938887	1038.7813096293423	922.2665501080644	1300.4122359773203	1111.9012929603866	1040.3264033419268	5.46217147874633
430	1078.922384673156	1068.4280476103124	1005.1179227443245	1645.6215372117063	1141.4103708399257	1057.317204638407	-3.02720998123171
521	20.412869269098476	11.837333389731338	174.631047911013	482.74856524505736	7.8366705214606895	3.112948154614091	-16.3437573619525
385	22.675126655168942	27.06727814858586	181.4457920064092	495.21255369019036	7.536485139138647	11.079881385356703	-13.5177704418902
283	1095.6030373852552	1088.9649099576168	1025.1718512674454	1631.5243725931632	1175.537353798526	1066.5400723253404	0.841470984807897
406	1076.7875088989774	1079.1358973248114	927.153983761127	1279.5172637231092	1151.5066785759952	1071.4725119887755	2.84766698359609
119	1092.5518552972824	1083.8763426221635	1056.4778365975717	1670.5976323987152	1147.6746253263793	1062.9568452346907	-1.67649298919356
597	96.29754556953097	92.75393281653685	135.35530918763578	371.87149381076875	129.929695495267	113.99996427703736	7.91486597298705
196	41.628251140287205	32.08427512903206	150.0509909403814	451.15497806003145	23.047827499421924	22.718152787909908	-13.5177704418902
187	23.941874767872573	31.886264180580362	186.82546976155146	494.65143928733494	17.171223411196966	6.623835158510286	-13.5177704418902
543	1069.8435562957343	1074.4102817923272	919.3826952733122	1272.0681799716795	1145.9774492003364	1067.4333687063745	2.84766698359609
539	1087.3471178335726	1064.1623561527476	1021.5920757069993	1561.2603034789413	1131.4559872133466	1043.15004706252	-4.60645306664104
223	47.37328627584256	33.088136523097184	150.91073742759542	485.03951376363244	67.58072612179598	31.55608607634361	-10.9998922720577
535	619.2139612817994	585.778030343588	613.8863003976887	974.7160028261613	695.0013510687418	638.8447045836037	7.91486597298705
249	544.7864124974548	488.9609757082373	557.6669098091487	835.2792364416588	583.9643869495291	587.4212083756285	7.91486597298705
191	69.96645791966036	34.513299219137494	63.558814744750656	386.7878206179773	42.154599881878596	16.548822254683262	-10.9998922720577
628	286.17706271089236	244.7558750877385	279.7217022709064	534.9190761500198	288.9796493096246	270.2983828343213	9.75431760235675
393	1088.6808982651626	1100.9152661571766	935.1370800681078	1518.0493125740882	1145.8264344213596	1047.714689573791	-4.60645306664104
70	1110.9990378348298	1083.1559632065112	1101.820726829113	1702.5528962619912	1160.4939947432733	1089.440326678757	0.841470984807897
341	1115.2159396200595	1088.39533969539	1057.6973986880485	1665.1203185509614	1201.9836220931404	1088.3549253437836	0.0
142	28.85932721221417	12.142594268979295	128.63383385804244	458.58052676155944	8.90359670999129	30.67077287235348	-10.9998922720577
180	32.20062920877195	35.875602228836605	45.348575416823394	351.5982338217274	36.17464977625247	19.52420865568355	-13.5177704418902
498	44.48633662394629	18.893264120150242	40.70386552634112	216.0975640244055	36.93377281329258	27.33284662378151	13.8685029797282
90	1097.0856322843715	1098.212834970778	1098.1137819039777	1713.3262742658585	1165.8117186888508	1077.8957372286711	-3.02720998123171
439	1088.4517740230517	1081.9420904561298	1003.6580683235208	1625.9281143746805	1164.163698932416	1081.8327429145927	4.59890619103152
574	1068.9453761323587	1072.5292388945693	994.0326823281425	1578.611049187482	1160.770248416142	1048.2294655398014	0.0
257	1102.076001602937	1085.916577932427	1083.2991403073809	1684.2130282891137	1151.0415744807467	1059.7783547677361	0.423360024179602
304	54.54130648464905	51.08220922080579	161.8537793124656	489.17105904105915	46.535816872584725	30.26985383807051	-13.5177704418902
124	1111.4457407039065	1097.315295822972	1025.3185132772762	1675.7121603471599	1183.0154681826257	1080.8971916051105	0.423360024179602
547	33.96976733826966	11.481178418168824	23.068860762703185	225.93444843429774	34.66755657933173	15.310387207537865	13.8685029797282
356	1063.6224143828986	1017.5228123501884	987.6740979286686	1559.2586527184012	1096.409416117177	1011.866362332869	-5.4402111088937
482	1084.7549670022147	1043.6706423077167	948.629465099546	1530.9467778640837	1105.5959250783997	1026.2982690665137	-5.4402111088937
384	1089.9788749549473	1094.48989960253	1079.1606943619852	1665.996511778868	1148.1955568784713	1079.6327050718292	0.841470984807897
419	747.7801327238013	779.9103029946042	660.1151314672248	1215.6152757201946	735.5853813639125	738.6965508218631	-4.60645306664104
116	26.849502808923276	34.54659524768741	74.186542764929	273.42615581944375	53.81469484192417	31.49573648286077	9.75431760235675
571	12.347666716484401	11.014062103056817	125.6235293146689	425.00830279067503	6.845258404278652	6.329973868228602	-16.3437573619525
603	34.28530276199919	17.805369762021087	24.275578095615963	218.5744367963705	26.5974173892544	15.093028938000998	13.8685029797282
138	1099.2969257000127	1073.7970991322438	1033.6855051544485	1623.702560404535	1157.6542344138118	1060.131335601695	-4.79462137331569
311	159.7512971237627	168.69934250417998	183.97246500624675	398.14557426710473	197.34493335749116	159.0056912969103	9.75431760235675
140	1096.2442831960886	1108.848259659799	1069.6006349034485	1635.2451356761128	1172.0067755449845	1078.8199841496348	0.0
168	1113.0825070289654	1084.0049399840561	1013.4533868560297	1634.264776576119	1158.9706324150782	1063.970296771333	-1.67649298919356
247	35.51281918000008	20.423450307147796	141.40256240673688	461.2435738099971	37.422127202444145	9.504914928877609	-10.9998922720577
16	26.617064672209217	19.69413613970213	126.87265792335785	431.75156700950197	14.992372186518736	8.036290522535015	-13.5177704418902
327	1077.5548177143723	1095.6141721577471	955.2305452515998	1283.1781278498343	1164.5918348186499	1064.304967757324	2.84766698359609
630	1046.3798354913156	1042.6516111880478	913.3902544452018	1311.8754791158494	1122.1397065699573	1061.9782157755014	5.46217147874633
558	1110.1051506242413	1109.4364258366534	1086.8110652959913	1700.1416333867128	1206.4466160103648	1093.0694267365684	1.81859485365136
40	30.431178732014345	28.286617781632273	27.572787344670086	237.86671250881082	43.403166936275206	22.803709056952428	13.8685029797282
350	28.45545177639636	13.284508144937817	118.62364999633635	427.29747881321765	13.520717738860021	8.097725461005114	-13.5177704418902
262	1115.5957979906923	1092.3317123640206	1088.6891996728853	1629.7216012896354	1167.1392156954257	1096.2899871217023	0.0
76	1098.804556924237	1085.0028833688734	1089.9410055471285	1688.424842993879	1154.835503322784	1073.3419995182865	0.423360024179602
590	11.70531421556777	2.001322292802256	36.267722297079054	222.97183406261206	30.163746885623937	10.975954000727596	18.2589050145526
179	9.044060392998485	19.416818427935215	178.523603667872	481.07183225384296	5.173491114131788	5.121909513749372	-16.3437573619525
301	25.5258039058944	19.496212958278104	40.29072027047669	240.6391627222737	51.81552241569783	30.315549654362563	18.2589050145526
553	1068.5742553728983	1078.496922431351	924.677632336452	1277.9185129705056	1157.4245747476832	1062.7087175683182	2.84766698359609
479	19.242099575399063	19.877136757429295	37.325478950832796	217.85692688231939	42.52207299329212	15.125973681650127	18.2589050145526
429	1065.6303024470146	1077.1251767733513	946.5322112553354	1480.7621882314972	1148.607269174737	1068.927390549116	7.91486597298705
592	37.75346276367604	65.26873878874967	210.07618007156222	531.2903717845264	46.981693891072624	27.777712694928148	-13.5177704418902
225	43.1407694337255	28.690610136035062	40.83831820482927	260.8398445296746	59.705983066606976	25.704565112097438	18.2589050145526
457	1088.8241604084944	1083.9185984396188	1009.8757432688127	1595.9690380537718	1165.4920611659425	1073.1280481762847	4.59890619103152
317	1086.219083138628	1086.7760768734993	1019.525047693332	1630.5097976747836	1187.0638736655694	1071.09199653894	1.81859485365136
267	1042.918423967008	1050.7095711389766	1011.1119091420495	1619.1010200800629	1120.331555558793	1035.784391948829	-6.43887501600522
328	1100.2796938710896	1085.9461795750647	1119.543174816049	1739.6229142675325	1159.715593308802	1072.1355481311177	-3.02720998123171
154	1114.7741373363656	1075.906418000507	1093.093379945237	1728.2497097129658	1177.7649510286308	1052.8813286587167	1.81859485365136
131	1005.4783982623536	978.9073360496154	852.9841410280529	1227.2348721220399	1050.569972188205	1011.2461586792234	5.46217147874633
584	1115.132795238889	1088.7150677623445	1050.2133130324287	1629.6252754881098	1166.878597226078	1064.9940714778215	-1.67649298919356
27	738.8269688953279	714.9234597864788	631.3430025595469	1180.0863757517457	687.5213362940676	718.2017689918198	-4.60645306664104
600	314.2808911802944	311.47429162921566	387.2101418393136	787.7589244809783	313.91322698356674	295.7668259786715	-5.4402111088937
523	1063.6651690302324	1065.085478801838	941.2915080929208	1257.3772343392166	1136.9700635954152	1068.510079033159	2.84766698359609
529	1057.4366482784078	1047.2591887815854	1067.3861566281528	1683.6903501274473	1127.119704708087	1048.5544267384498	1.81859485365136
38	1077.3288328606745	1071.4996198059212	1064.5909186641513	1635.5122097681883	1121.6479820557956	1045.22544795452	0.841470984807897
45	922.56815567942	956.7337911080781	799.2237902957587	1127.679651479138	1029.186769106071	964.9718616891188	2.84766698359609
557	1088.0786347212938	1053.8588029235586	1115.467860445932	1688.1558181562334	1126.4773381022771	1034.0828428488894	1.81859485365136
349	18.9430358018423	18.05327632371113	121.33325635753097	456.0584697640727	38.51685959863572	4.67389846561997	-10.9998922720577
346	1078.8256598145233	1080.4027409254813	1023.2724697885234	1600.6056319355785	1136.6346949460644	1060.449679911961	-1.67649298919356
489	33.32021774175797	18.84999649745083	124.88547737267805	447.1478078602509	23.885175087939754	13.011519865676394	-10.9998922720577
598	54.683660220128196	51.525335138148286	64.43786652840859	247.99484658218225	55.992416115079614	48.08131855312104	9.75431760235675
263	1079.9659565220463	1082.968531807784	1014.7633264542532	1614.6029386358503	1169.6461637013244	1076.031588287699	-1.67649298919356
226	1100.184709867492	1066.5506652926933	1027.9221906521675	1624.5900804835917	1138.9542669118307	1060.4308150074296	-3.02720998123171
321	1088.2656075275074	1072.0335660864953	1053.624159756608	1617.4265522299058	1136.3163018032737	1059.8859837199134	0.0
629	1107.4202498301931	1064.084319730631	1143.27676995135	1736.0405077446867	1165.1721469799381	1076.4639692468136	0.0
126	1068.3948859769985	1059.7457646651462	988.425569972164	1592.9056388776794	1090.2302188893873	1046.1812229181319	0.841470984807897
91	547.9179058338043	537.6315837835225	508.77648649514833	1033.204344507287	519.3935498537752	518.6406026744563	-3.02720998123171
265	16.720863145067447	17.35382056407358	22.685251257917546	216.6825773059684	41.745097153177724	9.529374583506225	18.2589050145526
544	747.6611608296861	744.0930313461782	667.4983514846264	1209.5417538016081	707.021709665594	669.9269582037313	-5.4402111088937
459	1091.0135421954358	1066.0259292418507	1068.0982233903526	1678.2422794116487	1146.81732571786	1055.3236493202353	-3.02720998123171
621	1091.867300180909	1065.9514505409347	1069.735881834072	1658.6854314770162	1130.2568879176083	1062.7307153740585	0.841470984807897
266	89.00666191072277	49.08344004282036	78.75932420316335	390.6039550013112	74.58826881920695	35.372770651979536	-6.43887501600522
217	1047.5525691800206	1060.418885121541	913.0390937315052	1267.2531672058124	1117.9141286006254	1047.875693049319	2.84766698359609
401	1026.6156089757321	1033.0954980068207	1023.6566083373813	1630.0032499883478	1106.873112713498	1029.6462230009545	0.841470984807897
324	204.27980603363986	194.53703827234247	288.19784423619825	586.8439486174173	239.12407334501466	206.48613309691734	-4.60645306664104
417	19.871264200610575	13.552292103915313	124.62447021903556	441.53658480345166	8.318306839427564	3.220728826918316	-16.3437573619525
308	17.329189682746843	10.746008430290034	41.98920544494566	216.32715466179786	25.161934716006275	9.709230274911945	18.2589050145526
445	1122.0422350175522	1092.016064142422	1044.2107657219167	1678.528538753199	1181.4567872805972	1066.70177795274	-3.02720998123171
458	71.92412193895072	24.368435344314996	156.98722683668709	501.6363955980372	20.38716347862205	24.322197516311576	-10.9998922720577
376	86.81898205835628	123.49615849730785	135.61212541726027	377.09991128795184	138.52235655356293	117.27991067166658	9.75431760235675
371	29.55659097717854	13.808650812627437	30.426179694977286	233.78144704979664	40.60380208272719	13.741902240431697	18.2589050145526
312	1072.7608087274343	1073.5203622722636	931.0519435492703	1279.6396397484054	1149.483018875241	1062.764281947937	2.84766698359609
545	465.6281830733796	424.80777032406934	460.5081332651851	738.8467217193923	546.8564283317444	447.7245832840938	9.75431760235675
504	1101.4507051175813	1077.2564927835924	1036.839370798473	1661.6760602509635	1153.7070140596272	1065.248288405809	-3.02720998123171
404	1091.0512896996509	1069.87262392962	1071.3660263272504	1691.7289009807264	1151.3206689931394	1059.6479652423316	-3.02720998123171
246	1059.7810273263367	1007.406595720482	988.6138076680411	1597.4298144150775	1073.2425100989922	1003.520889238307	-5.4402111088937
420	1074.2967838247278	1041.4037401912078	1000.8955510142772	1582.1852522777451	1119.8251386066845	1032.9581928992773	-4.79462137331569
206	1074.5516723325436	1068.224284488933	1044.9483375643092	1627.0631462028884	1137.4099477023003	1067.6647752338458	0.0
231	15.969556622732634	25.04255017195942	137.926301864755	448.95164686911386	7.494550787312791	7.352474318524175	-16.3437573619525
546	1077.1546770280975	1081.8304715333547	1015.9039989930078	1617.7328312134464	1161.5528109463855	1067.8686912940707	-1.67649298919356
490	794.4512970638807	759.6926723377135	652.9649020469809	1224.7505665140789	792.438703327373	735.1578401597	-5.4402111088937
25	1103.6143559274394	1075.11582409395	1130.9333393520624	1728.368770818608	1144.7528897268728	1072.222551655172	-3.02720998123171
320	1075.462428149967	1057.5562477814217	1007.7456306673816	1599.5462562608382	1147.8609997987066	1063.5357286918932	0.841470984807897
62	1031.0740513921576	1014.252710182506	894.6979617968994	1208.8558902141365	1096.0101678809758	1035.4731738880703	2.84766698359609
77	190.35182795507853	242.1777298649772	309.07189023856154	614.3889023010428	235.97103490267844	189.19381552021093	-4.79462137331569
455	12.73485914112158	18.760841585737843	21.598719219671164	213.3734007358202	35.505784602501315	9.779414112451686	13.8685029797282
626	964.7726949329804	953.0185974677822	860.8983570300194	1216.48874846791	1054.9532079662938	967.367757963852	5.46217147874633
216	53.18360647219947	25.678625757945003	80.6776267097065	293.2735907780878	40.51582846550028	14.781475054306892	13.8685029797282
438	986.6699190890421	953.4105053851338	913.2852276708295	1461.720240465637	999.5279269827093	937.3478262008688	-6.43887501600522
581	1125.7629251082355	1084.4776724334615	1166.1545455381315	1777.5382820545276	1175.7900461380104	1082.3596469980482	0.423360024179602
47	22.004445655084947	11.97211733261746	37.224494390677926	245.07797827967994	48.501710890437145	14.534388143028103	13.8685029797282
83	1082.8713996537158	1082.3485601313232	1009.3041515670055	1580.4153015425793	1124.0282259989453	1072.745677200334	-4.79462137331569
580	1099.495335032083	1074.5545448434432	986.2771302862369	1620.1625331857217	1128.5667763418796	1065.0343777220983	-3.02720998123171
78	23.59458674411286	9.94216700220701	178.2486150338028	483.6844688691242	2.873041312417439	3.997701238736375	-16.3437573619525
391	1082.3800535904063	1067.0064567051452	1005.0275903652098	1598.2476090636437	1142.2512415701622	1059.5191200944685	-4.79462137331569
585	1091.8763601458504	1093.8219562556744	990.5667318454261	1542.9932907759203	1162.3265439213412	1063.7134570403548	3.70906636717581
468	35.14226477634879	26.72601322993416	137.51409551415347	454.25242238768345	20.545623641215247	22.072511135097614	-13.5177704418902
525	956.2083198944691	914.2720837327084	824.3142801514213	1315.3106468262615	972.4657022238255	940.9496127875915	7.91486597298705
333	24.780275450649413	31.658178248544885	44.01144656616598	360.34481819155883	34.44947674620368	23.217591364762523	-16.3437573619525
147	1086.6812827830663	1077.2661846234562	962.5131661662593	1352.4911594918012	1151.0126680966662	1063.7278833871437	5.46217147874633
382	1013.4709540722715	1000.3797817944139	909.5859402159311	1391.1058890356067	1070.3480053982269	1013.1303459303678	7.91486597298705
306	1109.9971901140957	1087.419180632298	1014.054906420333	1587.5968001997096	1169.1108974524136	1075.5146041553335	0.0
555	1050.5791245703106	1032.1032894086547	911.5217193990704	1291.516241426713	1112.6563386282578	1036.7964358915501	5.46217147874633
192	1104.780960520254	1096.7851212527594	1029.7871336142193	1637.7547485897999	1142.7465534474575	1067.9258244904747	1.81859485365136
594	1113.9933869162003	1094.4304054795755	1077.5410887359653	1692.0534619826983	1136.7356395552474	1077.55100580331	1.81859485365136
71	735.2787981832024	705.3294533353727	732.2766349288025	1178.424978580892	707.590352743962	709.0125415907413	-4.60645306664104
209	1045.1080452197002	1030.0052290530598	956.1805899285006	1509.5562520742244	1103.6895606831406	1037.4472087615968	3.70906636717581
286	443.5387800162215	373.5305049667311	414.5224645584493	621.0652062807735	501.25639043479174	473.3894507961935	5.46217147874633
92	1003.2030164232389	1012.9018154893239	897.6748080721164	1411.5698338675297	1044.3346472720445	986.2045850483247	3.70906636717581
63	1057.7099450340136	1076.3594732615234	1063.0893056653595	1654.9261347111365	1122.0139435397273	1057.8886959536712	0.841470984807897
101	30.687773993405763	24.130211861154372	150.63013219325114	487.35160168049384	29.062583803688344	31.90674247656778	-10.9998922720577
157	28.012125244060197	14.30757955769077	55.59832459812971	260.3995520594236	55.996499616465364	22.796945388406634	9.75431760235675
279	216.02269646704275	265.50211188536974	318.78609813026713	667.4632077670167	269.44195670111543	190.6490534266889	-6.43887501600522
579	19.815006668951398	18.334496449022065	30.242376879355195	372.37362874871843	12.429022706529882	18.881913746182317	-16.3437573619525
473	41.244142967627695	11.117923021063234	180.31842402871118	500.87898509768877	12.945642610757883	6.047639439687741	-13.5177704418902
182	1041.8320695080931	1060.9303074035865	929.0184256952857	1444.1900914892938	1114.0244670422273	1041.3948798975364	7.91486597298705
240	51.185517317109536	41.99230055452716	62.18826664914623	252.06534549854524	52.4403509021826	36.792104571271764	13.8685029797282
565	47.55206898812794	62.4814230544105	73.09919363863453	240.92577146721317	61.49892270695664	49.67495364524123	13.8685029797282
128	225.07243864287744	184.40917668203005	306.454971015733	760.3363244957775	233.7791438536438	201.18623705670075	-10.9998922720577
534	1100.138418447659	1082.8688071419024	1104.3570496038549	1717.0768750203313	1162.584927968168	1070.9173935403082	-3.02720998123171
233	1123.3688251032115	1095.7102763742669	1094.2088360555044	1719.0480555936363	1171.529088286253	1068.0286385835698	0.423360024179602
450	1051.3477770078598	1028.107140887843	954.9906052200248	1550.224934431309	1096.7567743601292	1022.1904949936383	-5.4402111088937
441	18.772350512773908	14.526203813362143	32.160380300826695	225.1573456184014	42.19067203180186	15.610001238914371	18.2589050145526
32	42.20884608247815	42.855570411274385	71.41060060238877	272.2653741277903	44.01937987369244	30.592961886400033	13.8685029797282
537	1074.4711791629697	1060.7896756688297	982.0780115524741	1589.730441936709	1125.5043803200065	1044.8262672641788	-6.43887501600522
160	1059.5039609492137	1061.5722216810557	964.1437166858573	1485.9571805055125	1136.1724012294153	1054.1643760541174	7.91486597298705
200	1075.1369112181023	1060.4917225021056	1024.6727415194723	1604.0646200964716	1126.5097564233158	1043.356952287945	-4.60645306664104
395	1056.1157775608392	1045.829609322393	949.2506469236973	1337.4607800346325	1129.7830552280345	1063.7266607176598	5.46217147874633
163	1059.5964942939006	1044.2312682866514	971.9769909631817	1519.615578253206	1105.6846263324928	1019.374466548495	-4.60645306664104
305	8.56655561194568	27.440872925005348	140.42280793589336	450.1485382701844	16.965707064114508	2.8375765592253557	-16.3437573619525
541	1077.8427552771832	1067.5031415571973	1029.8444934665545	1610.3963645033148	1141.7524417766003	1060.7633416146887	-4.60645306664104
13	1059.2581499196563	1054.951638350252	976.8409029988776	1574.081523482182	1128.0248158111417	1066.1615974023061	4.59890619103152
299	1107.4429578716388	1067.3499855811667	1034.936010093799	1679.4596838450896	1149.7834313017977	1060.1276263966163	-3.02720998123171
162	1067.2342164167674	1061.404877419876	954.6604151557204	1521.8491379686661	1111.9578028483147	1063.8260649630613	3.70906636717581
106	1033.2165053843526	1018.0586676146755	969.6188563899038	1539.3437221403185	1104.8193342419363	1035.1837230579117	4.59890619103152
51	23.920616809646635	32.237074336651006	52.31136626122392	254.90527753052712	73.83518169753647	34.101852447560674	9.75431760235675
161	1070.7300641471127	1062.130098881075	942.5933770919432	1501.0834318036584	1159.8800268501282	1070.8468473079502	3.70906636717581
244	1072.6724821741475	1070.8770699713564	1053.0019027034311	1611.8776103804928	1127.3759704743093	1056.1372076290468	0.0
415	991.9238146259764	985.8398266253959	898.7600215273667	1422.010468730271	1075.5140835705918	1008.5283916353188	3.70906636717581
502	1061.0280267662347	1051.2861123618598	1039.886267325904	1626.1573606468899	1121.8963719426977	1030.34683702999	-1.67649298919356
493	1063.8705428728952	1048.4472911563225	1054.8097936987606	1617.7182747994152	1168.1413438635411	1037.5450510967396	0.0
277	18.901474479999276	16.741456080674087	120.24940790750975	429.93133538419113	2.6164930354308753	2.9568520161539933	-13.5177704418902
447	667.0565870565817	673.7767071281903	525.1969233191044	1084.319730796512	662.889062433282	623.847717650891	-5.4402111088937
222	1071.7388659049343	1072.9104760321197	1028.2991173220507	1631.5269409467583	1149.4539752481994	1055.6866716811016	-1.67649298919356
52	31.127342443624844	12.705912938196683	126.20074505241742	448.21908867100836	4.429088040779899	4.539005105547952	-13.5177704418902
464	1043.9446821998406	1037.6919282572828	1045.2187037098097	1594.7702063254667	1094.3329644229848	1024.4523252271433	-4.79462137331569
588	1084.3310924781997	1056.0787373582557	939.7199293343361	1502.3167642301191	1143.1554409703765	1069.6167738965712	3.70906636717581
599	28.044554933546042	3.2215770844050287	16.04753791929653	212.34260482144566	17.857630514316813	9.303079644565278	18.2589050145526
623	27.103001303272293	10.749174506360607	172.65563971749603	494.4108778598554	16.430110096602338	3.7132012828777237	-13.5177704418902
59	1093.0267807826376	1094.3111612584064	1008.4804986292031	1596.4973904710473	1176.3378471290525	1072.6275607704283	4.59890619103152
620	1078.2357251269982	1063.5477192543588	1010.8335448739541	1621.3005161149904	1128.927977741661	1071.5678441212194	-5.4402111088937
476	65.38137691437154	84.62962646354674	111.84822006101433	299.15487725722045	94.77111842670108	85.13965564007937	9.75431760235675
122	31.11120058520414	12.3789466927623	136.1565128029148	455.84036594255514	5.21877278771276	4.558250539551632	-16.3437573619525
474	1078.2004705346228	1081.0260793854668	1007.391395143406	1586.061765175993	1144.5715177716463	1072.3629132554577	-4.79462137331569
440	1065.274591109871	1075.3018840047025	916.5875080827873	1264.1128424010208	1146.8959806342068	1066.329506617992	2.84766698359609
466	1081.6133196124213	1089.3373530874571	982.012427733411	1372.185168454412	1150.6762718373764	1069.614849510673	5.46217147874633
211	1112.8836947337354	1072.1057743880424	1048.426838155273	1651.7932597601573	1147.8700488437219	1067.525836442273	-3.02720998123171
46	119.69626738533096	104.47870923654636	162.92496353086437	361.731070120363	127.37433052521015	98.05289055250705	7.91486597298705
510	1105.7290791897963	1094.7165784824924	1134.5893061833	1745.0340244743816	1145.5699461898814	1055.3116144245594	1.81859485365136
6	902.2631888667648	920.3060922473848	849.1758700542005	1229.2563022180775	977.1732756359368	916.5596468784868	5.46217147874633
381	1074.3788986059035	1066.772316444325	1021.4524822369306	1616.0353695406552	1125.0884659374365	1049.6563235422993	-1.67649298919356
23	441.65409207413313	480.1791034006464	507.3745088354333	671.5174847958253	586.672650762786	486.5936078281668	5.46217147874633
472	24.615647717446063	28.34885374159476	148.06911712992178	451.6560273839044	18.67657424801527	20.645579689279295	-16.3437573619525
141	36.925084601509106	21.173918218323035	138.74873788008335	458.11080096810605	11.279867496309683	4.521322764698473	-13.5177704418902
618	1069.3656374474078	1084.659295047964	937.6944473740675	1283.9454874163957	1147.74527387372	1064.648272114904	2.84766698359609
615	1106.9211425172898	1088.1999875042875	1153.0634188255574	1745.2049635838032	1163.7053744811708	1080.71236969759	0.841470984807897
362	1044.2586753100152	1037.8971606085877	902.9980845435367	1252.3985264117282	1107.6776166660788	1056.9819973349427	2.84766698359609
374	1088.9568760741552	1074.929801081415	1080.3868680949195	1683.4381428964964	1156.40129837293	1059.3283054539904	0.423360024179602
508	85.39262854207352	37.64251696411676	182.32952193442569	468.22348156773967	44.29910018702257	53.508457248344236	-6.43887501600522
186	750.2016433298869	685.4922590217169	724.6501509099616	1157.4392422597357	686.6341141111183	677.6095759827922	-4.79462137331569
369	1076.9177664388978	1066.64982113607	1021.6801422981578	1656.2409996451188	1115.1633008579834	1071.4902557846392	0.423360024179602
41	957.3246362677845	966.3587138802031	900.4768825069873	1372.8071663880332	1026.6484539993883	928.1501917125075	3.70906636717581
416	148.05068650679718	207.6428904832475	271.8803151308082	597.2683476508416	215.81346125486874	172.25514421713666	-4.60645306664104
442	13.542856739771935	12.896873486072359	134.5071196115391	472.2754387375942	14.141941635753735	30.855083978687855	-10.9998922720577
281	1082.3574121925049	1062.1478344024126	1045.6980134653083	1694.8742729314854	1157.0951918900444	1047.1280496627894	0.841470984807897
292	1027.989032015258	1010.6517525148861	921.7308026556864	1444.5615138764724	1078.033844516282	1045.2921036161606	3.70906636717581
422	21.08320339824183	20.58644571029938	192.52465922123577	514.8760051350802	1.7921161273171164	21.55218951823896	-16.3437573619525
400	1070.617920834051	1069.4369230877332	1002.462020342022	1615.5323809865417	1136.021318771578	1079.85966451472	1.81859485365136
300	693.322218343482	599.838127579515	596.6847083674164	1128.155855955715	646.4844625894069	649.271026831581	-5.4402111088937
314	1094.1208624490014	1066.312107349576	1106.478558701238	1711.427398368598	1147.9687520428183	1062.4910278304985	0.0
342	929.5687529056535	918.3645070260314	849.5053195368604	1412.1233235457937	990.4421366035757	930.6312853619927	4.59890619103152
343	31.30082363668982	21.107653921955357	142.13102567630457	466.97046143911496	3.5580699211386086	4.592200695844994	-13.5177704418902
427	824.6779365717938	756.815961538592	749.0741248424532	1337.3124660576955	779.5406532026828	760.5464317569212	-5.4402111088937
75	1040.355737902055	1037.4291903429544	896.7217103856584	1265.6742247517043	1099.5763752160863	1064.7987799568823	2.84766698359609
366	8.628943967270054	1.9616191352525219	15.4072581943335	192.4455445382613	19.531422199508356	9.386130735177026	18.2589050145526
37	17.735436733985185	24.391979928874633	59.659285145052415	349.39404497924755	31.219628579456305	8.08402306349853	-13.5177704418902
208	1112.8630780918807	1082.221194235099	1122.6840890476471	1708.1434765578022	1152.733679334666	1063.2811133672494	-4.79462137331569
357	1120.328751780818	1094.0605216775555	1103.2105227662123	1705.6524912874092	1165.5798819413278	1087.8370777639782	1.81859485365136
434	1057.3927549661626	1063.0590871073634	931.2486595711401	1296.2689784564398	1128.6862909333581	1041.248069661534	5.46217147874633
389	50.102913985326325	9.42067496990698	42.46648961050503	262.6855652334463	48.9611312882492	25.269727207694988	9.75431760235675
282	1089.4529635371416	1044.163794731432	1070.8185582083245	1645.980558162119	1141.0463401490067	1054.874560499223	0.0
595	1109.8043734405826	1098.435985859219	1080.1956297598304	1659.673086529336	1158.1131264027476	1080.2685185668422	0.0
522	11.23089382960672	1.2759437144667034	12.247228347764798	204.2595760294233	30.57106681348719	8.855282296707639	18.2589050145526
250	462.03899441505126	392.6973448058212	465.7540497108748	754.0628607755001	486.80951210592065	442.1082207105616	7.91486597298705
309	1063.5211237003987	1056.3322824534316	982.9705369806211	1544.6039028707112	1126.0028500966635	1059.001098296073	-4.60645306664104
485	1100.7203535764136	1073.2678525478311	1073.5038051376532	1688.7922281006363	1153.3339768742871	1077.1992714117355	-1.67649298919356
149	19.020323505453607	29.55309128145395	144.0288704144753	472.12215279687683	14.425332455763709	27.944598523791928	-13.5177704418902
481	24.464499603875574	27.621654648720757	189.7753886653958	518.9734124697562	20.71621464149771	3.2342296062633324	-13.5177704418902
611	1115.112490454348	1085.1212470188796	1121.4254390962749	1726.6489249601907	1171.1713435650774	1077.0510293347909	1.81859485365136
372	17.681842181972343	9.333489744147185	118.58213974406013	432.26178473576454	11.97961269731879	7.140452431530365	-13.5177704418902
188	1057.3250168157422	1064.2537844017813	935.5074971838164	1254.7775344607558	1124.5148933498103	1055.9220800700982	2.84766698359609
495	1084.224904091367	1085.970252976843	1085.4129784053787	1682.6686585531004	1154.3294386922105	1059.6404891911009	1.81859485365136
453	35.99894673379388	9.473036639804121	23.606706072808745	218.23094147842136	25.67091840574958	7.6792996422524045	18.2589050145526
307	35.943093391198325	8.765129606712874	23.890083172270305	229.18666151525488	38.57438037504222	10.877772195589102	18.2589050145526
170	1089.1744044077038	1079.3475125672196	1015.9284149031781	1622.753071109141	1168.6168525590806	1073.852322262136	-1.67649298919356
505	1074.8282589722003	1039.4849878328216	1010.4029206322681	1595.7301768202428	1094.3698334778287	1034.3757853153031	-6.43887501600522
370	1062.8170867576807	1061.4728764493	1012.1786774374176	1577.9580118231002	1105.4058255084321	1055.488740813533	-4.60645306664104
542	30.907701670484766	24.681810080466086	190.2078714817468	500.92872060803217	12.497258803733649	6.538084569440883	-16.3437573619525
497	1099.487603916583	1079.2930917283884	1029.749866773844	1666.7106212370857	1170.6066604182447	1070.9127954301919	0.423360024179602
563	1101.845502526144	1078.941289073	1136.399502398892	1736.045227127187	1165.3610788882013	1085.0543915328635	-3.02720998123171
68	1102.5021657259583	1104.8750485545615	1077.464944651204	1684.943554485888	1166.685678145767	1078.5323219116137	0.841470984807897
43	8.653100837589804	0.7292729534335658	13.83756751328958	212.14394441795451	39.931942372662945	8.146512906319202	18.2589050145526
20	62.84622021891922	91.52355365846896	106.09165631268347	335.2674493390929	100.6534277294511	82.79213788913769	9.75431760235675
515	1054.0332695540935	1064.5305302878728	921.1101559298709	1308.1310731214203	1125.6844183745484	1065.7349703706248	5.46217147874633
633	26.715292077457185	29.30233243836903	134.9283508420522	454.0816856106822	8.360215219307877	5.384253604444076	-13.5177704418902
619	1079.4908308002757	1083.8132144945553	1013.8802795117348	1578.4217345446607	1152.6079913582887	1064.0527496806226	4.59890619103152
575	1072.867802327234	1053.5007920893772	973.1725775943357	1525.2843973624906	1136.1680452855321	1057.926065342959	3.70906636717581
273	1063.0109623335877	1076.6741732397259	989.3316799098105	1529.6928921485448	1135.042145014156	1063.726781027457	3.70906636717581
351	1089.7425803830438	1055.281122223137	1039.3363886639918	1663.67027692634	1139.4713027911243	1055.0670602615737	-3.02720998123171
500	1093.7335108759887	1072.7560098697697	1093.4027002592509	1683.2230651579353	1138.3231767542104	1084.5093727447195	1.81859485365136
280	32.3287436457936	11.781338226497272	74.56735486656295	240.2783302440118	35.039078105005466	38.21722482632351	7.91486597298705
583	1058.5011799723857	1041.2056952348519	934.1850448425093	1576.5820239454117	1119.7662726003496	1053.810343491751	-1.67649298919356
49	17.50631364951903	10.222019448231084	174.3467253330191	484.5795981339916	9.904943990126343	6.38475840199263	-13.5177704418902
394	1075.9024443628286	1062.1969055622747	1119.6993968001	1714.8324240558277	1135.1662962166652	1057.973249822256	0.841470984807897
136	763.907125146482	706.5847425554144	634.4417843028971	1213.5782678601292	732.3433287501855	692.1969740066625	-4.79462137331569
109	913.2593920271341	964.599843396137	904.4705902539744	1460.330896551482	1035.4831552929634	960.5816608684066	4.59890619103152
219	1048.7135780268634	1054.4303956808492	1023.1443880565922	1631.924659465099	1114.19935996153	1006.8082201743078	-3.02720998123171
173	1105.7188636173244	1084.462904597249	1107.2752979410823	1701.6819418763807	1154.4556750960007	1079.8989293976376	1.81859485365136
69	41.781618330825424	10.844385561483026	59.322075680459726	256.7329535463652	22.902068499513973	10.53168244743361	13.8685029797282
288	49.15003272646714	36.86143633747926	147.1236399065471	498.87489007225304	40.3133136690592	28.97976791507584	-10.9998922720577
564	16.14573275131013	10.632881677239196	41.4263484966952	222.5639754767658	29.273426454900477	9.719232512147158	18.2589050145526
405	20.658911496759455	8.569335122366171	178.57728656336866	491.2118079149549	16.246629643015954	9.170434254175573	-16.3437573619525
80	1061.2870544924347	1069.7355975913783	959.5597446230196	1470.9885849460945	1121.0065874835252	1048.0812407124035	7.91486597298705
461	189.19618442109385	134.16059996634704	250.14988636489468	626.6709280187866	171.57563224073158	132.36966620272273	-10.9998922720577
144	56.53431911279703	37.46350495661619	55.778959194184885	261.8080425951878	41.179693270249885	43.715306051347916	13.8685029797282
205	1115.3231973854147	1081.8015190157882	1105.1754071345729	1703.6687323885951	1155.8101042358062	1079.5179978648066	-1.67649298919356
313	1082.9318518915131	1086.2692552433546	1030.513484328252	1644.6337248761317	1166.5282267514744	1072.570464178052	0.423360024179602
166	44.6532355629635	5.336583773125607	44.42504060887077	241.43716539152584	25.930056341645788	11.711991383118395	13.8685029797282
8	19.48169602416056	9.927398095927458	30.997187835627358	219.49048079180022	43.03587006383754	13.807487651595977	18.2589050145526
255	1076.948953205807	1077.4960328066832	978.8836487100982	1570.1817901322568	1138.3995900133955	1069.0524266029443	-4.79462137331569
258	23.520497722042784	10.301127654648173	18.64766731923458	216.55681010363287	35.54105604413803	15.637575004607736	18.2589050145526
151	1083.3012668535923	1074.0459013355187	1027.120557398037	1649.1591147513727	1161.173114574633	1073.1312949738488	-3.02720998123171
199	1037.162164293966	1052.6563446952257	949.0908818254833	1464.9598090767893	1097.8789889501397	1057.7376485146478	7.91486597298705
587	1087.911917475005	1064.5413082865484	1050.3924290537705	1646.7027649049417	1126.387675358104	1072.837693280109	-5.4402111088937
53	45.14821200665588	31.41868558562306	144.3536761246201	460.20520332857143	22.2468830438967	14.613161979710078	-13.5177704418902
252	1107.1124179766362	1083.1385960410148	1042.6922714953903	1680.355476823877	1186.1681002500072	1082.6971736582707	-3.02720998123171
99	1065.3553760025989	1069.1924846938016	1015.9631159136095	1628.0940109656362	1117.236323420632	1042.6983279354279	-5.4402111088937
410	1091.1809072902258	1085.310375213801	1065.457916387652	1670.41428013528	1150.9005987111016	1070.3959861538904	1.81859485365136
465	1070.0228136719763	1056.439870390026	980.035586622291	1568.3463214970377	1107.2968709031734	1032.5776649447039	-4.79462137331569
437	28.51077096524274	33.78106490212556	38.253247094527936	205.3162591346099	22.510525814852077	6.962750025213797	13.8685029797282
293	1099.0631047155855	1085.5413342531456	1129.316281250272	1680.3706366786303	1160.0759476941068	1082.589314013242	0.0
105	800.1528042510002	740.4606074571665	626.1828395027339	1216.065791502858	759.0026565169765	757.7496542102434	-5.4402111088937
50	1065.8326799225506	1073.9984776099682	941.3262834480362	1516.5101144999776	1121.0210757568661	1057.3684036827578	3.70906636717581
572	1089.3252542889381	1067.379530223707	1029.4775177734562	1622.1396508294015	1154.0573918399766	1056.918834538871	-1.67649298919356
591	1030.3655898845277	1038.3833109437603	882.5759970786177	1218.656961838431	1115.9362171165328	1056.314897397727	2.84766698359609
193	8.631095231232353	0.9255983318383266	9.105704644455718	191.16870727848797	19.659271363657158	9.199724309584795	18.2589050145526
435	1100.2939586445143	1077.7209849534904	1119.727171588153	1722.366685708028	1143.5536465321884	1058.654885492293	1.81859485365136
260	1036.4532913787993	1032.0077158109655	990.0489851988223	1540.0245197566005	1081.8145959490262	1008.4508408011833	-4.60645306664104
318	41.71300571977328	38.61996073527782	61.643481207047124	257.37761978737404	63.34716787848661	22.001432639263932	9.75431760235675
454	1085.8278908252948	1085.4149379350292	997.9009866071804	1604.841763981871	1153.0844254476078	1060.9241119270944	4.59890619103152
624	30.511193773172167	10.649102081015851	37.82624249115423	231.3137521472726	25.646040529967266	12.300321697929435	13.8685029797282
87	32.95564265280748	17.829266266205543	148.4825212972319	461.6588081428971	34.00352417105392	34.0505759269798	-10.9998922720577
601	37.38860675408147	26.520834774630593	140.0150114288505	455.04429824875564	27.50843122126554	3.8359577137309007	-10.9998922720577
291	1086.8481427735314	1096.2083107665433	1068.9667937023287	1660.332208899534	1141.8683853911664	1074.5181980956463	1.81859485365136
111	1055.1464559685317	1053.4731066522536	1012.2458528092586	1576.6154528466598	1114.0849413908422	1057.277855178126	-4.60645306664104
302	1046.0179025655857	1073.8472650190465	933.5236487800925	1500.6874362715232	1116.92293881341	1060.784971774533	3.70906636717581
19	48.099358017417345	64.72544394276599	117.28397938857978	336.709300121548	90.57063030692298	69.64555890342032	7.91486597298705
287	1093.2560667403163	1043.4605593102108	1029.8502803436938	1662.2047945353888	1129.3094548564743	1054.9231171251247	-3.02720998123171
4	1059.8155729980065	1063.027753553594	1014.5916544938913	1597.0167193893806	1109.265935215978	1026.317350438495	0.841470984807897
66	1080.8144194794095	1071.4436267217552	1063.2257232093225	1650.1399796035466	1118.1421177459108	1046.0999241309216	0.841470984807897
471	206.212628480669	203.66792193966958	269.5507466175181	621.9483268890544	247.42536279834673	217.02146259897623	-4.60645306664104
289	1085.325909317757	1068.4608131987027	959.4141091567287	1588.7679647046375	1110.245469005409	1035.1692581763093	-1.67649298919356
213	163.23626544735174	139.88633366851795	227.2222393092159	546.4622275014066	157.10510779016948	126.94137432711291	-4.79462137331569
528	9.027069563400868	16.549442668563515	122.13890393089821	446.58697461248966	15.369094639089488	2.924398591802129	-13.5177704418902
380	28.20475919334323	9.640096669363054	23.532646060393834	222.2852865749454	17.979661447760567	7.795941329568399	18.2589050145526
428	38.045649905557354	22.641146542410645	47.696350790706134	257.4697552591562	37.325979537434286	22.873954212761078	13.8685029797282
158	22.446739752071846	8.204650389167778	20.309487699102792	214.91896000703974	23.75040865959778	9.673868542941666	18.2589050145526
39	679.5024275212409	690.2143680808252	633.700944718125	1206.7497557849297	642.8425971243564	606.7832250046125	-10.9998922720577
36	1098.5410356197406	1090.6688402145514	1052.219032885741	1686.3154169872557	1139.6100135389597	1051.7083143130158	-3.02720998123171
156	1036.4164147272286	1059.1205622169086	929.5600060780068	1461.8981451028542	1111.9511939657623	1048.0303894782444	7.91486597298705
24	1113.1991452670698	1080.2432896715563	1075.1484041825217	1679.0335989760563	1161.8643379897949	1067.130755182363	-4.79462137331569
108	113.06236602271171	121.82209163279317	142.33076250073336	386.63667929354824	145.26343049818254	108.00786409485124	9.75431760235675
635	1077.2688561957852	1084.598757019576	1029.4150674992661	1637.2678776077498	1122.1488305068615	1048.9683316249316	-5.4402111088937
152	1051.0865073380714	1059.2784822805204	973.5603039331135	1555.0721516277272	1104.0593469247856	1050.4957884390817	-4.60645306664104
377	783.504637517171	738.0014879982157	593.7653747256569	1186.826741449931	727.9216577547505	731.1539446252461	-6.43887501600522
559	13.550900087210678	5.625238329609925	12.285113436176765	181.95427991411333	15.035405926566867	9.581990462108875	13.8685029797282
451	1023.0848512376191	1017.5417728413452	918.920093255567	1468.124662758442	1085.6027065680669	1023.7524166457164	3.70906636717581
323	1014.4654925105802	1019.2780853756011	969.1949032245741	1495.034132294199	1063.7477114095634	995.13423355268	-4.60645306664104
337	987.8793387838699	971.5119727670701	848.3441059851787	1204.6885240520292	1037.0481710152208	981.7882641770108	5.46217147874633
484	1041.7522667266671	1020.8335742893033	1039.04452240713	1581.664060463632	1090.7815960661535	1027.5725180099776	0.423360024179602
411	24.1016284054445	17.52770848800193	127.38223374847146	422.0100613942237	17.912962757231885	24.603253022047014	-13.5177704418902
294	997.0568571865668	981.1391296564177	919.9990237323786	1452.3090847922233	1074.3202060299434	984.7284812048329	-4.79462137331569
345	1025.5945874600186	1024.5701506822904	1028.754016523127	1581.546079358704	1062.9794704564315	994.0838777030616	0.841470984807897
202	68.0964864653122	33.10861555491886	63.53167923833865	277.8586887365613	67.79091606647415	24.53571759983977	13.8685029797282
15	8.565754526421168	12.096435176476229	22.83597324100078	185.0040002713687	21.289000110482522	9.777756792007514	13.8685029797282
332	1001.9408544592017	1003.834365696142	919.5832863108525	1457.3488254263984	1073.7240465416826	1006.347641862501	4.59890619103152
268	1026.9992036152948	976.4493495911619	959.7121307744457	1487.9184564662899	1061.7190962092636	972.4719985688598	-5.4402111088937
114	341.9434383838312	404.93895397579865	395.4893941426099	718.7318336144558	470.96210088030665	433.75259112972725	7.91486597298705
230	725.7086014948552	693.1432458575808	690.1504183971016	1174.2074528510007	693.923902845666	689.7028194134651	-6.43887501600522
264	1046.7030197392157	1007.8010871930674	956.8890635562306	1506.6900824344182	1054.1781265014836	983.948682121444	-4.79462137331569
355	990.1958872571133	949.0822441200884	930.7097541187206	1445.6592069506596	1016.5857978392812	937.9025465783355	-5.4402111088937
503	1061.9583508329733	1038.7751995128313	976.6797159575297	1523.2387618219043	1099.5545831165718	1020.7402028135006	0.0
322	1022.0592318911243	1003.1319778774446	1013.6561482442074	1573.0041131196888	1087.689115928092	1008.8216859752825	0.423360024179602
112	1013.2950985866563	932.8343314763238	970.6937370521575	1551.7057951107472	1029.9877657780655	961.0866420343223	-3.02720998123171
593	177.2926083144117	161.42055970822554	203.57643452463145	281.5891972334764	186.45716578654788	150.63460527696097	5.46217147874633
278	21.085106867755826	15.98336581606897	20.24799257358725	195.04000245446494	20.004069871034673	7.234102303442949	13.8685029797282
218	978.3157189586412	944.1439262668142	865.6475502139302	1359.371319368692	1006.6980231723588	960.0998246922605	-4.60645306664104
347	41.353159999255595	50.13601566915044	146.36685316987908	442.77426415095584	39.983481895860336	15.958609092475694	-13.5177704418902
259	1032.4986761387127	998.115131981547	999.5930404730356	1583.8398227117914	1096.7766990473785	1016.688649451848	0.841470984807897
360	50.77018705785268	78.53855872241924	126.78178918046554	300.04255251046595	72.31262392322401	79.17800687654007	7.91486597298705
228	943.7233410060119	910.5910821189952	785.1247817033317	1124.4339612939405	960.7671526481755	916.3146125414108	5.46217147874633
82	1017.7911208825193	1001.1114994751451	999.6105224047193	1545.0192733883284	1049.8686548217702	999.0487980613133	0.841470984807897
368	990.0673720508468	990.8285807253955	882.9689986225567	1376.431654421333	1047.8065986895356	973.3950329490167	3.70906636717581
18	960.4594988788306	892.8835286286691	835.8512187944764	1316.3764873380424	943.0461440631346	889.525058955797	4.59890619103152
74	976.6122278856808	989.0444320399577	856.6026924736552	1174.8262253939881	1046.513334208569	973.8601524277934	2.84766698359609
203	964.0901451364812	968.0603533303066	848.8838560103256	1172.3545993127261	1035.0255974232534	964.584500388593	2.84766698359609
610	25.098284447961905	12.231027222496413	20.08033991726726	204.36464863075275	17.15986910892969	11.524178236904492	18.2589050145526
115	1006.6627628921592	979.0817856993045	934.2629397579552	1443.7351639026829	1019.271986083936	979.1774540966186	-4.60645306664104
10	1011.078010503771	1012.2531060099293	877.2848465807215	1189.1814337414921	1079.5135539529574	1005.1008878398252	2.84766698359609
418	43.21959656685202	44.01819759433507	156.31245853855899	426.55807879264944	24.607876443081473	1.2948555974605749	-10.9998922720577
608	1007.4487094609236	1018.6667899641747	893.8307518463668	1403.8354798203648	1073.4440433295115	1014.1432017866452	3.70906636717581
636	872.0778412585788	869.1564725118862	774.1136843749939	1124.569328472419	949.9200012446537	893.4556703222581	5.46217147874633
107	979.9159919621864	969.6999050770345	884.9955851951197	1419.1430516222172	1074.9210595065936	996.8526776485733	4.59890619103152
530	1040.9849956842565	1020.20221469589	1007.0907242744921	1573.8351827638705	1081.8765479987758	1023.4161427797784	-1.67649298919356
532	1013.2215890204455	992.5916752055301	974.1857493759796	1522.8441741280112	1071.4763107654464	1000.3071543661044	-1.67649298919356
631	360.8314487369157	408.41738217968316	357.38127892926843	486.6130107283606	397.7516434991794	344.28146670039	5.46217147874633
129	444.7685701097004	458.57104414082903	493.1850496527991	890.0404995793792	557.8369535558988	502.01433867890756	4.59890619103152
55	35.5504779984041	28.035908211849375	75.15598743337998	260.9841314211177	45.43925276502085	16.44679355920173	9.75431760235675
538	990.3386937882783	996.6450609006217	871.8702526082277	1372.7396933730222	1064.304150881824	999.1283036571392	3.70906636717581
627	974.8144821557834	977.8912406841428	861.3020428614007	1385.721845291484	1041.5087374252792	1003.9818633191169	3.70906636717581
407	14.290816450607565	14.845583059683698	177.59502633378372	455.32561856880966	7.934842811915352	1.1660556913233726	-13.5177704418902
215	1035.839784463119	984.8435898233021	942.3469057196028	1537.6129838769195	1091.061541421375	1022.067564331778	0.841470984807897
175	981.7432665303679	984.6953877505646	840.8455004513662	1160.7247785372929	1026.2864236702185	994.1802533622075	2.84766698359609
197	1020.9483306658722	994.8599889372022	1027.8631605393543	1572.6467742125544	1095.6604185607575	1003.4365347820028	0.0
159	56.11204324969521	17.854494830084167	134.39051296227157	406.99573843039747	40.49654062327468	6.1102985661441895	-6.43887501600522
550	316.1010703184441	406.38127704407907	345.97530556108427	522.4250892487544	459.68802530455247	323.2458118313171	5.46217147874633
58	1041.4481848598043	1022.6178204028163	1007.1029947144111	1574.6681184643994	1065.356762501915	1011.6164913581127	1.81859485365136
242	987.2329022783939	978.976314651702	828.5331014900014	1112.4766913819644	1039.070913861367	983.6922063754183	2.84766698359609
254	28.63220315581114	0.9145387707684025	16.378328113689005	203.57550244459503	25.22250750551224	7.708816016172935	18.2589050145526
164	1048.6354881323712	1009.2291021551017	1062.1563249392668	1630.2474887458766	1072.3376687419272	1011.2051614516904	1.81859485365136
359	1050.9579253281704	1006.5885253233214	1079.1737648409799	1683.5669532453546	1106.527083889736	1039.1174784848845	0.423360024179602
551	30.563626798426558	31.12151291896936	46.29495047653565	198.97060087640878	40.59161035394583	31.73167715868358	9.75431760235675
150	27.22714645748164	46.15361231954069	138.93177310816898	424.3188487212342	22.513082731576496	6.141916086875505	-13.5177704418902
364	1015.101896313894	1031.5081306536656	935.5170349909096	1437.927576114746	1083.6629896865709	1017.0379010134169	3.70906636717581
331	1020.3812438572539	999.0012553654973	957.6805803945034	1508.1446802351138	1106.8739182147208	1023.0519256799614	0.0
139	22.944381356661477	25.28588515087584	62.58957101249933	243.1628956709482	43.501642689610804	20.357079944840155	9.75431760235675
336	1019.5281190848807	1013.538437222361	932.8380274138633	1504.2432434968548	1093.70263096181	1015.0441273775795	-1.67649298919356
86	23.357143468077272	12.821496863711626	129.59704692955157	442.8582400127056	37.19040192661046	7.8037016524067	-10.9998922720577
487	9.387375129378746	8.611464543690856	117.29843950279714	412.29875919791	1.4274854470128253	23.852369820127713	-16.3437573619525
270	139.53753312587617	137.29677166224204	198.633384076543	361.9656676101556	196.92395246943508	149.7702476630927	9.75431760235675
130	1013.5260337622188	987.5744027065994	950.566592205431	1484.2787921008503	1027.1043653662257	957.5294074997246	-6.43887501600522
81	1024.1332150154942	985.7993124441151	967.6838839254552	1541.3506400542267	1067.8620293081212	992.2359270837335	-5.4402111088937
513	1041.2896137838459	1013.6717272908729	1024.037499505308	1578.7924009303208	1090.4005365437372	1007.5079746776495	-1.67649298919356
577	21.396176982238497	1.3530635568655192	31.65822378288793	197.52260685174244	28.39428710584041	7.677162242912977	18.2589050145526
148	918.626647775522	949.104072732079	860.1756520210356	1326.0887070704616	1011.1420741078598	960.128895246446	7.91486597298705
176	1016.7749961909188	1011.9602733549214	936.1963012533437	1476.372833221772	1085.086257265482	1004.8242211039455	4.59890619103152
94	1053.003325545982	1032.8736770669825	1057.7661366472778	1624.1686342304665	1097.7400493738562	1037.7822983728115	-3.02720998123171
319	382.81387343017593	439.8820465187158	416.41920732819784	650.8262349368024	456.5746304262971	377.6839174407075	7.91486597298705
408	1023.6337168757442	989.949906455101	880.7099106185825	1399.7513663346297	1074.3682486850203	1013.937659950719	3.70906636717581
56	996.729453786176	987.8773587021774	988.0118367506831	1526.2272673045395	1040.8694376805204	973.2589861681687	-4.79462137331569
637	20.21554355412726	9.530841799561063	48.5640612801332	241.88165425444362	42.69536730978345	9.440228751529894	13.8685029797282
127	1008.4808029944396	995.4878986048187	905.3412099440756	1446.2734842885666	1055.9424899483981	970.8668050708185	-5.4402111088937
143	1035.5741203320295	1032.1791956599352	1085.1945282905065	1654.9404252884729	1084.890275837466	1012.0366470094393	-3.02720998123171
509	1004.6182335640817	1013.5652011593049	939.1270469295748	1527.316674766634	1106.7490258872472	1004.6195403189441	1.81859485365136
386	17.43109216761795	16.492256523690234	176.68206523424087	473.54670337121246	8.971243307108708	18.42046615145747	-16.3437573619525
7	7.138130941759013	8.068291966575531	108.79331763492405	395.9550774402964	0.5113801107448821	1.306126393487582	-16.3437573619525
463	996.5692449003377	1001.3476060820553	952.5250929706451	1510.2445604653094	1051.0040378529598	994.5809454068676	-6.43887501600522
17	1027.8840054053533	1022.636619110014	1003.0971683462258	1556.2973680166124	1127.2583283791434	1037.1308405607297	0.0
85	33.33782792034108	55.874487031508735	92.0682649485269	295.55842495022364	79.93033437900101	53.50797124302274	9.75431760235675
72	1003.339634582662	992.5485296825742	903.3181464157407	1424.5528650973597	1048.1735519771278	986.852256216088	-4.60645306664104
33	17.054417095479977	3.7238590877961797	22.645392930996998	201.27055981424814	29.536262318460086	16.780325690954133	13.8685029797282
634	1045.330990639088	1026.453920790358	1049.268789201834	1652.267117434329	1115.4657845640772	1016.735371394055	-3.02720998123171
93	996.8855767926236	996.8887506473493	941.515778854551	1455.566332759952	1049.5371528912428	990.1502892694671	-4.60645306664104
185	988.3165758469415	997.7815749769674	847.0851393920848	1181.2562522598246	1042.911974476513	1002.9313004670763	2.84766698359609
181	1016.2479292989423	965.3151081680821	956.6252764143461	1465.3979971275974	1005.9842417758756	954.4565231175827	-4.79462137331569
235	1006.6034169266546	1018.9272065795218	986.2089181381994	1508.5941391783404	1068.671630723643	1009.0425872440478	0.0
28	1010.2218456563714	1011.4900589286548	957.5591753513057	1481.3971570892809	1061.427650059603	999.9988135875295	0.0
469	129.28271897509296	123.14448428437362	215.4170373146925	488.46988208196456	145.02465722243204	132.05682031151636	-4.79462137331569
339	198.30068189743298	164.43949208936195	232.46479988003944	541.4969326822226	213.97544670483273	172.37807148023884	-4.60645306664104
1	212.55805750273592	241.2985573836334	357.5687892606085	645.3429388423433	294.571544722767	222.24749360034403	-4.60645306664104
354	26.183164113800085	20.130274871014795	73.81319392925646	236.6999935680121	36.70562392452695	31.990960483733975	7.91486597298705
573	15.678071019531387	17.661121720538258	115.84182416323738	407.5982786146613	8.97045742606214	0.8348226447744673	-13.5177704418902
365	1042.7871328181675	1008.0796861034343	1047.2437404938464	1594.046740158295	1049.0569249600544	1001.8370255673652	0.0
496	945.6836157082604	950.3897477549252	873.4662861278117	1410.316709940627	1015.9930697776781	932.691036719059	4.59890619103152
423	21.619257745105973	13.603559081584942	33.827040190974216	204.96249455398888	28.835498654943592	30.772593674281687	9.75431760235675
516	10.855718136997767	1.5310765675885543	23.363532792106064	210.78255986406066	45.493943273916464	18.236039138019855	13.8685029797282
549	1022.8676062863943	1008.6885451075087	1009.3458546320616	1573.1953337598393	1092.1971084360553	1018.0135911270318	0.423360024179602
373	19.20325492686092	12.477450520684071	38.28613218835787	232.8951629380813	56.51514498512491	17.302891274205432	13.8685029797282
492	1030.4075746150063	1012.4196926791983	973.0556951631519	1530.2646326481724	1092.8402609037882	1009.6666339738841	0.841470984807897
57	714.8738511843138	651.9115790915632	612.7152208023047	1174.0817063449576	654.0529378206883	676.027007406286	-5.4402111088937
436	1007.2421076319993	995.9387281426673	1026.404785411252	1529.40924369883	1065.7908905243232	995.9957896561443	0.0
210	1012.4088283800232	964.2183581219268	973.8967403120641	1523.4040051920217	1066.0512027023235	957.3397340085913	-3.02720998123171
531	75.63090389522569	44.9092365169084	126.48959304549567	396.8721112801289	63.50643753275901	46.04955544055824	-6.43887501600522
132	619.8220054268991	673.5174573781583	581.0228353522695	1039.3774548503472	641.4282302147909	621.7537679679562	-4.79462137331569
524	1037.9321851393786	1018.7472093388741	1084.0794937027206	1629.0503282717166	1068.84974207162	1008.8879094348703	0.841470984807897
392	132.02318016185885	87.71967721801292	182.5358246659408	465.02235881764295	107.57207986347937	108.27057341446165	-5.4402111088937
5	965.3566310564113	947.6628900238454	931.989155020383	1512.153403576211	1026.7043625642577	981.5728674704282	0.841470984807897
275	854.0696607774522	887.793360315163	782.285327667845	1227.6790681850648	907.9421584377644	863.3889123217554	3.70906636717581
596	152.15102097024015	138.52790991196622	189.74562380906121	481.25723407883135	149.77803907111496	110.02935543420672	-4.79462137331569
361	11.290384912736652	4.836424934500592	23.99506212027742	204.22528359382738	36.73046234176062	11.781924084919972	18.2589050145526
352	1041.135123954851	1024.1567069173814	1029.3272384427862	1584.5835168860615	1091.515350048563	1023.7937419093832	-1.67649298919356
526	994.8620085578666	998.5842382508476	870.504927244845	1197.0776476810495	1070.4072972462598	1008.4518912934434	2.84766698359609
414	210.1620456058302	220.45387945725636	251.84431447686404	648.2977363890077	218.31180227179672	235.60833307746265	-5.4402111088937
237	1037.2347559404102	1008.1729951656018	1023.3929028502603	1597.1043722009895	1095.6447303353077	1014.3589899715723	0.841470984807897
204	1010.9636244956289	984.9503887785229	917.2120857283174	1507.2314773020391	1060.6057949282192	1006.8685822291612	0.423360024179602
12	47.06049658226579	14.56025084181944	122.13658702035077	377.00792252543096	31.490989051629214	7.3383881038527266	-6.43887501600522
232	995.9739549861968	936.262007073301	953.7663345429007	1480.3114184612457	1042.916334739088	940.0571942222451	-3.02720998123171
514	19.439092620716213	12.122880711389369	119.67714548150319	409.29928876822134	13.721019745856468	21.084178396621443	-10.9998922720577
172	1009.6739271240643	1007.256361860852	986.6438835568878	1550.0093272406848	1057.6947069515315	994.896711639487	0.841470984807897
174	887.6222363744434	899.2246999930123	809.7757494030047	1293.2587073348213	969.9004984762838	907.2327868259996	3.70906636717581
403	23.728380399015276	10.407825658704267	116.18572472052692	414.5352455388531	7.414581280620977	19.961459576943227	-10.9998922720577
315	661.4729156370977	671.4764835890211	613.4134525497426	1073.1743279985442	621.4143005157489	628.2872549020659	-5.4402111088937
44	1025.1615167339876	986.647178115608	950.5350548379597	1529.506639226541	1048.2507179865238	989.4883637160415	-3.02720998123171
480	1006.3382412575522	975.6706176895528	906.0818644315983	1502.6624355972551	1058.1001677955187	1012.2721353965918	-1.67649298919356
30	26.129949360012304	2.197092503870658	10.024961170045534	191.0153913292111	19.075213181862367	6.777213217162481	18.2589050145526
501	1010.776006875853	1012.3686530899406	890.9610334534087	1410.425801873689	1075.2455454881415	1008.2733748946807	3.70906636717581
379	988.6695141835437	993.3036445165658	876.0883598509785	1396.4319981248468	1061.5346064184832	998.1206800256617	3.70906636717581
578	1011.4547051669634	1011.3805281019987	962.6026121270016	1540.3014173388174	1090.1824548780633	1006.622098294204	-1.67649298919356
533	1032.5019695553374	1016.1615568416182	988.8427907598109	1564.5915668212215	1062.337272266185	996.9037903223202	0.841470984807897
167	231.71672064564126	180.25208479689255	262.42284828205317	561.8660096555658	226.77755328523122	199.32716710769262	-4.60645306664104
110	220.0328802391763	174.94391804286408	232.4762205833327	567.0991649880332	195.80853522649102	208.48673887458082	-4.79462137331569
520	8.82027313956836	7.388548042108811	107.55654738156642	393.16999575199617	2.356519319267562	0.8468761338644799	-13.5177704418902
449	1003.6332176023604	958.0193202186825	991.3935649641965	1507.9863123212183	1018.2585198592741	958.4115768044745	-4.79462137331569
88	33.83676776685538	0.9026267147830906	43.61809551383482	246.08599355264198	28.211162746121175	7.286485995834077	13.8685029797282
383	1021.9858501744148	1013.1051970937216	1000.0156784030936	1589.6503888605182	1077.6163961545972	1013.2491879290651	0.423360024179602
561	1004.319783185192	1003.6985181224989	870.6233947506142	1405.4708343881766	1078.4574991806164	1008.7293217409725	3.70906636717581
375	139.68728792661207	174.70676116699008	196.18637603336524	526.0334835978833	158.33714754428482	104.14739663219294	-6.43887501600522
177	174.21661140347686	181.8347013474472	211.49329504639763	542.8009299605557	158.16219434331788	163.42292457924643	-6.43887501600522
424	986.8628379937584	1003.7659849859098	870.1904702962764	1195.6626968486069	1073.0206448460349	992.0142386969825	2.84766698359609
413	7.717474728237143	1.870577858338093	11.664302504243867	178.22344840654233	19.041080274538025	6.769280735226606	18.2589050145526
248	24.08959738103534	7.656824257862116	36.74021844120198	219.30895111441401	30.998529423895725	7.28264495393668	18.2589050145526
491	32.039818395897534	18.681038375022332	202.0717873930394	487.15786086236517	2.998653815800101	39.25837862008991	-13.5177704418902
35	1033.750516453074	1014.0891567340097	1035.9024979955127	1588.147967432384	1096.4603386961242	1000.4030821902459	0.0
402	1012.3331979007828	1009.7358948353893	977.5599385698451	1527.756103685981	1111.9933818869208	1008.0148124632364	0.0
517	28.033241785977566	38.15178466561122	71.15122461724627	282.2616199133552	48.65403977026338	47.04187628247037	9.75431760235675
511	67.01675224697739	24.905343600042883	152.47405435403982	463.50827429664906	54.991244667003336	9.440424295690027	-10.9998922720577
290	1027.887296145677	999.965848476909	951.732440420953	1519.903533869665	1079.9093668922467	1010.5830137800343	0.841470984807897
310	994.1502392752169	995.341222547628	948.052258914551	1451.3672695717512	1039.1571591465458	973.1595931326673	-4.79462137331569
194	42.70620955374826	39.56411565322001	55.55274865276319	278.1010803973615	50.8588666047421	49.81914541289285	9.75431760235675
519	983.2463302850055	997.0958517032315	849.899338611312	1154.7058164968687	1055.4682718819047	982.5846038515527	2.84766698359609
607	1013.0700947081588	1017.857263451548	989.302583181964	1554.0782214403018	1083.622698329802	992.2323545972182	-1.67649298919356
512	126.39488689555371	77.85957294309173	183.33638690560022	526.9692629208206	135.29104544581728	98.97355258942824	-6.43887501600522
340	690.2776902935519	670.4546918742639	640.63325038251	1153.5345591096275	684.8975831359726	679.4989898641921	-4.79462137331569
123	1026.4458899970787	1015.0298530576256	1009.1704525805545	1605.7493387476097	1073.5579955047765	987.6232526299485	0.423360024179602
303	7.148566259291008	7.854861228274811	116.66761279950296	413.4914670361907	2.3819070178423107	19.083670740464985	-13.5177704418902
190	10.698424594969905	22.52823209505428	134.20523687669288	439.14087110833884	12.57855271833247	20.17977629611916	-13.5177704418902
102	59.43761863485796	66.99095044564716	92.10616476238664	319.6015929862638	78.58777504400275	61.60921123002179	9.75431760235675
569	29.133354691378727	1.1517555030857305	11.277356689364028	194.71667787994795	15.63927656511135	7.266512014105032	18.2589050145526
426	1000.1046826264253	1006.6106261858939	862.7079628252694	1196.20843076884	1074.2314468551044	995.6280376621577	2.84766698359609
613	1019.6856074248924	1012.591760436271	988.2527600903152	1521.9486611719271	1089.5108400808576	1001.6365660779358	0.0
296	983.5963902090633	993.957506585151	833.0127320713565	1155.6961400899472	1053.5100245071	989.4673661424105	2.84766698359609
470	1008.9554536447356	1005.2910387454282	981.1999712324991	1587.3587162706153	1113.2630494571622	1014.8760274195514	1.81859485365136
224	7.148281133927596	7.386648758847065	21.05772811635025	304.3672806264604	0.9190976902482265	1.303964452398087	-16.3437573619525
236	971.9068296665706	989.1599440901945	853.8368740121421	1238.6613032931557	1042.9168155673449	986.5276578030479	5.46217147874633
353	17.17637103115577	17.774907750886033	36.42155842616402	208.09684005869633	32.368951877685944	8.294119523092787	13.8685029797282
238	1013.0736296310429	1008.9672936701686	928.2476146320748	1498.3215181128767	1072.8020361892284	996.0156305598007	0.841470984807897
566	30.56552138422495	42.985174676677715	69.90144453791123	271.6735254914092	52.53401547490358	49.28933449463227	9.75431760235675
632	20.561484446232797	24.89838266176215	45.105743551192425	321.0634139126129	20.568752424225526	11.687491545028063	-16.3437573619525
448	989.4149881990616	988.5983565705857	879.7476802048621	1428.6248117969324	1053.81710404727	990.4490666624525	4.59890619103152
227	996.5923984786324	981.0939996171312	858.5885476299196	1174.919620974204	1053.4117420299	1000.2546321237674	2.84766698359609
540	986.6897851554799	983.1441179067516	940.5147719247664	1485.826631087806	1041.9410423289378	983.4782513096883	0.0
625	974.7410907701552	973.5039825881129	934.9613195341367	1456.855735522215	1013.3917736932158	955.8083431280824	-4.60645306664104
432	993.3108667438748	995.4841496483842	866.4010793840141	1179.3683827568466	1065.983719835985	997.2966365828636	2.84766698359609
221	1010.7607417611505	983.8969458078841	979.1844751940844	1546.1108265733544	1069.9461791274682	999.1312280768605	0.841470984807897
390	990.0628013733261	952.248696024889	994.8301631428428	1576.783798146834	1043.672187761508	951.7107647787254	-3.02720998123171
9	20.223536186001404	0.44844948804741114	13.093215529768738	198.74867805640906	19.985204423118983	1.4386013984285742	13.8685029797282
554	1012.8580795606439	1008.5709456566977	992.3018966951245	1559.4320870259837	1086.8567900035587	990.9034764133154	1.81859485365136
26	19.78786783207431	7.379803946034923	164.7818641367425	450.47377193394016	0.5049823914131866	1.3212060435921784	-16.3437573619525
22	9.626132435813096	8.543944690024942	21.509142693318598	185.07966656267877	14.898142083959	7.324222404705168	18.2589050145526
31	426.21205428345877	393.5555982058164	418.1536817809284	726.4672847269173	497.4867083379244	417.8091015600873	9.75431760235675
325	1010.9128657161918	1010.1048954050922	907.5506136653249	1430.0240351473997	1080.5088406330929	1001.2513466922769	3.70906636717581
104	1041.4511942127488	1014.8856373163768	1033.7581315943341	1597.9228092220997	1086.6882916232807	1002.671004570818	1.81859485365136
605	42.15893089907908	59.54475370948375	74.57024765853173	254.30341455709984	65.30905116067058	55.88531326744672	9.75431760235675
234	1041.0002263799488	1005.0943962275198	955.9070425690261	1528.6058764745264	1080.1671550107706	998.3641942011453	-1.67649298919356
272	1022.7287791703139	1000.3267485631352	990.49841293701	1536.6016552332508	1089.881540230447	1012.3486056961586	0.841470984807897
456	979.2240331866441	974.8643404535468	886.5122611613288	1392.4046563638235	1043.9368632193164	980.297411871517	3.70906636717581
2	71.80382717075271	27.94999172462258	158.5771834460055	420.58883962099765	34.64276843900928	33.702397185129875	-6.43887501600522
622	47.5570056857856	1.8248466052415018	147.789160269202	450.1736510413809	10.536089549677017	18.90419009378336	-10.9998922720577
443	17.168357479074267	16.030208090707074	129.42510518408235	445.0286373234276	34.592874945067095	25.475039122550104	-10.9998922720577
399	985.7615552416592	974.727917333423	899.7722164632665	1446.5393052912812	1042.8478352681748	956.967861766292	-4.60645306664104
29	961.2129001533365	948.254643104077	836.7770748746215	1182.82448038784	1022.9514750694823	969.0522768256974	5.46217147874633
499	9.271616668746402	1.068085837801822	7.858826608610047	175.3367019098358	17.389876203416996	7.9901612770126675	18.2589050145526
96	976.9724930101818	1010.2516344547721	904.0899004721728	1448.476375572602	1067.4014476765242	998.8791737311188	4.59890619103152
214	980.1339894085236	976.0341733421874	899.8519595656763	1427.4014601165177	1045.9427081226236	979.1977561974089	-4.60645306664104
388	1015.9284226325683	995.9540846925147	888.7538374645559	1246.8350401509826	1061.5524939906027	978.6389026652482	5.46217147874633
483	990.433774778219	983.9469139244073	837.4931371719587	1173.5579126780779	1045.376153613388	986.1352772785874	2.84766698359609
460	875.6204097978427	844.2041648571513	740.2017938297109	1075.572791759102	953.3869812795202	884.1392025913616	5.46217147874633
507	7.845779848494063	16.407757255382908	20.451859049201094	192.24115742809062	14.944963208525479	15.261057380126546	18.2589050145526
120	14.955853796927084	11.776366292590053	17.85877441449568	201.69464932070795	43.33643490633208	8.854339612704058	18.2589050145526
261	974.5902274059315	991.8325992735239	867.8641762931111	1168.026721896125	1050.521658551095	982.6153014018903	2.84766698359609
64	1023.411165495421	1012.5837467922721	987.0123888316061	1576.688008416949	1108.380621370192	1001.0856561818883	1.81859485365136
582	30.1366255988765	34.08951835600649	59.32850843747627	268.75743634723574	73.20209539387398	56.19286752894835	9.75431760235675
137	15.55271730021101	13.237871556314369	29.654110836278164	194.7916608852855	26.47174646786588	7.39245167206908	18.2589050145526
