Specified	Condition	Phenotype	Fitness	Accuracy	Numerosity	AveMatchSetSize	TimeStampGA	InitTimeStamp	Specificity	DeletionProb	CorrectCount	MatchCount	CorrectCover	MatchCover	EpochComplete	AccuracyComp	CoverDiff	IndFitness	Fitness	GlobalFitness	TotalFreq
[0, 2, 3]	lt(max(add(X0, X3), neg(X2)), cos(lt(X3, X2)))	None	0.8405684594886655	0.5957997608984239	2	581.8381037831621	9995	0	6.0	1023.490741128721	6213	10000	422	638	1	0.45148486989569075	103.0	0.8405684594886655	0.8405684594886655	0.7065553350871484	1
[1, 2, 3, 5]	div(cos(gt(X5, X1)), add(gt(X3, X2), sin(4)))	None	0.5314013802352149	0.5536159856534021	2	581.8381037831621	9995	0	6.0	1023.490741128721	5714	10000	388	638	1	0.2653897301758404	69.0	0.5314013802352149	0.5314013802352149	0.2823874269158914	1
[2]	neg(cos(X2))	None	0.8289156679092594	0.5937901118506563	1	581.8381037831621	9995	0	6.0	511.7453705643605	6093	10000	421	638	1	0.44328467293727053	102.0	0.8289156679092594	0.8289156679092594	0.6871011845054537	1
[2, 5]	lt(mul(4, X2), lt(X5, X2))	None	0.8414368953394161	0.5960262460893708	2	581.8381037831621	9995	0	6.0	1023.490741128721	6213	10000	422	638	1	0.45240445330859397	103.0	0.8414368953394161	0.8414368953394161	0.7080160488384355	1
[5]	cos(lt(cos(X5), sin(X5)))	None	0.7886787320696156	0.588534443795526	3	581.8381037831621	9995	0	6.0	1535.2361116930815	6104	10000	416	638	1	0.4214990495954899	97.0	0.7886787320696156	0.7886787320696156	0.6220141424189365	1
[0, 3, 4, 5]	lt(sub(max(X4, X5), -2), div(X3, X0))	None	0.81483339210405	0.5921868043267866	2	581.8381037831621	9995	0	6.0	1023.490741128721	6180	10000	419	638	1	0.43669056863819705	100.0	0.81483339210405	0.81483339210405	0.6639534568877925	1
[2, 4]	gt(sub(X4, X4), max(X4, X2))	None	0.8414368953394161	0.5960262460893708	1	581.8381037831621	9995	0	6.0	511.7453705643605	6213	10000	422	638	1	0.45240445330859397	103.0	0.8414368953394161	0.8414368953394161	0.7080160488384355	1
[0, 4]	sin(gt(X0, X4))	None	0.8163845010385995	0.5925904669266093	1	581.8381037831621	9995	0	6.0	511.7453705643605	6183	10000	419	638	1	0.4383550774779525	100.0	0.8163845010385995	0.8163845010385995	0.6664836535360431	1
[0]	sin(neg(X0))	None	0.8579545261759575	0.598312554033498	1	581.8381037831621	9995	0	6.0	511.7453705643605	6219	10000	424	638	1	0.4616352142354835	105.0	0.8579545261759575	0.8579545261759575	0.7360859689858117	1
[1, 5]	lt(sin(lt(X1, X5)), sin(sin(2)))	None	0.8150298532757437	0.5922378430519171	2	581.8381037831621	9995	0	6.0	1023.490741128721	6216	10000	419	638	1	0.4369011877285738	100.0	0.8150298532757437	0.8150298532757437	0.6642736617306804	1
[]	sin(cos(1))	None	0.8064559577263711	0.5910504253027777	1	581.8381037831621	9995	0	6.0	511.7453705643605	6136	10000	418	638	1	0.4319891528725538	99.0	0.8064559577263711	0.8064559577263711	0.6503712117523585	1
[0, 3]	gt(max(X3, X3), lt(-5, X0))	None	0.7882436901505039	0.5884221574974138	1	581.8381037831621	9995	0	6.0	511.7453705643605	6073	10000	416	638	1	0.42102830070999975	97.0	0.7882436901505039	0.7882436901505039	0.6213281150620835	1
[0, 2, 3, 4, 5]	max(lt(add(X5, X2), gt(X0, X3)), mul(lt(X3, X2), lt(4, X4)))	None	0.8394056949693288	0.5954973782476374	1	581.8381037831621	9995	0	6.0	511.7453705643605	6201	10000	422	638	1	0.45025567813357653	103.0	0.8394056949693288	0.8394056949693288	0.704601920746942	1
[1, 5]	sin(mul(lt(X5, X5), X1))	None	0.8414368953394161	0.5960262460893708	1	581.8381037831621	9995	0	6.0	511.7453705643605	6213	10000	422	638	1	0.45240445330859397	103.0	0.8414368953394161	0.8414368953394161	0.7080160488384355	1
[0, 3, 4]	lt(cos(sin(X4)), lt(cos(X0), add(4, X3)))	None	0.7874679605429937	0.5882222123351595	1	581.8381037831621	9995	0	6.0	511.7453705643605	6073	10000	416	638	1	0.4201895073177948	97.0	0.7874679605429937	0.7874679605429937	0.620105788881742	1
[0]	sin(sin(X0))	None	0.8287253614070325	0.593740989688883	2	581.8381037831621	9995	0	6.0	1023.490741128721	6118	10000	421	638	1	0.4430833250376114	102.0	0.8287253614070325	0.8287253614070325	0.6867857246392166	1
[0, 2, 5]	gt(max(div(X0, X5), sub(-4, -4)), lt(gt(X5, X2), cos(X2)))	None	0.8053986645214807	0.5907764330545339	1	581.8381037831621	9995	0	6.0	511.7453705643605	6100	10000	418	638	1	0.4308521744762	99.0	0.8053986645214807	0.8053986645214807	0.6486670088129846	1
[1]	neg(sub(X1, X1))	None	0.8414368953394161	0.5960262460893708	4	581.8381037831621	9995	0	6.0	2046.981482257442	6213	10000	422	638	1	0.45240445330859397	103.0	0.8414368953394161	0.8414368953394161	0.7080160488384355	1
[0, 1, 3]	add(cos(div(X0, X1)), cos(X3))	None	0.7950548937755803	0.5901933424357497	1	581.8381037831621	9995	0	6.0	511.7453705643605	6169	10000	416	638	1	0.4284281308607828	97.0	0.7950548937755803	0.7950548937755803	0.6321122841164992	1
[]	max(cos(-4), cos(-4))	None	0.8258292152402833	0.5929963666134248	1	581.8381037831621	9995	0	6.0	511.7453705643605	6308	10000	421	638	1	0.4400258834444203	102.0	0.8258292152402833	0.8258292152402833	0.6819938927443822	1
[3, 4, 5]	add(lt(X4, X3), gt(X3, X5))	None	0.7617724861544998	0.5858151041932155	2	581.8381037831621	9995	0	6.0	1023.490741128721	6038	10000	412	638	1	0.41003705236968735	93.0	0.7617724861544998	0.7617724861544998	0.5802973206620076	1
[0, 1, 2]	lt(lt(neg(X1), max(X0, 0)), max(neg(X1), lt(X2, 0)))	None	0.8414368953394161	0.5960262460893708	2	581.8381037831621	9995	0	6.0	1023.490741128721	6213	10000	422	638	1	0.45240445330859397	103.0	0.8414368953394161	0.8414368953394161	0.7080160488384355	1
[1, 4]	sin(sub(lt(-2, X4), X1))	None	0.8151006414870566	0.5922562394011288	1	581.8381037831621	9995	0	6.0	511.7453705643605	6312	10000	419	638	1	0.43697709171290167	100.0	0.8151006414870566	0.8151006414870566	0.6643890557526112	1
[1, 2]	max(sub(X2, X1), gt(X1, X1))	None	0.5814455221555678	0.5575336997626312	1	581.8381037831621	9995	0	6.0	511.7453705643605	5739	10000	396	638	1	0.2837861675146049	77.0	0.5814455221555678	0.5814455221555678	0.33807889523476087	1
[2, 3, 5]	mul(gt(X2, X3), div(X5, -3))	None	0.685514307635017	0.5698694387248265	2	581.8381037831621	9995	0	6.0	1023.490741128721	5873	10000	409	638	1	0.34035232976281193	90.0	0.685514307635017	0.685514307635017	0.4699298659723167	1
[2, 3, 4, 5]	sub(add(gt(X3, X5), X4), cos(sin(X2)))	None	0.22187222834696968	0.5073210234988528	1	581.8381037831621	9995	0	6.0	511.7453705643605	5181	10000	360	638	1	0.03708518803434186	41.0	0.22187222834696968	0.22187222834696968	0.04922728571164985	1
[1, 4, 5]	gt(cos(X1), lt(X4, X5))	None	0.8328221380804953	0.594803930217362	1	581.8381037831621	9995	0	6.0	511.7453705643605	6225	10000	421	638	1	0.4474305620086963	102.0	0.8328221380804953	0.8328221380804953	0.6935927136769676	1
[4]	mul(sin(mul(3, X4)), add(3, sin(3)))	None	0.6843238368542827	0.572497230302285	2	581.8381037831621	9995	0	6.0	1023.490741128721	5826	10000	406	638	1	0.35211533268789735	87.0	0.6843238368542827	0.6843238368542827	0.46829911368696686	1
[1, 3]	neg(add(cos(X1), cos(X3)))	None	0.7007993449054379	0.5735642329599306	1	581.8381037831621	9995	0	6.0	511.7453705643605	6023	10000	409	638	1	0.35686127803212503	90.0	0.7007993449054379	0.7007993449054379	0.49111972181989094	1
[0, 3]	neg(mul(cos(X0), X3))	None	0.31430807700798274	0.5140955205668356	3	581.8381037831621	9995	0	6.0	1535.2361116930815	5641	10000	375	638	1	0.07131575606929572	56.0	0.31430807700798274	0.31430807700798274	0.09878956727245601	1
[0, 1, 2, 4]	div(cos(add(X2, X0)), cos(mul(X1, X4)))	None	0.6086993091046446	0.5601112513521401	2	581.8381037831621	9995	0	6.0	1023.490741128721	5913	10000	400	638	1	0.2957808148459392	81.0	0.6086993091046446	0.6086993091046446	0.3705148489044717	1
[0]	cos(max(-5, X0))	None	0.8022019290684704	0.5899522339934665	2	581.8381037831621	9995	0	6.0	1023.490741128721	6159	10000	418	638	1	0.4274240376209191	99.0	0.8022019290684704	0.8022019290684704	0.6435279350011752	1
[0, 1, 2, 4]	neg(gt(add(X4, X1), sub(X0, X2)))	None	0.7687134745542441	0.5844669021660065	1	581.8381037831621	9995	0	6.0	511.7453705643605	6205	10000	415	638	1	0.40430724378017596	96.0	0.7687134745542441	0.7687134745542441	0.5909204059612585	1
[3, 4]	mul(sub(X4, X3), cos(3))	None	0.44103253573594425	0.5350009424851085	1	581.8381037831621	9995	0	6.0	511.7453705643605	5697	10000	385	638	1	0.1755901259078078	66.0	0.44103253573594425	0.44103253573594425	0.19450969757767694	1
[0, 1, 3, 4, 5]	sub(gt(mul(-3, X3), div(X1, X0)), sub(div(X1, X4), gt(X5, X1)))	None	0.6082824160276904	0.56099617138835	1	581.8381037831621	9995	0	6.0	511.7453705643605	5784	10000	399	638	1	0.2998782173090418	80.0	0.6082824160276904	0.6082824160276904	0.37000749764848423	1
[0, 1, 3, 4, 5]	sub(gt(neg(X3), lt(X4, X5)), lt(div(X1, X4), gt(X0, 3)))	None	0.8309351141859631	0.5943128834314946	1	581.8381037831621	9995	0	6.0	511.7453705643605	6167	10000	421	638	1	0.44542479123272777	102.0	0.8309351141859631	0.8309351141859631	0.6904531639872395	1
[2, 3, 4]	sin(add(max(X4, X2), mul(X4, X3)))	None	0.7935383897610151	0.5887506861851743	1	581.8381037831621	9995	0	6.0	511.7453705643605	6098	10000	417	638	1	0.4224050045580697	98.0	0.7935383897610151	0.7935383897610151	0.6297031760245047	1
[0, 2, 4, 5]	add(cos(neg(X0)), max(cos(X4), div(X2, X5)))	None	0.6133486245825949	0.5632245204235353	1	581.8381037831621	9995	0	6.0	511.7453705643605	5888	10000	398	638	1	0.3101483148401014	79.0	0.6133486245825949	0.6133486245825949	0.3761965352773609	1
[5]	sin(neg(X5))	None	0.8561577512218782	0.5978453599151656	3	581.8381037831621	9995	0	6.0	1535.2361116930815	6327	10000	424	638	1	0.45975670390722706	105.0	0.8561577512218782	0.8561577512218782	0.7330060949773035	1
[0, 1, 3]	gt(gt(X3, X0), add(-2, X1))	None	0.8403563648179458	0.5957445314973862	1	581.8381037831621	9995	0	6.0	511.7453705643605	6202	10000	422	638	1	0.4512604846654208	103.0	0.8403563648179458	0.8403563648179458	0.7061988198900325	1
[2, 3]	add(div(X3, X2), sin(X3))	None	0.8174957273451765	0.5962614864541261	6	581.8381037831621	9995	0	6.0	3070.472223386163	6228	10000	416	638	1	0.4533586010633636	97.0	0.8174957273451765	0.8174957273451765	0.6682992642276192	1
[0, 2, 4, 5]	cos(max(div(X0, X5), div(X4, X2)))	None	0.8334822608629168	0.5949763082113357	1	581.8381037831621	9995	0	6.0	511.7453705643605	6106	10000	421	638	1	0.44813364217535784	102.0	0.8334822608629168	0.8334822608629168	0.6946926791731592	1
[1, 3, 5]	sub(neg(neg(3)), lt(X3, add(X1, X5)))	None	0.5293339646049833	0.5520920202459662	1	581.8381037831621	9995	0	6.0	511.7453705643605	5635	10000	389	638	1	0.2581817747335809	70.0	0.5293339646049833	0.5293339646049833	0.28019444608442967	1
[0, 3, 5]	max(neg(lt(X0, X3)), gt(cos(X5), lt(2, X5)))	None	0.8309602328963307	0.5943194034853131	1	581.8381037831621	9995	0	6.0	511.7453705643605	6240	10000	421	638	1	0.4454514519973476	102.0	0.8309602328963307	0.8309602328963307	0.6904949086551242	1
[2, 4]	sin(mul(max(X4, X2), 1))	None	0.8165941463261067	0.5926451492362341	1	581.8381037831621	9995	0	6.0	511.7453705643605	6259	10000	419	638	1	0.4385803376502594	100.0	0.8165941463261067	0.8165941463261067	0.666825999814063	1
[1, 3, 5]	lt(max(X3, X1), max(X5, X3))	None	0.7860648253704654	0.587861433396756	1	581.8381037831621	9995	0	6.0	511.7453705643605	6098	10000	416	638	1	0.4186742380795579	97.0	0.7860648253704654	0.7860648253704654	0.6178979096847003	1
[0, 2, 3, 4]	lt(max(lt(X4, X3), X2), neg(X0))	None	0.8414368953394161	0.5960262460893708	1	581.8381037831621	9995	0	6.0	511.7453705643605	6213	10000	422	638	1	0.45240445330859397	103.0	0.8414368953394161	0.8414368953394161	0.7080160488384355	1
[3, 4]	gt(neg(max(X3, X3)), cos(neg(X4)))	None	0.8386504520406663	0.5953014934783409	1	581.8381037831621	9995	0	6.0	511.7453705643605	6213	10000	422	638	1	0.44945852048136004	103.0	0.8386504520406663	0.8386504520406663	0.703334580708014	1
[3, 4]	max(neg(X3), div(X3, X4))	None	0.42109480123552484	0.533280702020329	4	581.8381037831621	9995	0	6.0	2046.981482257442	5619	10000	382	638	1	0.16712145991219782	63.0	0.42109480123552484	0.42109480123552484	0.17732083162758616	1
[2, 3, 4, 5]	max(lt(X5, X2), gt(X4, X3))	None	0.793805431943539	0.5888191961466565	3	581.8381037831621	9995	0	6.0	1535.2361116930815	6212	10000	417	638	1	0.4226918592263232	98.0	0.793805431943539	0.793805431943539	0.6301270637830686	1
[0, 1, 2]	neg(lt(add(X2, X0), neg(X1)))	None	0.8414368953394161	0.5960262460893708	1	581.8381037831621	9995	0	6.0	511.7453705643605	6213	10000	422	638	1	0.45240445330859397	103.0	0.8414368953394161	0.8414368953394161	0.7080160488384355	1
[3, 4]	gt(neg(-2), sub(X4, X3))	None	0.7999547739135234	0.5904085776715304	1	581.8381037831621	9995	0	6.0	511.7453705643605	6086	10000	417	638	1	0.42932361142661796	98.0	0.7999547739135234	0.7999547739135234	0.6399276403070364	1
[1, 3, 4]	gt(cos(X1), lt(X4, X3))	None	0.8300926073357737	0.5940944465758888	1	581.8381037831621	9995	0	6.0	511.7453705643605	6210	10000	421	638	1	0.44453115270219484	102.0	0.8300926073357737	0.8300926073357737	0.689053736753503	1
[3, 4]	lt(sub(X4, 2), mul(X3, X4))	None	0.7918433176778912	0.5893546382898938	1	581.8381037831621	9995	0	6.0	511.7453705643605	6073	10000	416	638	1	0.42493095706201806	97.0	0.7918433176778912	0.7918433176778912	0.6270158397511297	1
[0, 4]	cos(gt(neg(X4), X0))	None	0.7874679605429937	0.5882222123351595	1	581.8381037831621	9995	0	6.0	511.7453705643605	6073	10000	416	638	1	0.4201895073177948	97.0	0.7874679605429937	0.7874679605429937	0.620105788881742	1
[4, 5]	sub(cos(X4), cos(X5))	None	0.7193749716224535	0.5781543406713464	1	581.8381037831621	9995	0	6.0	511.7453705643605	5927	10000	409	638	1	0.3770726988328764	90.0	0.7193749716224535	0.7193749716224535	0.5175003497968057	1
[1]	lt(mul(-1, -1), sin(X1))	None	0.8414368953394161	0.5960262460893708	3	581.8381037831621	9995	0	6.0	1535.2361116930815	6213	10000	422	638	1	0.45240445330859397	103.0	0.8414368953394161	0.8414368953394161	0.7080160488384355	1
[5]	sin(neg(X5))	None	0.8561577512218782	0.5978453599151656	1	581.8381037831621	9995	0	6.0	511.7453705643605	6327	10000	424	638	1	0.45975670390722706	105.0	0.8561577512218782	0.8561577512218782	0.7330060949773035	1
[0, 1]	lt(sin(X0), sub(4, X1))	None	0.8213792940342863	0.5928558043765215	1	581.8381037831621	9995	0	6.0	511.7453705643605	6156	10000	420	638	1	0.4394476193850145	101.0	0.8213792940342863	0.8213792940342863	0.6746639446682626	1
[1]	neg(gt(X1, -2))	None	0.7687134745542441	0.5844669021660065	1	581.8381037831621	9995	0	6.0	511.7453705643605	6205	10000	415	638	1	0.40430724378017596	96.0	0.7687134745542441	0.7687134745542441	0.5909204059612585	1
[0, 1, 2, 5]	gt(gt(X5, X0), gt(X2, X1))	None	0.807546302050326	0.5913337302009668	1	581.8381037831621	9995	0	6.0	511.7453705643605	6202	10000	418	638	1	0.433163380327148	99.0	0.807546302050326	0.807546302050326	0.6521310299551563	1
[4]	neg(sin(X4))	None	0.8120810015472925	0.5904775644478468	1	581.8381037831621	9995	0	6.0	511.7453705643605	6173	10000	420	638	1	0.4296104564586927	101.0	0.8120810015472925	0.8120810015472925	0.6594755530740536	1
[1, 2, 4]	div(neg(add(X1, X2)), div(sub(X1, -4), div(X2, X4)))	None	0.20968300726796155	0.5038150174327743	1	581.8381037831621	9995	0	6.0	511.7453705643605	5204	10000	360	638	1	0.019331540186720685	41.0	0.20968300726796155	0.20968300726796155	0.043966963536936014	1
[2, 3, 5]	lt(add(mul(X5, X3), X2), mul(X5, 2))	None	0.8392895514239064	0.5954672280660234	1	581.8381037831621	9995	0	6.0	511.7453705643605	6213	10000	422	638	1	0.4501330263959313	103.0	0.8392895514239064	0.8392895514239064	0.704406951129342	1
[]	sub(max(4, 4), div(4, 4))	None	0.3433968038384459	0.5260352448222194	2	581.8381037831621	9995	0	6.0	1023.490741128721	5326	10000	371	638	1	0.13120209088693371	52.0	0.3433968038384459	0.3433968038384459	0.11792136488646009	1
[3, 2, 0, 1, 4]	[[13.5, 24.5], [1.0499999999999998, 4.95], '5', '3', '1']	[-7.7061450412379635, 13.401479008430144]	0.9998430831198752	1.0	1	643.5658737115136	8937	0	0.8333333333333334	643.5658737115136	17	17	2	2	1	1.00000000000145	0.5360501567398119	0.9998430831198752	0.9998430831198752	0.9996861908626578	1
[3, 2]	[[-4.000000000000001, 10.0], [7.55, 10.45]]	[-12.206611743244759, 13.053331791603961]	0.9448538961121992	0.927268165265434	1	408.37903443282454	9923	0	0.3333333333333333	408.37903443282454	1123	1123	72	72	1	0.9443745697457635	15.799373040752357	0.9448538961121992	0.9448538961121992	0.8927488849984024	1
[3]	[[-1.7000000000000002, 3.7]]	[-4.521941683550393, 6.204883653166187]	1.0	0.9850416336437422	1	396.1537787435235	9923	0	0.16666666666666666	396.1537787435235	1769	1769	114	114	1	0.9979651276632544	60.573667711598745	1.0	1.0	1.0	1
[3, 2]	[[-1.0, 7.0], [1.1, 6.9]]	[-8.573332193711723, 9.420052242070925]	0.9838845330355606	0.948445469859113	3	402.3471813909604	9995	0	0.3333333333333333	1207.041544172881	1614	1614	104	104	1	0.9828285118249983	32.43887147335424	0.9838845330355606	0.9838845330355606	0.9680287743466031	1
[3, 2, 0]	[[-1.4000000000000004, 11.4], [2.5999999999999996, 9.4], '1']	[-11.369127224851658, 1.7798844782202785]	0.7543987881428802	0.6706358491583151	1	423.2994934092736	9995	0	0.5	423.2994934092736	411	568	27	37	1	0.7541149689141267	9.775862068965516	0.7543987881428802	0.7543987881428802	0.5691175315514463	1
[3]	[[-1.2999999999999998, 13.3]]	[-13.787424820970344, 10.434438842583223]	0.7042397183938878	0.8777883729263237	5	472.5954526917504	9995	0	0.16666666666666666	2170.2769741542998	6256	6256	401	401	1	0.53631583760431	64.10971786833852	0.7042397183938878	0.7042397183938878	0.49595358096350234	1
[3, 2, 0, 1]	[[11.0, 25.0], [-1.25, 3.25], '1', '7']	[-21.649396100368897, -5.386144783411503]	0.8757005613748072	0.6411116063811952	1	706.5089416872605	7693	0	0.6666666666666666	706.5089416872605	17	32	2	3	1	0.8808921782455515	1.2993730407523512	0.8757005613748072	0.8757005613748072	0.7668514731921525	1
[3, 2, 0, 1]	[[-5.0, 7.0], [8.05, 11.95], '3', '8']	[-7.809194609318377, 9.49213657893417]	0.9690604320545169	0.9457065634931178	1	402.56383623952166	9230	0	0.6666666666666666	402.56383623952166	33	33	3	3	1	0.9814707018151817	0.9357366771159876	0.9690604320545169	0.9690604320545169	0.9390781209736869	1
[3, 2, 0, 1]	[[0.5999999999999996, 11.4], [0.55, 3.45], '0', '10']	[-6.866892345669324, 3.5139063672822037]	0.9998664533374638	1.0	1	418.8241370832896	9008	0	0.6666666666666666	418.8241370832896	17	17	2	2	1	1.00000000000145	0.9686520376175549	0.9998664533374638	0.9998664533374638	0.9997329245096387	1
[3]	[[3.4999999999999996, 10.5]]	[-6.6469590813326365, 15.844771463395677]	0.6018468963458019	0.8420229212360951	3	437.2360335743314	9995	0	0.16666666666666666	1245.8851259037428	3139	3139	202	202	1	0.5956471462462495	43.69278996865205	0.6018468963458019	0.6018468963458019	0.3622196866410744	1
[3, 2]	[[-0.10000000000000053, 8.100000000000001], [5.6, 8.4]]	[-12.369928822888086, 6.315508860424666]	0.4428878994923663	0.7554026250716169	1	409.6020450108212	9791	0	0.3333333333333333	409.6020450108212	957	1149	63	75	1	0.4425529777444594	10.570532915360502	0.4428878994923663	0.4428878994923663	0.19614969151676034	1
[3, 2, 0, 1, 4]	[[4.5, 17.5], [-2.0, 2.0], '0', '8', '4']	[-23.802877351364586, 1.8030928072491843]	0.9735266675280922	0.9461087711383969	1	563.4390788317185	9064	0	0.8333333333333334	563.4390788317185	17	17	2	2	1	0.9883063869557548	0.8589341692789969	0.9735266675280922	0.9735266675280922	0.9477541723883527	1
[3, 2, 0, 1, 4]	[[14.3, 21.7], [3.4, 6.6], '5', '8', '1']	[-25.282675649901933, -1.7528652338784667]	0.9802409965641635	0.935417409571793	1	670.9483244838912	7803	0	0.8333333333333334	670.9483244838912	17	17	2	2	1	0.9906642962668932	1.2225705329153604	0.9802409965641635	0.9802409965641635	0.9608724113451045	1
[3]	[[0.5999999999999996, 11.4]]	[-9.289078712024681, 5.93609273363756]	0.6486629486697597	0.7540479754916404	2	452.3432626115761	9995	0	0.16666666666666666	868.3581565289403	4076	4944	262	317	1	0.6381928985349964	55.800940438871464	0.6486629486697597	0.6486629486697597	0.4207636209769473	1
[3, 2]	[[-4.3, 8.3], [-2.0500000000000003, 2.0500000000000003]]	[-8.90823048306522, 12.54542019036794]	0.9438255321517224	0.910299534294534	1	403.626740682905	9981	0	0.3333333333333333	403.626740682905	1000	1000	65	65	1	0.943289617887418	17.42163009404389	0.9438255321517224	0.9438255321517224	0.890806635141482	1
[3, 2, 0, 1, 4]	[[1.8999999999999995, 10.100000000000001], [-1.9499999999999997, 3.9499999999999997], '3', '4', '6']	[-6.001825786256697, 2.6488398078695767]	0.999881327575541	1.0	1	419.8202959921152	9116	0	0.8333333333333334	419.8202959921152	17	17	2	2	1	1.00000000000145	1.1630094043887147	0.999881327575541	0.999881327575541	0.9997626692342264	1
[3]	[[-2.6000000000000005, 10.600000000000001]]	[-13.927048629830814, 7.872628667367394]	0.66566037405095	0.8330551644857489	1	433.22417370864076	9995	0	0.16666666666666666	410.28021713580097	4528	4907	291	315	1	0.6562534391462537	52.0344827586207	0.66566037405095	0.66566037405095	0.44310373358165067	1
[3, 2, 0, 1]	[[-1.3000000000000007, 9.3], [8.75, 11.25], '4', '9']	[-10.812809015945357, 4.758389053481936]	0.9814194942130572	0.9667600721213654	1	404.03219550168393	8559	0	0.6666666666666666	404.03219550168393	33	33	3	3	1	0.993008346258172	1.1896551724137931	0.9814194942130572	0.9814194942130572	0.963184223621413	1
[3, 2, 0, 1, 4]	[[5.699999999999999, 12.3], [0.75, 5.25], '5', '4', '1']	[-6.671732345775718, 14.089865080127337]	0.7144589991415173	0.8605799558912468	2	501.24239377926494	9810	0	0.8333333333333334	1002.4847875585299	47	47	4	4	1	0.7203374294199136	0.865203761755486	0.7144589991415173	0.7144589991415173	0.5104516614542987	1
[3, 2, 0, 1]	[[-5.3, 9.3], [-1.3, 1.3], '1', '3']	[-7.697137299887542, 11.334327007190263]	0.9998430831198752	1.0	1	402.5367751974912	9180	0	0.6666666666666666	402.5367751974912	17	17	2	2	1	1.00000000000145	0.5360501567398119	0.9998430831198752	0.9998430831198752	0.9996861908626578	1
[3]	[[5.0, 11.0]]	[0.9943334976860303, 14.83539844828807]	0.6336181509879888	0.5520996661645896	4	447.4549062555087	9981	0	0.16666666666666666	1712.2745312775437	1255	2118	82	137	1	0.6325597100971077	31.752351097178682	0.6336181509879888	0.6336181509879888	0.40147196126143775	1
[3, 2, 0]	[[6.3, 11.7], [-1.3, 1.3], '3']	[-4.941599226950464, 12.359731961302083]	0.7717373440271609	0.7928181502331745	1	445.5659123017663	9435	0	0.5	445.5659123017663	64	80	5	6	1	0.7767642892936032	1.0877742946708464	0.7717373440271609	0.7717373440271609	0.5955785281660965	1
[3, 2, 0, 1]	[[3.4999999999999996, 10.5], [-1.0499999999999998, 5.05], '3', '6']	[-4.397786026859804, 13.595598408922843]	0.5718734296158324	0.6651334294054915	1	413.3112113556127	9517	0	0.6666666666666666	413.3112113556127	79	110	6	8	1	0.5718607335569428	1.5987460815047019	0.5718734296158324	0.5718734296158324	0.32703921950057446	1
[3, 2, 0]	[[15.1, 20.9], [5.0, 11.0], '1']	[-26.147742209314558, -0.8877986744658397]	0.4913411939114157	0.5539238987356903	1	704.9980688658113	8422	0	0.5	704.9980688658113	129	208	9	14	1	0.49127636108660167	2.9216300940438877	0.4913411939114157	0.4913411939114157	0.24141616883429537	1
[3, 2]	[[-2.1999999999999993, 12.2], [3.25, 6.75]]	[-10.504060665439031, 0.9148179188076515]	0.5404748770662838	0.5553929225079914	1	460.6028231680301	9995	0	0.3333333333333333	444.5035289600376	1064	1774	69	114	1	0.5397676066734238	21.470219435736674	0.5404748770662838	0.5404748770662838	0.2921130927398146	1
[3, 2]	[[-3.3000000000000003, 3.3000000000000003], [5.699999999999999, 10.3]]	[-12.62997176742436, 12.62997176742436]	0.9921175169500389	0.9790936366214759	1	395.6100010733259	9923	0	0.3333333333333333	395.6100010733259	769	769	50	50	1	0.9918099107901476	10.971786833855802	0.9921175169500389	0.9921175169500389	0.9842971674391108	1
[3, 2, 0, 1]	[[7.199999999999999, 20.8], [7.6, 12.4], '3', '10']	[4.69879744995435, 23.03820850950205]	0.9893859415640014	0.9116666666666666	1	649.04502067218	9949	0	0.6666666666666666	649.04502067218	33	33	3	3	1	0.9893812123909483	2.2711598746081503	0.9893859415640014	0.9893859415640014	0.9788845413644855	1
[3]	[[0.10000000000000053, 11.899999999999999]]	[-9.462092023907207, 6.109106045520086]	0.6486629486697597	0.7540479754916404	2	452.3432626115761	9995	0	0.16666666666666666	868.3581565289403	4076	4944	262	317	1	0.6381928985349964	55.800940438871464	0.6486629486697597	0.6486629486697597	0.4207636209769473	1
[3]	[[5.4, 10.6]]	[-0.5627863092566976, 16.392518255230797]	0.24521583730630014	0.5520996661645896	1	447.4549062555087	9981	0	0.16666666666666666	428.0686328193859	1255	2118	82	137	1	0.24477896749685232	13.070532915360502	0.24521583730630014	0.24521583730630014	0.06013080686582986	1
[3, 2, 0, 1]	[[2.0999999999999996, 9.9], [7.5, 12.5], '1', '5']	[-8.770038776377104, 5.417052797989985]	0.9819180064372057	0.9699625388147463	1	413.55122843202764	9650	0	0.6666666666666666	413.55122843202764	33	33	3	3	1	0.9938140300432041	1.1896551724137931	0.9819180064372057	0.9819180064372057	0.9641629713656164	1
[3, 2, 0, 1, 4]	[[5.7, 14.3], [2.2, 5.8], '0', '5', '1']	[-17.032103005022908, 6.151680787235507]	0.8216640249592032	0.8949754938024398	1	561.1459609992455	6169	0	0.8333333333333334	570.1824512490568	33	33	3	3	1	0.8321419541297206	0.5877742946708464	0.8216640249592032	0.8216640249592032	0.6751317699121581	1
[3, 2, 0, 1, 4]	[[13.7, 22.3], [4.1, 9.9], '4', '1', '7']	[-20.43830291719122, -6.59723796658918]	0.9056257063024418	0.6469449397145286	1	695.3886899368147	9367	0	0.8333333333333334	695.3886899368147	16	32	2	3	1	0.9092747832986608	1.5391849529780566	0.9056257063024418	0.9056257063024418	0.8201579199157966	1
[3, 2, 0, 1, 4]	[[6.7, 21.3], [2.3499999999999996, 5.65], '4', '7', '7']	[2.2766110835989934, 25.460394875857407]	0.9818083025792734	0.947970117277778	1	652.824635465728	9370	0	0.8333333333333334	652.824635465728	16	16	2	2	1	0.9928763502410348	1.2225705329153604	0.9818083025792734	0.9818083025792734	0.9639475430135941	1
[3, 2]	[[-0.7000000000000002, 6.7], [0.7999999999999998, 7.2]]	[-4.07498608476606, 4.921706133125264]	0.960154101375643	0.8293957764525312	1	402.96447666434386	9950	0	0.3333333333333333	402.96447666434386	1878	2173	121	140	1	0.9555798365944558	61.9717868338558	0.960154101375643	0.960154101375643	0.9218958983884686	1
[3, 2]	[[-0.20000000000000018, 8.2], [-0.20000000000000018, 6.2]]	[-13.581022006065764, 7.5266020436023435]	0.49766423134133814	0.810416220233948	1	407.9394306076173	9995	0	0.3333333333333333	407.9394306076173	2316	2615	149	168	1	0.4969509031091049	21.551724137931046	0.49766423134133814	0.49766423134133814	0.24766968715656493	1
[3, 2, 0]	[[10.3, 15.7], [1.65, 4.35], '4']	[-3.015480803497417, 13.939823760990077]	0.252998708515125	0.594632641957163	1	621.7397834790829	9370	0	0.5	621.7397834790829	62	109	5	8	1	0.2529964360378131	0.6112852664576804	0.252998708515125	0.252998708515125	0.0640083465103212	1
[3]	[[1.1000000000000005, 12.899999999999999]]	[-3.8787460912122276, 13.076558473275266]	0.1721700582325418	0.5630835162452617	2	475.42429606351374	9981	0	0.16666666666666666	876.9509251984805	3000	4772	193	306	1	0.07269011959432987	24.65203761755484	0.1721700582325418	0.1721700582325418	0.029642528951796837	1
[3, 2, 0, 1]	[[4.9, 17.1], [6.65, 9.35], '0', '4']	[-19.477544554301446, -2.5222399898139525]	0.9840630756486243	0.9773587711383969	2	553.201272619008	9396	0	0.6666666666666666	1106.402545238016	16	16	2	2	1	0.9972619136479144	1.2225705329153604	0.9840630756486243	0.9840630756486243	0.96838013685503	1
[3]	[[3.3, 10.7]]	[-6.6469590813326365, 15.844771463395677]	0.6018468963458019	0.8420229212360951	1	437.2360335743314	9995	0	0.16666666666666666	415.29504196791424	3139	3139	202	202	1	0.5956471462462495	43.69278996865205	0.6018468963458019	0.6018468963458019	0.3622196866410744	1
[3]	[[6.199999999999999, 11.8]]	[-1.1353063655349032, 8.553439099886523]	0.5897023322954377	0.5648716276410977	1	494.8763193923762	9981	0	0.16666666666666666	487.3453992404703	1255	2152	82	139	1	0.5888634652035465	25.354231974921625	0.5897023322954377	0.5897023322954377	0.34774884071467876	1
[3, 2, 0]	[[-4.2, 6.2], [-3.75, 3.75], '3']	[-4.521941683550393, 6.204883653166187]	0.9754743525340404	0.8884030195185317	1	399.03564604697914	9767	0	0.5	399.03564604697914	234	249	16	17	1	0.9752678693226267	8.032915360501567	0.9754743525340404	0.9754743525340404	0.9515502124517052	1
[3, 2]	[[-5.1, 5.1], [4.65, 7.35]]	[-11.937918519894259, 11.937918519894259]	0.9696284054681661	0.94742163693054	1	400.2962031221194	9901	0	0.3333333333333333	400.2962031221194	811	811	53	53	1	0.9692961766646395	11.630094043887148	0.9696284054681661	0.9696284054681661	0.9401792446907383	1
[3, 2, 0, 1, 4]	[[-1.4000000000000004, 5.4], [7.6, 10.4], '4', '10', '6']	[-10.984390225655524, 14.621579932958245]	0.9998394854549815	1.0	1	409.192842805248	9413	0	0.8333333333333334	409.192842805248	16	16	2	2	1	1.00000000000145	0.432601880877743	0.9998394854549815	0.9998394854549815	0.9996789966748821	1
[3, 2, 0]	[[-0.7000000000000002, 6.7], [2.55, 7.45], '5']	[-9.265385441241826, 10.112105489601028]	0.9790261475782526	0.9491230580991227	1	404.53735880815964	9950	0	0.5	404.53735880815964	343	343	23	23	1	0.9788850141220045	6.164576802507838	0.9790261475782526	0.9790261475782526	0.9584921976419144	1
[1]	cos(X1)	None	0.8092563395135696	0.5917796115608306	2	581.8381037831621	9995	49	6.0	1023.490741128721	6288	9951	418	638	1	0.4350085676403036	99.0	0.8092563395135696	0.8092563395135696	0.6548958230429017	1
[3]	[[10.6, 2.0]]	[-23.95634308478362, -8.731171639121378]	1.0	1.0	1	556.4524983802128	68	68	0.16666666666666666	556.4524983802128	1	1	1	1	1	1.0	1	1.0	1.0	1.0	1
[1, 2, 4]	div(cos(add(X2, X2)), cos(mul(X1, X4)))	None	0.547670415874854	0.5544609843976395	1	581.8381037831621	9995	87	6.0	511.7453705643605	5765	9913	391	638	1	0.26937402402251487	72.0	0.547670415874854	0.547670415874854	0.29994288442453554	1
[0]	sin(X0)	None	0.7547750611790154	0.5840079579068371	4	581.8381037831621	9995	92	6.0	2046.981482257442	6039	9908	412	638	1	0.4023496849408692	93.0	0.7547750611790154	0.7547750611790154	0.5696853929777864	1
[3]	[[13.5, 2.0]]	[6.667013118423393, 29.850796910681808]	1.0	1.0	4	550.9460947438266	107	107	0.16666666666666666	2203.7843789753065	1	1	1	1	1	1.0	1	1.0	1.0	1.0	1
[3]	[[10.6, 2.0]]	[-26.724556074904026, -5.962958649000971]	1.0	1.0	3	544.6674215764583	147	147	0.16666666666666666	1634.002264729375	1	1	1	1	1	1.0	1	1.0	1.0	1.0	1
[1, 2, 3, 4]	max(neg(X3), div(X3, add(X4, sub(X2, X1))))	None	0.6075850493017301	0.5628402207229142	1	581.8381037831621	9995	154	6.0	511.7453705643605	5895	9846	397	638	1	0.30838206906586707	78.0	0.6075850493017301	0.6075850493017301	0.3691595921349858	1
[3]	sub(neg(neg(3)), X3)	None	0.33555952787189997	0.534888374484033	4	581.8381037831621	9995	195	6.0	2046.981482257442	5508	9805	361	638	1	0.17503671691000178	42.0	0.33555952787189997	0.33555952787189997	0.1126001967456124	1
[5]	sin(neg(sub(cos(4), X5)))	None	0.6813679049432176	0.573812900055004	2	581.8381037831621	9995	234	6.0	1023.490741128721	5999	9766	404	638	1	0.35796477932621545	85.0	0.6813679049432176	0.6813679049432176	0.4642622218867097	1
[3, 4, 5]	add(sin(max(X4, -4)), lt(X3, X5))	None	0.6568764247963889	0.5708364694334209	1	581.8381037831621	9995	260	6.0	511.7453705643605	6017	9740	401	638	1	0.34469339582055025	82.0	0.6568764247963889	0.6568764247963889	0.4314866374532859	1
[3]	[[-2.0, 8.2]]	[-7.3622390105340445, 8.208959058893248]	0.9828698842006014	0.9230909103776577	2	408.44380452873366	9995	282	0.16666666666666666	816.8876090574673	3844	3844	252	252	1	0.9677625574409426	78.60188087774296	0.9828698842006014	0.9828698842006014	0.9660332092685036	1
[4, 5]	gt(sin(X5), cos(neg(X4)))	None	0.6370663470860466	0.5680091650932719	1	581.8381037831621	9995	312	6.0	511.7453705643605	5937	9688	399	638	1	0.33196184758931724	80.0	0.6370663470860466	0.6370663470860466	0.4058535305895592	1
[3]	[[-2.0, 12.1]]	[-12.580220408029337, 2.990977661397957]	0.8870663861256718	0.7030584661936001	5	472.59442180003003	9995	406	0.16666666666666666	2170.2689203127347	4348	5551	289	369	1	0.6709582784392197	80.78683385579939	0.8870663861256718	0.8870663861256718	0.7868867733940594	1
[3]	[[14.7, 2.0]]	[11.511385851134106, 28.639703727504127]	1.0	1.0	1	524.0539328777317	421	421	0.16666666666666666	524.0539328777317	1	1	1	1	1	1.0	1	1.0	1.0	1.0	1
[3, 2]	[[15.3, 20.7], [-1.0, 3.5]]	[-20.84210347089816, -3.309985040821198]	0.6380213356612346	0.5320413080154733	1	733.7667062957709	9972	475	0.3333333333333333	733.7667062957709	568	913	38	61	1	0.6374583349531069	17.539184952978058	0.6380213356612346	0.6380213356612346	0.40707122475894586	1
[3]	[[16.7, 2.0]]	[10.646319291721479, 25.87149073738372]	1.0	1.0	2	507.6571307740801	498	498	0.16666666666666666	1015.3142615481602	1	1	1	1	1	1.0	1	1.0	1.0	1.0	1
[1, 2, 3]	max(neg(X3), div(X3, sub(X2, X1)))	None	0.41109950706945536	0.5340002842883558	2	581.8381037831621	9995	509	6.0	1023.490741128721	5635	9491	379	638	1	0.17066692356580315	60.0	0.41109950706945536	0.41109950706945536	0.16900280471274917	1
[3]	[[13.2, 2.0]]	[9.08919948477875, 27.42861054432645]	1.0	1.0	4	509.6988911410067	559	559	0.16666666666666666	2038.7955645640268	1	1	1	1	1	1.0	1	1.0	1.0	1.0	1
[2, 0, 5]	[[2.7, 5.3], '2', [0.4500000000000002, 11.55]]	[-14.2638900149025, 3.3834677971150997]	0.2609400793739841	0.6634384309154158	1	483.160030908116	9508	621	0.5	483.160030908116	278	366	19	25	1	0.26084110747805256	3.4043887147335408	0.2609400793739841	0.2609400793739841	0.06808972502370113	1
[3]	[[13.5, 2.0]]	[6.147973182775816, 29.850796910681808]	1.0	1.0	1	505.8009556759581	649	649	0.16666666666666666	505.8009556759581	1	1	1	1	1	1.0	1	1.0	1.0	1.0	1
[3]	[[14.6, 2.0]]	[10.300292667956427, 26.217517361148772]	1.0	1.0	1	503.56882228937036	681	681	0.16666666666666666	503.56882228937036	1	1	1	1	1	1.0	1	1.0	1.0	1.0	1
[3]	[[13.2, 2.0]]	[-2.1836009175375093, 27.42861054432645]	1.0	1.0	1	503.8861501966109	684	684	0.16666666666666666	503.8861501966109	1	1	1	1	1	1.0	1	1.0	1.0	1.0	1
[3]	[[15.4, 2.0]]	[-19.054196422131014, -7.9813444616493845]	1.0	1.0	1	508.50453674533543	690	690	0.16666666666666666	508.50453674533543	1	1	1	1	1	1.0	1	1.0	1.0	1.0	1
[3, 2]	[[15.3, 20.7], [-1.0, 3.5]]	[-23.725555842959203, -3.309985040821198]	0.6410969420763815	0.5333801545447712	1	733.7667062957709	9972	706	0.3333333333333333	733.7667062957709	557	890	38	61	1	0.6405341726035545	17.539184952978058	0.6410969420763815	0.6410969420763815	0.4110052891396872	1
[3, 5]	max(gt(gt(sin(mul(X5, X3)), X5), mul(X3, X5)), div(cos(X5), add(X3, X5)))	None	0.6193359818713665	0.5657161206432175	1	581.8381037831621	9995	729	6.0	511.7453705643605	5740	9271	397	638	1	0.32154896831113394	78.0	0.6193359818713665	0.6193359818713665	0.3835770584405696	1
[3]	[[13.8, 2.0]]	[13.933572217489463, 22.584237811615736]	1.0	1.0	2	493.1906028542868	754	754	0.16666666666666666	986.3812057085736	1	1	1	1	1	1.0	1	1.0	1.0	1.0	1
[3]	[[14.9, 2.0]]	[6.147973182775816, 30.369836846329385]	1.0	1.0	2	491.38086175564433	815	815	0.16666666666666666	982.7617235112887	1	1	1	1	1	1.0	1	1.0	1.0	1.0	1
[0, 1, 5]	mul(sin(lt(X1, X1)), add(gt(X0, sub(X1, X1)), X5))	None	0.5911830860124305	0.5619258904232078	1	581.8381037831621	9995	829	6.0	511.7453705643605	5669	9171	394	638	1	0.30417150741583204	75.0	0.5911830860124305	0.5911830860124305	0.34949744118718085	1
[2, 3, 4]	max(neg(X3), div(X3, add(X4, X2)))	None	0.532617693910693	0.5549454281769983	1	581.8381037831621	9995	840	6.0	511.7453705643605	5507	9160	387	638	1	0.27165422434317776	68.0	0.532617693910693	0.532617693910693	0.2836816078667447	1
[3]	[[13.5, 2.0]]	[6.147973182775816, 30.369836846329385]	1.0	1.0	2	495.2834487092865	1023	1023	0.16666666666666666	990.566897418573	1	1	1	1	1	1.0	1	1.0	1.0	1.0	1
[3]	mul(sin(mul(3, X3)), add(3, sin(3)))	None	0.8242440108043199	0.6094629591806798	1	581.8381037831621	9995	1175	6.0	511.7453705643605	5679	8825	410	638	1	0.5052683739299518	91.0	0.8242440108043199	0.8242440108043199	0.6793781893467917	1
[3]	[[10.6, 2.0]]	[-11.668690336664618, -5.962958649000971]	1.0	1.0	1	497.64514485674874	1218	1218	0.16666666666666666	497.64514485674874	1	1	1	1	1	1.0	1	1.0	1.0	1.0	1
[3]	[[13.2, 2.0]]	[6.667013118423393, 27.42861054432645]	1.0	1.0	1	493.6261894375372	1255	1255	0.16666666666666666	493.6261894375372	1	1	1	1	1	1.0	1	1.0	1.0	1.0	1
[3]	[[16.7, 2.0]]	[8.570159549131173, 25.87149073738372]	1.0	1.0	1	494.66364626863356	1287	1287	0.16666666666666666	494.66364626863356	1	1	1	1	1	1.0	1	1.0	1.0	1.0	1
[3]	[[13.2, 2.0]]	[7.013039742188443, 27.42861054432645]	1.0	1.0	1	492.40760572900774	1346	1346	0.16666666666666666	492.40760572900774	1	1	1	1	1	1.0	1	1.0	1.0	1.0	1
[1, 2, 3]	max(neg(X3), div(2, sub(X2, X1)))	None	0.47983242723071173	0.546372288378391	1	581.8381037831621	9995	1364	6.0	511.7453705643605	5170	8636	383	638	1	0.2308845015126749	64.0	0.47983242723071173	0.47983242723071173	0.23023915822211627	1
[1, 2, 3, 4]	lt(div(X1, neg(X2)), max(X3, X4))	None	0.513662914442668	0.551404177556079	1	581.8381037831621	9995	1445	6.0	511.7453705643605	5165	8555	386	638	1	0.2549192369280718	67.0	0.513662914442668	0.513662914442668	0.2638495896737357	1
[3, 0]	[[-2.0, 12.1], '1']	[-12.580220408029337, 2.990977661397957]	0.7857704515806375	0.7441641817681951	1	442.60739102842683	9995	1482	0.3333333333333333	414.75923878553357	666	812	50	61	1	0.7852868086844109	15.579937304075237	0.7857704515806375	0.7857704515806375	0.617435202577239	1
[]	sin(mul(-1, -1))	None	0.515766223190594	0.5519109036296912	1	581.8381037831621	9995	1512	6.0	511.7453705643605	5128	8488	386	638	1	0.2573232637080815	67.0	0.515766223190594	0.515766223190594	0.2660147969842896	1
[3, 5]	sin(div(X5, X3))	None	0.5081445661864264	0.5500765983540985	2	581.8381037831621	9995	1549	6.0	1023.490741128721	5116	8451	386	638	1	0.24860641795896243	67.0	0.5081445661864264	0.5081445661864264	0.25821090014479153	1
[1, 4, 5]	gt(max(sin(X5), max(2, X1)), cos(sin(X4)))	None	0.5147372368190236	0.5516629484402177	1	581.8381037831621	9995	1549	6.0	511.7453705643605	5102	8451	386	638	1	0.2561472910270995	67.0	0.5147372368190236	0.5147372368190236	0.2649544229680836	1
[1, 3, 4]	sin(add(lt(mul(X4, X3), cos(2)), X1))	None	0.5765494243901808	0.5593936834173966	1	581.8381037831621	9995	1570	6.0	511.7453705643605	5183	8430	393	638	1	0.29245051045967185	74.0	0.5765494243901808	0.5765494243901808	0.33240923876464873	1
[3]	[[-2.0, 3.7]]	[-5.017386044593239, 5.017386044593239]	0.9983058732233593	0.977993183672697	1	396.1537787435235	9923	1586	0.16666666666666666	396.1537787435235	1492	1492	113	113	1	0.9965053241806205	53.84326018808778	0.9983058732233593	0.9983058732233593	0.9966146165122539	1
[3]	cos(X3)	None	0.6188133040486166	0.5666339602086958	3	581.8381037831621	9995	1633	6.0	1535.2361116930815	5160	8367	396	638	1	0.3257261754068815	77.0	0.6188133040486166	0.6188133040486166	0.3829299052675656	1
[3, 0]	[[-2.0, 12.1], '4']	[-12.580220408029337, 2.990977661397957]	0.6960461167983258	0.7108672782742712	2	497.431709086392	9944	1650	0.3333333333333333	994.863418172784	502	632	38	48	1	0.695718216496856	10.915360501567399	0.6960461167983258	0.6960461167983258	0.4844801967100287	1
[3]	[[10.6, 2.0]]	[-27.589622634316655, -5.962958649000971]	1.0	1.0	1	486.8186810327844	1755	1755	0.16666666666666666	486.8186810327844	1	1	1	1	1	1.0	1	1.0	1.0	1.0	1
[2, 3, 4, 5]	sub(sin(div(X2, X4)), sin(lt(X5, X3)))	None	0.5223691555951692	0.5524693735796892	1	581.8381037831621	9995	1813	6.0	511.7453705643605	4954	8187	387	638	1	0.25996919430089444	68.0	0.5223691555951692	0.5223691555951692	0.27286953471721004	1
[3, 0, 2, 4, 5]	[[13.5, 20.5], '2', [-1.0, 3.6], '7', [2.675, 7.325]]	[9.370156870782537, 18.366849088673863]	0.9921260185778904	0.999220117277778	1	707.0608085544756	8950	1932	0.8333333333333334	707.0608085544756	26	26	2	2	1	0.9999374228347394	1.683385579937304	0.9921260185778904	0.9921260185778904	0.9843140367392166	1
[2]	cos(neg(X2))	None	0.6069368677799186	0.5637090898260246	1	581.8381037831621	9995	1954	6.0	511.7453705643605	4996	8046	396	638	1	0.3123724412925642	77.0	0.6069368677799186	0.6069368677799186	0.3683723614704984	1
[3]	sin(X3)	None	0.8974860285567223	0.6099661284372111	1	581.8381037831621	9995	1968	6.0	511.7453705643605	5356	8032	424	638	1	0.5071822607441759	105.0	0.8974860285567223	0.8974860285567223	0.8054811714545178	1
[3, 2]	[[15.3, 20.7], [-1.0, 3.5]]	[-19.74624966966112, -3.309985040821198]	0.6410969420763815	0.5333801545447712	1	733.7667062957709	9972	1982	0.3333333333333333	733.7667062957709	481	768	38	61	1	0.6405341726035545	17.539184952978058	0.6410969420763815	0.6410969420763815	0.4110052891396872	1
[2, 3, 5]	sin(sin(max(X3, mul(X2, X5))))	None	0.6998993969448101	0.5774302988379805	1	581.8381037831621	9995	2007	6.0	511.7453705643605	5070	7993	405	638	1	0.37390696843873905	86.0	0.6998993969448101	0.6998993969448101	0.4898591658437088	1
[1, 2, 4]	gt(div(gt(X1, X1), gt(X2, X4)), add(sub(-5, X4), neg(X1)))	None	0.49564163915267734	0.5491353434795829	2	581.8381037831621	9995	2009	6.0	1023.490741128721	4823	7991	384	638	1	0.24411812265616065	65.0	0.49564163915267734	0.49564163915267734	0.24566063446195283	1
[3]	[[9.6, 18.7]]	[-19.74624966966112, -3.309985040821198]	0.9996796169488809	0.589761529422854	2	649.3874827703582	9988	2075	0.16666666666666666	1353.3216932146397	2272	3399	183	274	1	0.7529099928269167	91.09404388714734	0.9996796169488809	0.9996796169488809	0.9993593365430612	1
[3, 1]	[[-2.0, 5.1], '2']	[-11.937918519894259, 11.937918519894259]	0.9804653736587625	0.9602905504551837	1	398.91328911439183	9718	2115	0.3333333333333333	398.91328911439183	283	283	23	23	1	0.9803632779206268	5.047021943573668	0.9804653736587625	0.9804653736587625	0.9613123489438168	1
[3, 5]	lt(X5, X3)	None	0.5858148421148938	0.5616520436385299	1	581.8381037831621	9995	2115	6.0	511.7453705643605	4878	7885	393	638	1	0.3029081645593981	74.0	0.5858148421148938	0.5858148421148938	0.3431790292420979	1
[0, 1, 3, 4]	lt(lt(neg(X1), max(X0, 0)), max(neg(X1), lt(lt(neg(X3), sin(X4)), sin(X1))))	None	0.5816319439766848	0.5606304211371267	1	581.8381037831621	9995	2140	6.0	511.7453705643605	4858	7860	393	638	1	0.29818599378844174	74.0	0.5816319439766848	0.5816319439766848	0.33829571825409743	1
[2, 3]	max(neg(X3), div(X3, X2))	None	0.40327813140499824	0.5373842225727424	4	581.8381037831621	9995	2255	6.0	2046.981482257442	4526	7745	374	638	1	0.18728102465630597	55.0	0.40327813140499824	0.40327813140499824	0.16263325126950703	1
[5]	sin(cos(X5))	None	0.6176750385743244	0.5653076152073746	1	581.8381037831621	9995	2348	6.0	511.7453705643605	4777	7652	397	638	1	0.3196858825483709	78.0	0.6176750385743244	0.6176750385743244	0.3815224532777931	1
[1]	sin(gt(3, X1))	None	0.5702485185732681	0.5588937150220445	1	581.8381037831621	9995	2371	6.0	511.7453705643605	4698	7629	392	638	1	0.2901260233666025	73.0	0.5702485185732681	0.5702485185732681	0.3251833729350069	1
[3]	[[13.8, 2.0]]	[9.08919948477875, 22.584237811615736]	1.0	1.0	1	505.9307975564026	2473	2473	0.16666666666666666	505.9307975564026	1	1	1	1	1	1.0	1	1.0	1.0	1.0	1
[3, 2, 0, 4]	[[6.800000000000001, 21.2], [-1.0, 2.6500000000000004], '0', '3']	[5.390850697484453, 22.346155261971948]	0.8385717089685176	0.6046865884814814	1	705.7489450409716	9613	2595	0.6666666666666666	705.7489450409716	23	35	2	3	1	0.843277288844244	1.2711598746081505	0.8385717089685176	0.8385717089685176	0.7032025110823802	1
[2]	sin(lt(0, X2))	None	0.5054787500382117	0.5504673086149827	2	581.8381037831621	9995	2730	6.0	1023.490741128721	4403	7270	385	638	1	0.25046645671852324	66.0	0.5054787500382117	0.5054787500382117	0.25550876674019296	1
[3, 4]	[[6.7, 18.7], '4']	[-19.74624966966112, -3.309985040821198]	0.5657527840572738	0.5028481261620871	2	598.3923166214593	9988	2807	0.3333333333333333	1196.7846332429185	248	450	22	40	1	0.5654963320267786	8.58307210031348	0.5657527840572738	0.5657527840572738	0.3200762126685563	1
[0]	cos(X0)	None	0.5469915768895485	0.5553205014956186	2	581.8381037831621	9995	2872	6.0	1023.490741128721	4369	7128	390	638	1	0.2734176041402163	71.0	0.5469915768895485	0.5469915768895485	0.2991997851881148	1
[3]	[[14.1, 2.0]]	[-26.724556074904026, -5.962958649000971]	1.0	1.0	1	514.6288794819768	2873	2873	0.16666666666666666	514.6288794819768	1	1	1	1	1	1.0	1	1.0	1.0	1.0	1
[2, 3, 5]	lt(max(gt(X5, X3), neg(X2)), cos(lt(X3, X2)))	None	0.5690626078438183	0.558605705270312	1	581.8381037831621	9995	2998	6.0	511.7453705643605	4308	7002	392	638	1	0.2887854762247671	73.0	0.5690626078438183	0.5690626078438183	0.3238322516460074	1
[3]	[[10.3, 18.7]]	[-23.725555842959203, -3.309985040821198]	0.8169932835416048	0.5603367139402677	6	674.2874054316304	9988	3004	0.16666666666666666	4108.868032401919	1723	2718	157	248	1	0.6983630318359106	73.81504702194358	0.8169932835416048	0.8169932835416048	0.6674780253520931	1
[0, 1, 3, 4]	lt(div(sub(X3, 1), sub(X0, X4)), mul(cos(X1), gt(sin(X1), cos(X1))))	None	0.5312019800232003	0.5535678806335124	1	581.8381037831621	9995	3166	6.0	511.7453705643605	4167	6834	388	638	1	0.26516264133257267	69.0	0.5312019800232003	0.5312019800232003	0.2821755435805685	1
[3, 5]	gt(max(X3, X3), max(sin(X5), sin(X5)))	None	0.49958787120621617	0.5500847556401072	1	581.8381037831621	9995	3166	6.0	511.7453705643605	4124	6834	384	638	1	0.24864527029379763	65.0	0.49958787120621617	0.49958787120621617	0.24958804105635884	1
[0, 1, 3]	gt(sin(gt(X0, X3)), gt(lt(X1, X1), sin(X0)))	None	0.6032287072908719	0.5628027944462485	2	581.8381037831621	9995	3389	6.0	1023.490741128721	4088	6611	396	638	1	0.30820994690301573	77.0	0.6032287072908719	0.6032287072908719	0.36388487329981634	1
[2, 4]	max(-4, gt(X4, cos(X2)))	None	0.5051163271882194	0.5503800838616789	1	581.8381037831621	9995	3411	6.0	511.7453705643605	3987	6589	385	638	1	0.2500513645366635	66.0	0.5051163271882194	0.5051163271882194	0.25514250399211635	1
[0, 3]	lt(cos(X0), X3)	None	0.4966775709062768	0.5493844651925124	2	581.8381037831621	9995	3430	6.0	1023.490741128721	3965	6570	384	638	1	0.24530703673767634	65.0	0.4966775709062768	0.4966775709062768	0.24668860944135962	1
[]	neg(1)	None	0.5784387095250242	0.5588274538785667	1	581.8381037831621	9995	3455	6.0	511.7453705643605	4049	6545	394	638	1	0.2898177072393066	75.0	0.5784387095250242	0.5784387095250242	0.3345913406769753	1
[3, 2, 5]	[[9.6, 20.7], [-1.0, 9.1], [-1.0, 5.0]]	[-19.74624966966112, -3.309985040821198]	0.6834311156886411	0.552662956134458	2	669.6322131091085	9944	3497	0.5	1339.264426218217	510	825	50	81	1	0.6826872008176609	22.830721003134798	0.6834311156886411	0.6834311156886411	0.46707808989142074	1
[0]	add(sin(X0), cos(2))	None	0.4970536021680584	0.5484421554880047	1	581.8381037831621	9995	3543	6.0	511.7453705643605	3895	6457	385	638	1	0.24080619101666167	66.0	0.4970536021680584	0.4970536021680584	0.24706228342824246	1
[3, 4]	neg(cos(lt(X3, X4)))	None	0.5839999167910139	0.5601757181678808	1	581.8381037831621	9995	3605	6.0	511.7453705643605	3955	6395	394	638	1	0.2960796716703826	75.0	0.5839999167910139	0.5839999167910139	0.34105590281191117	1
[3, 4, 5]	div(mul(0, X4), lt(X4, max(X3, X5)))	None	0.5988476261345214	0.5627639827564659	1	581.8381037831621	9995	3660	6.0	511.7453705643605	3903	6340	395	638	1	0.30803143258180354	76.0	0.5988476261345214	0.5988476261345214	0.35861847932695146	1
[5]	sin(sin(X5))	None	0.5403942735543524	0.5547561313116272	1	581.8381037831621	9995	3706	6.0	511.7453705643605	3841	6294	389	638	1	0.27076358492937486	70.0	0.5403942735543524	0.5403942735543524	0.2920259708903363	1
[0, 2, 5]	gt(max(div(X0, X5), sub(-4, -4)), lt(gt(X5, X2), cos(sin(-5))))	None	0.5629202182888847	0.5581468806810157	1	581.8381037831621	9995	3731	6.0	511.7453705643605	3837	6269	391	638	1	0.2866475966410011	72.0	0.5629202182888847	0.5629202182888847	0.3168791721584056	1
[0, 1, 2, 3, 5]	div(div(lt(X2, X5), add(X0, X3)), lt(div(X3, X1), sub(X1, X0)))	None	0.5209684814022859	0.5521318966541245	1	581.8381037831621	9995	3856	6.0	511.7453705643605	3717	6144	387	638	1	0.2583707397797184	68.0	0.5209684814022859	0.5209684814022859	0.27140815861460393	1
[3]	[[9.6, 12.1]]	[-12.580220408029337, 2.990977661397957]	0.9787417635950487	0.9139887834390699	1	560.8159053675238	9944	3877	0.16666666666666666	571.899852136756	787	787	82	82	1	0.9775706965810238	35.730407523510976	0.9787417635950487	0.9787417635950487	0.9579354398051463	1
[3]	[[10.3, 2.0]]	[-26.032502827373925, -6.655011896531072]	1.0	1.0	1	535.4855125585907	3896	3896	0.16666666666666666	535.4855125585907	1	1	1	1	1	1.0	1	1.0	1.0	1.0	1
[3]	[[8.9, 2.0]]	[3.3146909548941466, 24.0762883807972]	1.0	1.0	1	524.4753251960003	3942	3942	0.16666666666666666	524.4753251960003	1	1	1	1	1	1.0	1	1.0	1.0	1.0	1
[2]	sin(neg(X2))	None	0.5875211310511902	0.5610323727714843	1	581.8381037831621	9995	4003	6.0	511.7453705643605	3714	5997	394	638	1	0.30004561152067044	75.0	0.5875211310511902	0.5875211310511902	0.3451810794316698	1
[3, 2]	[[15.3, 20.7], [-1.0, 3.5]]	[-23.379529219194154, -3.309985040821198]	0.6380213356612346	0.5320413080154733	2	733.7667062957709	9972	4004	0.3333333333333333	1467.5334125915417	358	574	38	61	1	0.6374583349531069	17.539184952978058	0.6380213356612346	0.6380213356612346	0.40707122475894586	1
[3, 5]	sin(sub(X5, max(X3, X5)))	None	0.641535114706511	0.5691167508801835	1	581.8381037831621	9995	4040	6.0	511.7453705643605	3731	5960	399	638	1	0.33696368452190867	80.0	0.641535114706511	0.641535114706511	0.4115673034014963	1
[0, 1, 3, 4, 5]	gt(max(cos(add(X5, X4)), neg(X0)), add(X1, sin(X3)))	None	0.6005432486381455	0.5631789796666231	2	581.8381037831621	9995	4088	6.0	1023.490741128721	3653	5912	395	638	1	0.30993911724169687	76.0	0.6005432486381455	0.6005432486381455	0.3606521934848574	1
[2, 4]	sin(add(cos(X4), X2))	None	0.5783649402927685	0.5598348996500304	1	581.8381037831621	9995	4106	6.0	511.7453705643605	3637	5894	393	638	1	0.2944990603641448	74.0	0.5783649402927685	0.5783649402927685	0.3345060041598577	1
[]	sin(0)	None	0.6004595267007709	0.5631584739468292	4	581.8381037831621	9995	4128	6.0	2046.981482257442	3626	5872	395	638	1	0.3098449119433052	76.0	0.6004595267007709	0.6004595267007709	0.36055164320571376	1
[0, 2, 3]	mul(gt(X3, X0), lt(X2, -2))	None	0.6036723146777155	0.5629110537567599	3	581.8381037831621	9995	4152	6.0	1535.2361116930815	3611	5848	396	638	1	0.308707774105509	77.0	0.6036723146777155	0.6036723146777155	0.36442026350835083	1
[3]	[[5.0, 11.0]]	[-7.3622390105340445, 14.83539844828807]	0.8568050928039457	0.8906639307504083	5	447.4549062555087	9981	4193	0.16666666666666666	2140.3431640969297	1232	1232	135	135	1	0.85585232006292	29.200626959247657	0.8568050928039457	0.8568050928039457	0.734114967054778	1
[0, 1, 4]	cos(mul(sin(X1), lt(gt(X4, X0), 0)))	None	0.5145220834312434	0.551611115873431	1	581.8381037831621	9995	4197	6.0	511.7453705643605	3500	5803	386	638	1	0.2559013723839796	67.0	0.5145220834312434	0.5145220834312434	0.2647329743384274	1
[4]	sin(neg(X4))	None	0.5617611249155899	0.5568376132411266	1	581.8381037831621	9995	4215	6.0	511.7453705643605	3552	5785	392	638	1	0.2805318999899577	73.0	0.5617611249155899	0.5617611249155899	0.31557556146642907	1
[0, 3]	sin(add(sin(X0), X3))	None	0.8377374406835032	0.5995419696714651	1	581.8381037831621	9995	4260	6.0	511.7453705643605	3764	5740	418	638	1	0.4665593926327226	99.0	0.8377374406835032	0.8377374406835032	0.701804019522946	1
[3, 5]	add(sin(max(X5, -4)), lt(X3, X5))	None	0.5173978051896064	0.5512724579455256	1	581.8381037831621	9995	4279	6.0	511.7453705643605	3478	5721	387	638	1	0.254293825298892	68.0	0.5173978051896064	0.5173978051896064	0.26770048881502195	1
[1, 4]	sin(mul(X4, X1))	None	0.5693111271730699	0.5586660403128931	1	581.8381037831621	9995	4355	6.0	511.7453705643605	3471	5645	392	638	1	0.28906639814937674	73.0	0.5693111271730699	0.5693111271730699	0.32411515952307135	1
[3, 5, 0]	[[-2.0, 12.1], [3.525, 8.475], '4']	[-12.580220408029337, 2.990977661397957]	0.600519698030029	0.6830291886074842	1	482.17462555875306	9710	4365	0.5	482.17462555875306	87	113	10	13	1	0.6004720279768265	2.6645768025078373	0.600519698030029	0.600519698030029	0.36062390772207725	1
[1]	sin(X1)	None	0.5763253997942694	0.5593392813253085	3	581.8381037831621	9995	4431	6.0	1535.2361116930815	3428	5569	393	638	1	0.2921977426281359	74.0	0.5763253997942694	0.5763253997942694	0.3321509664480245	1
[5]	div(sin(neg(sin(X5))), sin(cos(5)))	None	0.38559574572736255	0.5341809145230245	1	581.8381037831621	9995	4470	6.0	511.7453705643605	3223	5530	373	638	1	0.1715562384507857	54.0	0.38559574572736255	0.38559574572736255	0.14868407912304082	1
[4]	cos(sin(max(X4, -4)))	None	0.5054195480278327	0.5504530596512894	1	581.8381037831621	9995	4479	6.0	511.7453705643605	3343	5521	385	638	1	0.2503986537124064	66.0	0.5054195480278327	0.5054195480278327	0.2554489195286587	1
[3]	[[9.6, 18.7]]	[-26.032502827373925, -3.309985040821198]	0.9996796169488809	0.589761529422854	4	649.3874827703582	9988	4541	0.16666666666666666	2706.6433864292794	1567	2344	183	274	1	0.7529099928269167	91.09404388714734	0.9996796169488809	0.9996796169488809	0.9993593365430612	1
[3, 5]	sin(neg(mul(X3, X5)))	None	0.6104116882635113	0.5635290901060862	1	581.8381037831621	9995	4544	6.0	511.7453705643605	3358	5456	397	638	1	0.31154664653962466	78.0	0.6104116882635113	0.6104116882635113	0.3726024291687101	1
[0, 1, 2, 5]	gt(-3, div(lt(X5, X0), mul(X1, X2)))	None	0.599604599867749	0.5629491699000939	1	581.8381037831621	9995	4577	6.0	511.7453705643605	3349	5423	395	638	1	0.308883010997151	76.0	0.599604599867749	0.599604599867749	0.3595256761825634	1
[1]	max(cos(X1), cos(-4))	None	0.6922576568065091	0.5754973596715547	1	581.8381037831621	9995	4671	6.0	511.7453705643605	3377	5329	405	638	1	0.36541423370057474	86.0	0.6922576568065091	0.6922576568065091	0.4792206634072385	1
[]	sin(-4)	None	0.5433331002269722	0.5554665154731486	1	581.8381037831621	9995	4671	6.0	511.7453705643605	3254	5329	389	638	1	0.27410359648351684	70.0	0.5433331002269722	0.5433331002269722	0.29521085780225303	1
[3]	[[17.5, 2.0]]	[11.511385851134106, 25.00642417797109]	1.0	1.0	1	578.4672126483542	4758	4758	0.16666666666666666	578.4672126483542	1	1	1	1	1	1.0	1	1.0	1.0	1.0	1
[3]	[[-2.0, 6.1]]	[-5.906048178610597, 7.58899014822639]	1.0	0.939597901370985	2	403.8949096002626	9995	4780	0.16666666666666666	807.7898192005252	1697	1697	207	207	1	0.9842910363618759	80.4639498432602	1.0	1.0	1.0	1
[3]	[[-2.0, 10.5]]	[-1.1353063655349032, 8.553439099886523]	0.7242348761649456	0.5752811925043895	3	433.22417370864076	9981	4831	0.16666666666666666	1230.840651407403	1562	2540	193	313	1	0.6176042355597715	65.44514106583071	0.7242348761649456	0.7242348761649456	0.5245161558536542	1
[1, 3, 5]	gt(max(X5, -3), mul(X1, X3))	None	0.589389491758002	0.5614879089918006	1	581.8381037831621	9995	4891	6.0	511.7453705643605	3158	5109	394	638	1	0.3021504629196338	75.0	0.589389491758002	0.589389491758002	0.3473799729947559	1
[1, 3]	neg(lt(sub(X3, X1), neg(X1)))	None	0.5914610916599026	0.561993837591376	1	581.8381037831621	9995	4909	6.0	511.7453705643605	3141	5091	394	638	1	0.3044848088851284	75.0	0.5914610916599026	0.5914610916599026	0.3498262229475237	1
[0, 1]	mul(neg(max(-5, X0)), neg(cos(X1)))	None	0.37072927879333795	0.5316472544688433	1	581.8381037831621	9995	4923	6.0	511.7453705643605	2955	5077	372	638	1	0.15905778921715474	53.0	0.37072927879333795	0.37072927879333795	0.1374401981546285	1
[0, 2, 5]	gt(gt(X5, X0), X2)	None	0.5916934925363203	0.5620506511230136	2	581.8381037831621	9995	4936	6.0	1023.490741128721	3108	5064	394	638	1	0.3047467245513743	75.0	0.5916934925363203	0.5916934925363203	0.3501011891098285	1
[0, 1, 2, 5]	gt(mul(cos(X5), sub(gt(X2, X1), X5)), sub(sub(X0, X5), sub(X1, X1)))	None	0.5032733169879158	0.5499366883465142	1	581.8381037831621	9995	4936	6.0	511.7453705643605	3051	5064	385	638	1	0.24793991971106416	66.0	0.5032733169879158	0.5032733169879158	0.2532840315920192	1
[3]	[[13.5, 2.0]]	[10.646319291721479, 25.87149073738372]	1.0	1.0	1	602.3726138695745	4964	4964	0.16666666666666666	602.3726138695745	1	1	1	1	1	1.0	1	1.0	1.0	1.0	1
[4]	cos(X4)	None	0.5668264686142865	0.5580632927098343	3	581.8381037831621	9995	4993	6.0	1535.2361116930815	3080	5007	392	638	1	0.28625782154122786	73.0	0.5668264686142865	0.5668264686142865	0.32129224552174274	1
[3]	[[3.3999999999999995, 16.6]]	[-12.580220408029337, -0.5958383761829866]	0.8532922371012142	0.5089572953286903	2	571.65650430164	9995	5003	0.16666666666666666	973.7758999103513	1648	2978	210	381	1	0.5929583667737217	84.59247648902821	0.8532922371012142	0.8532922371012142	0.7281076418971947	1
[3]	[[-2.0, 12.1]]	[-10.284583841604412, 2.990977661397957]	0.7450266479669034	0.6422960774408324	3	472.59442180003003	9995	5003	0.16666666666666666	1302.1613521876407	2021	2889	258	369	1	0.5818769668171033	67.71630094043888	0.7450266479669034	0.7450266479669034	0.5550647061808003	1
[2]	sin(mul(3, X2))	None	0.5194085244450818	0.5517562747794962	1	581.8381037831621	9995	5043	6.0	511.7453705643605	3005	4957	387	638	1	0.256589994868231	68.0	0.5194085244450818	0.5194085244450818	0.2697852152662171	1
[3]	[[-2.0, 10.600000000000001]]	[-13.927048629830814, 7.872628667367394]	0.6673393595053755	0.8333966736732847	2	433.22417370864076	9995	5069	0.16666666666666666	820.5604342716019	2226	2413	289	313	1	0.6583308109316169	51.551724137931046	0.6673393595053755	0.6673393595053755	0.4453418207450448	1
[0, 4, 5]	sin(add(X0, gt(neg(cos(-4)), lt(X4, X5))))	None	0.5104412818695631	0.5506288178039099	1	581.8381037831621	9995	5117	6.0	511.7453705643605	2948	4883	386	638	1	0.2512348233718456	67.0	0.5104412818695631	0.5104412818695631	0.2605503022366427	1
[2, 3]	neg(lt(X2, X3))	None	0.6408419494271068	0.5689445649176912	1	581.8381037831621	9995	5158	6.0	511.7453705643605	3023	4842	399	638	1	0.3361872975454105	80.0	0.6408419494271068	0.6408419494271068	0.4106784041455345	1
[0, 1]	add(sin(X0), cos(X1))	None	0.5668886087664096	0.5580783545019901	1	581.8381037831621	9995	5163	6.0	511.7453705643605	2977	4837	392	638	1	0.2863280622693168	73.0	0.5668886087664096	0.5668886087664096	0.3213626947491154	1
[0, 4]	div(sin(neg(X0)), sin(sin(mul(3, X4))))	None	0.33995196310204884	0.5262831878728231	1	581.8381037831621	9995	5180	6.0	511.7453705643605	2785	4820	370	638	1	0.13243737208757247	51.0	0.33995196310204884	0.33995196310204884	0.11556733721693678	1
[3, 4, 5]	[[-1.2999999999999998, 13.3], '2', [3.0999999999999996, 10.9]]	[-1.1353063655349032, 10.434438842583223]	0.33299414376486913	0.5262632499768605	1	466.43134630027026	9697	5231	0.5	466.43134630027026	99	173	13	23	1	0.332927998153255	2.6175548589341684	0.33299414376486913	0.33299414376486913	0.11088509978169833	1
[3]	[[6.199999999999999, 10.5]]	[-13.787424820970344, 8.553439099886523]	0.23848415169310433	0.8122670410610073	1	453.88578003572667	9981	5231	0.16666666666666666	436.1072250446583	794	794	106	106	1	0.19679858427285504	21.5987460815047	0.23848415169310433	0.23848415169310433	0.056874690608779595	1
[3]	[[9.6, 12.1]]	[-19.74624966966112, 2.990977661397957]	0.9815855297765586	0.9408675168174235	1	560.8159053675238	9944	5236	0.16666666666666666	571.899852136756	612	612	82	82	1	0.9807146467469084	27.11912225705329	0.9815855297765586	0.9815855297765586	0.9635101522667271	1
[0, 2]	lt(mul(3, X2), cos(X0))	None	0.5760872720286179	0.5592814642950461	2	581.8381037831621	9995	5243	6.0	1023.490741128721	2924	4757	393	638	1	0.2919290645514867	74.0	0.5760872720286179	0.5760872720286179	0.33187654499337477	1
[0, 3, 4]	sin(lt(gt(X0, X3), sin(X4)))	None	0.5939727369101924	0.5626084599837728	1	581.8381037831621	9995	5288	6.0	511.7453705643605	2906	4712	394	638	1	0.30731589462281145	75.0	0.5939727369101924	0.5939727369101924	0.3528036121925846	1
[0, 2, 3, 5]	max(neg(lt(X0, X3)), gt(cos(X5), lt(div(X3, X2), X5)))	None	0.6331514399412903	0.567043511976884	1	581.8381037831621	9995	5439	6.0	511.7453705643605	2842	4561	399	638	1	0.32758613625154437	80.0	0.6331514399412903	0.6331514399412903	0.40088074589972933	1
[3, 5, 4, 2]	[[3.3, 10.7], [3.05, 12.95], '6', [4.75, 7.25]]	[-6.6469590813326365, 15.844771463395677]	0.5971942325838945	0.842459564886683	1	435.0802372607726	9935	5469	0.6666666666666666	435.0802372607726	36	36	5	5	1	0.5989858170205087	1.0815047021943576	0.5971942325838945	0.5971942325838945	0.3566409514314667	1
[1]	sin(cos(X1))	None	0.6743747848817562	0.573109249703955	1	581.8381037831621	9995	5482	6.0	511.7453705643605	2853	4518	403	638	1	0.3548397140937822	84.0	0.6743747848817562	0.6743747848817562	0.4547813504843149	1
[0, 2, 3, 4, 5]	max(lt(X5, gt(X0, X3)), mul(lt(X3, X2), lt(4, X4)))	None	0.579292024933982	0.5600604398639253	1	581.8381037831621	9995	5540	6.0	511.7453705643605	2748	4460	393	638	1	0.2955452220924015	74.0	0.579292024933982	0.579292024933982	0.33557925015211326	1
[0, 2, 5]	gt(lt(add(X5, X2), X0), max(3, X5))	None	0.5911563541569577	0.5619193577713302	1	581.8381037831621	9995	5540	6.0	511.7453705643605	2750	4460	394	638	1	0.3041413822715633	75.0	0.5911563541569577	0.5911563541569577	0.34946583506014633	1
[1, 3, 5]	gt(max(X3, X1), max(sin(X5), sin(X5)))	None	0.48527689147075626	0.5476795051028535	1	581.8381037831621	9995	5588	6.0	511.7453705643605	2655	4412	383	638	1	0.23715607588723964	64.0	0.48527689147075626	0.48527689147075626	0.23549366139552014	1
[1, 3]	lt(sin(X3), sub(4, X1))	None	0.5187687512753245	0.5516022922382791	3	581.8381037831621	9995	5640	6.0	1535.2361116930815	2641	4360	387	638	1	0.255859505605639	68.0	0.5187687512753245	0.5187687512753245	0.2691210172997595	1
[0, 1, 3]	lt(X3, add(sin(X0), cos(X1)))	None	0.5979013885450196	0.5625326710113192	1	581.8381037831621	9995	5641	6.0	511.7453705643605	2687	4359	395	638	1	0.3069670780919298	76.0	0.5979013885450196	0.5979013885450196	0.3574860704240625	1
[3, 2]	[[9.6, 18.7], [2.9, 9.1]]	[-26.032502827373925, -3.309985040821198]	0.8513629956708751	0.65169674483377	1	680.941087937497	9988	5680	0.3333333333333333	691.7130623779237	785	1070	116	158	1	0.8417706982530849	63.00313479623825	0.8513629956708751	0.8513629956708751	0.7248189503976866	1
[0, 1, 4]	lt(add(X4, X1), neg(cos(X0)))	None	0.5944975590041248	0.5617021756238796	1	581.8381037831621	9995	5709	6.0	511.7453705643605	2649	4291	395	638	1	0.30313951689818713	76.0	0.5944975590041248	0.5944975590041248	0.35342734766186285	1
[0]	lt(X0, cos(X0))	None	0.58191739189384	0.5607000262674935	1	581.8381037831621	9995	5709	6.0	511.7453705643605	2647	4291	393	638	1	0.29850817776612065	74.0	0.58191739189384	0.58191739189384	0.33862785098852893	1
[3, 5]	[[9.6, 21.7], [-1.0, 5.0]]	[-23.552542531076675, -3.309985040821198]	0.6178747312274652	0.5233726677114168	1	665.6668705064128	9944	5852	0.3333333333333333	665.6668705064128	371	635	57	97	1	0.6170689948096627	24.46394984326019	0.6178747312274652	0.6178747312274652	0.3817691834894123	1
[0, 5]	lt(X5, X0)	None	0.5911718352942233	0.5619231409875141	1	581.8381037831621	9995	5902	6.0	511.7453705643605	2531	4098	394	638	1	0.30415882854080234	75.0	0.5911718352942233	0.5911718352942233	0.34948413884514035	1
[3]	[[10.3, 18.7]]	[-23.379529219194154, -3.309985040821198]	0.8169879138029968	0.560301416561312	3	674.2874054316304	9988	5948	0.16666666666666666	2054.4340162009594	996	1573	157	248	1	0.6982923345700922	73.81504702194358	0.8169879138029968	0.8169879138029968	0.667469251300173	1
[0, 2, 4]	gt(sub(X2, X0), mul(X4, X0))	None	0.5241159872006818	0.5528905426685398	1	581.8381037831621	9995	6007	6.0	511.7453705643605	2426	3993	387	638	1	0.2619621146784649	68.0	0.5241159872006818	0.5241159872006818	0.2746975680393452	1
[0, 2, 5]	lt(neg(X2), div(X0, X5))	None	0.5044508766241721	0.5502199570457132	1	581.8381037831621	9995	6007	6.0	511.7453705643605	2416	3993	385	638	1	0.24928910771162607	66.0	0.5044508766241721	0.5044508766241721	0.2544706869268957	1
[3, 4, 5]	div(cos(X5), lt(X4, max(X3, X5)))	None	0.5774299074342399	0.5596075876996827	1	581.8381037831621	9995	6032	6.0	511.7453705643605	2452	3968	393	638	1	0.29344398659289445	74.0	0.5774299074342399	0.5774299074342399	0.3334252979995149	1
[4]	sin(mul(0, X4))	None	0.5911563541569577	0.5619193577713302	1	581.8381037831621	9995	6032	6.0	511.7453705643605	2446	3968	394	638	1	0.3041413822715633	75.0	0.5911563541569577	0.5911563541569577	0.34946583506014633	1
[3, 2, 0, 1]	[[13.8, 18.7], [-0.8000000000000003, 4.800000000000001], '2', '1']	[-23.610316461018567, -9.07719826288643]	0.8965086324731215	0.6316666666666666	1	737.904370105361	9922	6094	0.6666666666666666	737.904370105361	13	19	2	3	1	0.8999760005455297	1.5391849529780566	0.8965086324731215	0.8965086324731215	0.8037277280988264	1
[1, 3, 4]	sin(gt(div(X3, X1), X4))	None	0.565510397783838	0.558776527012558	1	581.8381037831621	9995	6106	6.0	511.7453705643605	2380	3894	391	638	1	0.28958070249731777	72.0	0.565510397783838	0.565510397783838	0.3198020100016347	1
[1, 3]	neg(cos(lt(X1, X3)))	None	0.6294379027485948	0.5661313288953014	2	581.8381037831621	9995	6169	6.0	1023.490741128721	2404	3831	399	638	1	0.32344015115953384	80.0	0.6294379027485948	0.6294379027485948	0.3961920734165495	1
[2, 3, 4]	gt(cos(add(X2, X4)), sin(X3))	None	0.43709413603201175	0.539224317026251	1	581.8381037831621	9995	6220	6.0	511.7453705643605	2241	3780	380	638	1	0.19627240396405726	61.0	0.43709413603201175	0.43709413603201175	0.19105128375357078	1
[0, 2, 3, 4, 5]	max(lt(add(X5, X2), gt(X0, X3)), mul(lt(X3, X2), lt(X3, X4)))	None	0.578824933090105	0.5599467860931641	1	581.8381037831621	9995	6242	6.0	511.7453705643605	2313	3758	393	638	1	0.29501812822269335	74.0	0.578824933090105	0.578824933090105	0.3350383031667645	1
[3, 2, 4]	[[-2.0, 8.3], [-1.0, 2.0500000000000003], '5']	[-8.90823048306522, 12.54542019036794]	0.9357401267477314	0.9046128728485672	1	407.57297073303715	9454	6264	0.5	407.57297073303715	54	54	9	9	1	0.9357264503231563	2.4122257053291536	0.9357401267477314	0.9357401267477314	0.8756095848058605	1
[3, 2, 1]	[[9.6, 18.7], [2.9, 9.1], '9']	[-26.032502827373925, -3.309985040821198]	0.9429806867454392	0.7765781596376804	1	707.6727086873468	9780	6332	0.5	697.5908858591835	74	86	13	15	1	0.9427739991252241	7.968652037617555	0.9429806867454392	0.9429806867454392	0.8892125755749002	1
[3]	cos(cos(X3))	None	0.5552441533486913	0.5573182806413199	1	581.8381037831621	9995	6371	6.0	511.7453705643605	2223	3629	390	638	1	0.28277973782500115	71.0	0.5552441533486913	0.5552441533486913	0.308296069827905	1
[0, 2, 3]	gt(max(X3, add(X0, X2)), lt(-5, X0))	None	0.49526194245143734	0.5490440521973444	1	581.8381037831621	9995	6371	6.0	511.7453705643605	2188	3629	384	638	1	0.24368226326285689	65.0	0.49526194245143734	0.49526194245143734	0.24528439164077084	1
[1, 3, 5]	lt(X3, add(X5, cos(X1)))	None	0.5007393403703189	0.5493274807808021	1	581.8381037831621	9995	6440	6.0	511.7453705643605	2149	3560	385	638	1	0.2450351461486382	66.0	0.5007393403703189	0.5007393403703189	0.25073988699450206	1
[0, 1, 5]	sin(mul(lt(X5, sin(X0)), X1))	None	0.5901253319062872	0.5616675142424377	1	581.8381037831621	9995	6440	6.0	511.7453705643605	2197	3560	394	638	1	0.3029795630051592	75.0	0.5901253319062872	0.5901253319062872	0.34824790735750566	1
[3]	neg(cos(X3))	None	0.49337358015441724	0.5465333288886861	1	581.8381037831621	9995	6458	6.0	511.7453705643605	2129	3542	386	638	1	0.2316581375312803	67.0	0.49337358015441724	0.49337358015441724	0.24341748959438717	1
[]	sin(3)	None	0.5907508279153691	0.5618202749547718	1	581.8381037831621	9995	6484	6.0	511.7453705643605	2173	3516	394	638	1	0.30368439221423355	75.0	0.5907508279153691	0.5907508279153691	0.3489865406826941	1
[3, 2]	[[-2.0, 8.2], [-1.0, 3.0500000000000003]]	[-7.3622390105340445, 8.208959058893248]	0.9718609528959159	0.9277323561918656	1	403.2956967915614	9981	6484	0.3333333333333333	403.2956967915614	484	484	88	88	1	0.9709778728219993	27.448275862068968	0.9718609528959159	0.9718609528959159	0.9445137117637576	1
[2]	[[8.5, 1.0]]	[6.667013118423393, 18.366849088673863]	1.0	1.0	1	659.9338816838072	6575	6575	0.16666666666666666	659.9338816838072	1	1	1	1	1	1.0	1	1.0	1.0	1.0	1
[1, 2, 3, 4]	max(neg(X3), div(div(X4, X2), sub(X2, X1)))	None	0.5760704270712117	0.5592773747512876	1	581.8381037831621	9995	6579	6.0	511.7453705643605	2102	3421	393	638	1	0.29191005858153035	74.0	0.5760704270712117	0.5760704270712117	0.3318571369460082	1
[0, 4, 5]	max(neg(lt(X0, sin(X4))), gt(cos(X5), lt(2, X5)))	None	0.5891244803040695	0.561423251813145	1	581.8381037831621	9995	6601	6.0	511.7453705643605	2108	3399	394	638	1	0.30185188142523556	75.0	0.5891244803040695	0.5891244803040695	0.34706765329353995	1
[1]	lt(X1, sub(4, X1))	None	0.5896424802856552	0.5615496462926486	1	581.8381037831621	9995	6670	6.0	511.7453705643605	2060	3330	394	638	1	0.30243550695512444	75.0	0.5896424802856552	0.5896424802856552	0.34767825455741935	1
[0, 5]	lt(sin(lt(sin(X0), X5)), sin(sin(2)))	None	0.569985585584825	0.5588298380511326	1	581.8381037831621	9995	6670	6.0	511.7453705643605	2051	3330	392	638	1	0.2898288019166844	73.0	0.569985585584825	0.569985585584825	0.3248835677744759	1
[1, 3, 4]	lt(add(X4, X1), neg(cos(cos(add(-2, X3)))))	None	0.570407478503875	0.5589323386674225	1	581.8381037831621	9995	6695	6.0	511.7453705643605	2035	3305	392	638	1	0.29030571398079924	73.0	0.570407478503875	0.570407478503875	0.32536469153314856	1
[0, 1]	add(cos(add(-2, X0)), neg(gt(X1, -2)))	None	0.39883161848005144	0.5352559793240051	1	581.8381037831621	9995	6720	6.0	511.7453705643605	1935	3280	375	638	1	0.1768435432813508	56.0	0.39883161848005144	0.39883161848005144	0.15906665989941732	1
[1]	neg(sin(X1))	None	0.5697088173209331	0.5587626130256169	1	581.8381037831621	9995	6720	6.0	511.7453705643605	2014	3280	392	638	1	0.28951594323234664	73.0	0.5697088173209331	0.5697088173209331	0.32456813653321637	1
[3, 5]	gt(max(X3, X3), max(X5, sin(X5)))	None	0.5846856550240112	0.5613759006128247	1	581.8381037831621	9995	6744	6.0	511.7453705643605	2008	3256	393	638	1	0.3016331810286766	74.0	0.5846856550240112	0.5846856550240112	0.341857315190857	1
[1, 4]	div(mul(0, X4), lt(X4, cos(X1)))	None	0.49530866377085786	0.5490552849782591	1	581.8381037831621	9995	6770	6.0	511.7453705643605	1948	3230	384	638	1	0.2437358980071423	65.0	0.49530866377085786	0.49530866377085786	0.24533067240647272	1
[3, 4]	sin(gt(X4, X3))	None	0.5502223561936513	0.5561014179576309	2	581.8381037831621	9995	6796	6.0	1023.490741128721	1962	3204	390	638	1	0.27708329310178254	71.0	0.5502223561936513	0.5502223561936513	0.3027446412552933	1
[]	sin(-2)	None	0.5905017468959652	0.5607302705062993	2	581.8381037831621	9995	6822	6.0	1023.490741128721	1962	3178	395	638	1	0.29864814987389376	76.0	0.5905017468959652	0.5905017468959652	0.34869231308718657	1
[3, 2, 1]	[[-1.2999999999999998, 13.3], [2.55, 9.45], '3']	[-13.787424820970344, 10.434438842583223]	0.5230125009251351	0.8766240837676662	1	462.51670587343034	9884	6822	0.5	462.51670587343034	135	135	27	27	1	0.5229014556243053	4.316614420062695	0.5230125009251351	0.5230125009251351	0.2735420761239644	1
[4]	cos(cos(X4))	None	0.5140993428608387	0.5515092864076043	1	581.8381037831621	9995	6828	6.0	511.7453705643605	1921	3172	386	638	1	0.2554181506908131	67.0	0.5140993428608387	0.5140993428608387	0.2642981343299462	1
[3, 4]	max(neg(X3), div(X3, add(X4, X4)))	None	0.5233723888252008	0.5537472423398881	3	581.8381037831621	9995	6850	6.0	1535.2361116930815	1899	3150	386	638	1	0.2660092066353014	67.0	0.5233723888252008	0.5233723888252008	0.27391865738459714	1
[1, 2, 4]	div(mul(0, X4), lt(X2, X1))	None	0.4831540849820564	0.5471696629490485	1	581.8381037831621	9995	6850	6.0	511.7453705643605	1891	3150	383	638	1	0.23471228292808521	64.0	0.4831540849820564	0.4831540849820564	0.2334378698348482	1
[3, 2]	[[15.3, 21.9], [-1.0, 3.5]]	[-23.379529219194154, -3.656011664586247]	0.6427832610969034	0.5341178594628039	1	733.7667062957709	9972	6992	0.3333333333333333	733.7667062957709	182	290	38	61	1	0.6422206184076867	17.539184952978058	0.6427832610969034	0.6427832610969034	0.41317032074636995	1
[1]	mul(sin(lt(X1, X1)), X1)	None	0.570407478503875	0.5589323386674225	1	581.8381037831621	9995	7058	6.0	511.7453705643605	1813	2942	392	638	1	0.29030571398079924	73.0	0.570407478503875	0.570407478503875	0.32536469153314856	1
[3]	[[10.6, 2.0]]	[-23.552542531076675, -5.962958649000971]	1.0	1.0	1	634.1104881859453	7068	7068	0.16666666666666666	634.1104881859453	1	1	1	1	1	1.0	1	1.0	1.0	1.0	1
[3]	[[14.5, 18.7]]	[-23.379529219194154, -3.309985040821198]	0.8684398174958867	0.6708825755011493	5	740.9944217675821	9988	7114	0.16666666666666666	3710.268920059235	461	586	101	129	1	0.863148773400203	57.730407523510976	0.8684398174958867	0.8684398174958867	0.754187716612289	1
[1, 4, 5]	gt(max(max(X5, -3), max(2, X1)), cos(sin(X4)))	None	0.49465849707025966	0.5488989843769492	1	581.8381037831621	9995	7130	6.0	511.7453705643605	1730	2870	384	638	1	0.2429894574195261	65.0	0.49465849707025966	0.49465849707025966	0.2446870287238081	1
[1, 2, 3, 4]	lt(div(sub(X3, 1), sub(cos(X2), X4)), mul(cos(X1), gt(sin(X1), cos(X1))))	None	0.5343628560142616	0.5543309998796961	1	581.8381037831621	9995	7230	6.0	511.7453705643605	1685	2770	388	638	1	0.2687617067044774	69.0	0.5343628560142616	0.5343628560142616	0.28554366188771846	1
[3, 5]	gt(max(sin(X5), max(2, X3)), cos(-2))	None	0.4951427719934466	0.5490154017927529	1	581.8381037831621	9995	7270	6.0	511.7453705643605	1645	2730	384	638	1	0.2435454555745182	65.0	0.4951427719934466	0.4951427719934466	0.24516636465735422	1
[1, 2]	max(neg(X2), div(2, sub(X2, X1)))	None	0.4885600782341246	0.5474341560137465	1	581.8381037831621	9995	7283	6.0	511.7453705643605	1635	2717	384	638	1	0.235980422232742	65.0	0.4885600782341246	0.4885600782341246	0.23869095004413396	1
[3, 2]	[[15.4, 18.7], [2.9, 9.1]]	[-23.379529219194154, -7.9813444616493845]	0.887824459159556	0.6119538198455646	1	741.5134759034049	9988	7304	0.3333333333333333	739.8918448792562	171	260	40	61	1	0.8868242237361306	30.630094043887148	0.887824459159556	0.887824459159556	0.7882322702819581	1
[3]	[[10.3, 18.7]]	[-19.054196422131014, -3.309985040821198]	0.8169932835416048	0.5603367139402677	2	674.2874054316304	9988	7304	0.16666666666666666	1369.6226774673062	662	1042	157	248	1	0.6983630318359106	73.81504702194358	0.8169932835416048	0.8169932835416048	0.6674780253520931	1
[3, 4]	sin(sin(max(X3, X4)))	None	0.8299430172308805	0.597346156739598	1	581.8381037831621	9995	7306	6.0	511.7453705643605	1767	2694	418	638	1	0.45774508657792745	99.0	0.8299430172308805	0.8299430172308805	0.6888054118502975	1
[3]	[[-2.0, 10.5]]	[-0.5627863092566976, 8.553439099886523]	0.7236695201620212	0.5725324111509557	2	433.22417370864076	9981	7320	0.16666666666666666	820.5604342716019	813	1320	193	313	1	0.610160833461553	65.44514106583071	0.7236695201620212	0.7236695201620212	0.5236975744115301	1
[3]	[[5.4, 10.6]]	[-1.1353063655349032, 16.392518255230797]	0.22634978084839832	0.5481961884599598	1	447.4549062555087	9981	7320	0.16666666666666666	428.0686328193859	337	570	80	135	1	0.2259461087638369	12.076802507836987	0.22634978084839832	0.22634978084839832	0.051234223290117946	1
[0, 3, 4]	max(neg(X3), div(X3, add(X4, X0)))	None	0.474347618089278	0.546090972452375	1	581.8381037831621	9995	7373	6.0	511.7453705643605	1571	2627	382	638	1	0.22953238381964358	63.0	0.474347618089278	0.474347618089278	0.22500566278697154	1
[1]	neg(cos(X1))	None	0.5385709072707504	0.5543159487867072	1	581.8381037831621	9995	7499	6.0	511.7453705643605	1523	2501	389	638	1	0.26869079196387247	70.0	0.5385709072707504	0.5385709072707504	0.29005862215843925	1
[3, 4, 5]	gt(lt(X5, X3), sub(X4, X3))	None	0.5276293437667202	0.5537386620229676	1	581.8381037831621	9995	7520	6.0	511.7453705643605	1502	2480	387	638	1	0.2659687176546958	68.0	0.5276293437667202	0.5276293437667202	0.27839272440369983	1
[1, 4]	gt(cos(X1), lt(X4, neg(-2)))	None	0.6017569142004787	0.5634764174027966	2	581.8381037831621	9995	7520	6.0	1023.490741128721	1533	2480	395	638	1	0.3113049105633142	76.0	0.6017569142004787	0.6017569142004787	0.36211138378808233	1
[0, 1, 3, 4, 5]	sub(gt(neg(X3), X5), lt(div(X1, X4), gt(X0, 3)))	None	0.5438948442473934	0.5545733092394178	2	581.8381037831621	9995	7530	6.0	1023.490741128721	1508	2470	390	638	1	0.2699029816760495	71.0	0.5438948442473934	0.5438948442473934	0.29582160159889637	1
[3, 4]	[[-2.0, 8.2], '2']	[-7.3622390105340445, 8.208959058893248]	0.9739668122244267	0.9317182481064901	1	403.50568811816936	9923	7530	0.3333333333333333	403.50568811816936	168	168	44	44	1	0.9735619645380612	13.724137931034484	0.9739668122244267	0.9739668122244267	0.9486113513146117	1
[3]	neg(cos(lt(-2, X3)))	None	0.6430804706640223	0.56845690427871	1	581.8381037831621	9995	7540	6.0	511.7453705643605	1539	2460	400	638	1	0.33398603001785065	81.0	0.6430804706640223	0.6430804706640223	0.41355249174946046	1
[3, 4]	div(cos(X3), X4)	None	0.6346691247998868	0.5684618401827006	2	581.8381037831621	9995	7565	6.0	1023.490741128721	1516	2435	398	638	1	0.33400832812267617	79.0	0.6346691247998868	0.6346691247998868	0.4028048979742543	1
[3, 5]	neg(add(cos(X5), cos(X3)))	None	0.3693156865919681	0.5302277699318169	1	581.8381037831621	9995	7661	6.0	511.7453705643605	1370	2339	373	638	1	0.15203352484831392	54.0	0.3693156865919681	0.3693156865919681	0.13639407636289683	1
[3, 4, 5]	neg(add(cos(gt(X3, X5)), cos(X4)))	None	0.5248767350113438	0.5520442111177422	1	581.8381037831621	9995	7685	6.0	511.7453705643605	1406	2315	388	638	1	0.2579551930658201	69.0	0.5248767350113438	0.5248767350113438	0.27549558695616844	1
[3, 2]	[[10.3, 18.7], [-1.0, 3.5]]	[-23.379529219194154, -3.309985040821198]	0.6026260801218405	0.5170936286792829	4	681.6534578682807	9972	7693	0.3333333333333333	2726.613831473123	220	373	60	103	1	0.6017847995094738	25.45141065830721	0.6026260801218405	0.6026260801218405	0.3631581924430149	1
[1, 4]	neg(cos(lt(gt(X1, -2), X4)))	None	0.6309960021486315	0.5665136185042268	2	581.8381037831621	9995	7709	6.0	1023.490741128721	1440	2291	399	638	1	0.3251791828677283	80.0	0.6309960021486315	0.6309960021486315	0.39815595472755577	1
[3]	sin(gt(X3, cos(1)))	None	0.500708378121454	0.5503545532721631	1	581.8381037831621	9995	7732	6.0	511.7453705643605	1367	2268	384	638	1	0.24992985060469602	65.0	0.500708378121454	0.500708378121454	0.2507088799210169	1
[1, 5]	lt(mul(-1, X5), sin(X1))	None	0.4947087058412586	0.5489110536121069	1	581.8381037831621	9995	7780	6.0	511.7453705643605	1337	2220	384	638	1	0.24304710611856803	65.0	0.4947087058412586	0.4947087058412586	0.24473670363513292	1
[0, 1, 2, 4, 5]	gt(mul(cos(X5), sub(X2, X5)), sub(sub(X0, X4), sub(X1, X1)))	None	0.5305902032827489	0.5534203192473135	1	581.8381037831621	9995	7792	6.0	511.7453705643605	1346	2208	388	638	1	0.2644658716942588	69.0	0.5305902032827489	0.5305902032827489	0.28152596381962874	1
[0, 1, 2, 3, 4]	max(neg(X0), div(X3, add(X4, sub(X2, X1))))	None	0.4410075820651831	0.5422500866923285	1	581.8381037831621	9995	7855	6.0	511.7453705643605	1272	2145	378	638	1	0.2109872731502714	59.0	0.4410075820651831	0.4410075820651831	0.1944876874389792	1
[0, 3]	div(sin(neg(gt(X0, X3))), sin(cos(5)))	None	0.48283600738122895	0.5429938279627438	1	581.8381037831621	9995	7869	6.0	511.7453705643605	1296	2131	387	638	1	0.21459030196276332	68.0	0.48283600738122895	0.48283600738122895	0.23313061002384616	1
[3]	neg(cos(lt(X3, X3)))	None	0.5700563647074294	0.5578204323774701	1	581.8381037831621	9995	7946	6.0	511.7453705643605	1267	2054	393	638	1	0.28512482931327915	74.0	0.5700563647074294	0.5700563647074294	0.3249642589434497	1
[5]	cos(X5)	None	0.5982723777698598	0.5626233375824188	2	581.8381037831621	9995	7946	6.0	1023.490741128721	1277	2054	395	638	1	0.3073843589273464	76.0	0.5982723777698598	0.5982723777698598	0.3579298380024018	1
[1, 3, 5]	neg(lt(sub(X3, X1), X5))	None	0.5517820698444922	0.555451532175993	1	581.8381037831621	9995	7971	6.0	511.7453705643605	1244	2029	391	638	1	0.2740332154968577	72.0	0.5517820698444922	0.5517820698444922	0.3044634526018721	1
[0, 4]	sin(lt(gt(X4, X0), 0))	None	0.5711870448479818	0.5591218203927166	1	581.8381037831621	9995	7995	6.0	511.7453705643605	1234	2005	392	638	1	0.2911869606382302	73.0	0.5711870448479818	0.5711870448479818	0.3262546402021703	1
[0, 5]	lt(lt(-5, X0), neg(X5))	None	0.5711856388041979	0.5591214785416038	1	581.8381037831621	9995	8016	6.0	511.7453705643605	1222	1984	392	638	1	0.29118537117944515	73.0	0.5711856388041979	0.5711856388041979	0.3262530339761597	1
[3, 4, 5]	gt(max(X3, X3), mul(sub(-5, X4), X5))	None	0.4955453416645149	0.5491121895466158	1	581.8381037831621	9995	8016	6.0	511.7453705643605	1195	1984	384	638	1	0.24400758601478598	65.0	0.4955453416645149	0.4955453416645149	0.24556518564540084	1
[0, 1, 3, 5]	mul(sin(lt(X1, X1)), add(gt(X0, X3), X5))	None	0.5708927874454771	0.5590502853583663	1	581.8381037831621	9995	8042	6.0	511.7453705643605	1207	1958	392	638	1	0.29085431988147437	73.0	0.5708927874454771	0.5708927874454771	0.3259185747572667	1
[1, 5]	gt(cos(X1), lt(X1, X5))	None	0.5896279664227847	0.5615461040889033	1	581.8381037831621	9995	8069	6.0	511.7453705643605	1196	1931	394	638	1	0.3024191538524852	75.0	0.5896279664227847	0.5896279664227847	0.34766113878786853	1
[3, 4]	cos(max(X3, X4))	None	0.5682721562524244	0.5594491909514363	1	581.8381037831621	9995	8093	6.0	511.7453705643605	1168	1907	391	638	1	0.29270837360240554	72.0	0.5682721562524244	0.5682721562524244	0.3229332435717799	1
[3, 5]	add(sin(max(X5, -4)), lt(X3, X3))	None	0.5312105901042719	0.5535699577072941	1	581.8381037831621	9995	8118	6.0	511.7453705643605	1138	1882	388	638	1	0.2651724471426794	69.0	0.5312105901042719	0.5312105901042719	0.28218469103892874	1
[0, 2, 3, 5]	max(neg(lt(X0, X5)), gt(cos(X5), lt(div(X3, X2), X5)))	None	0.6100123827046507	0.564463156745721	2	581.8381037831621	9995	8118	6.0	1023.490741128721	1167	1882	396	638	1	0.31582692710012006	77.0	0.6100123827046507	0.6100123827046507	0.37211510705300527	1
[5]	neg(cos(lt(X5, X5)))	None	0.5696120054848847	0.5577130212615812	1	581.8381037831621	9995	8141	6.0	511.7453705643605	1147	1859	393	638	1	0.28462348777436464	74.0	0.5696120054848847	0.5696120054848847	0.3244578367925123	1
[0, 1, 3, 4]	sub(gt(mul(-3, X3), div(X1, X0)), sub(div(X1, X4), gt(X3, X1)))	None	0.2912193935833287	0.5185446673383955	1	581.8381037831621	9995	8141	6.0	511.7453705643605	1073	1859	366	638	1	0.09371292744772372	47.0	0.2912193935833287	0.2912193935833287	0.08480873519904171	1
[2, 4]	sin(sin(max(X2, X4)))	None	0.594278330276227	0.5626833354760686	1	581.8381037831621	9995	8172	6.0	511.7453705643605	1130	1828	394	638	1	0.3076604281847425	75.0	0.594278330276227	0.594278330276227	0.35316673383590036	1
[3]	[[9.6, 18.7]]	[-18.362143174600913, -3.309985040821198]	1.0	0.5900270967449943	2	649.3874827703582	9988	8232	0.16666666666666666	1353.3216932146397	512	764	183	274	1	0.7533634878649074	91.09404388714734	1.0	1.0	1.0	1
[1, 2, 3]	max(neg(X3), div(cos(lt(X1, X3)), sub(X2, X1)))	None	0.5695146989132183	0.558715471031437	2	581.8381037831621	9995	8283	6.0	1023.490741128721	1056	1717	392	638	1	0.2892965131664849	73.0	0.5695146989132183	0.5695146989132183	0.3243469922782137	1
[3, 4, 0]	[[13.5, 21.2], '1', '1']	[9.08919948477875, 29.850796910681808]	0.914926374738067	0.6585641407333337	1	714.2426409138216	9476	8289	0.5	714.2426409138216	19	28	7	10	1	0.9148064660344826	5.41692789968652	0.914926374738067	0.914926374738067	0.8370902711913418	1
[3]	sin(cos(X3))	None	0.607400304971091	0.5648640184858285	1	581.8381037831621	9995	8307	6.0	511.7453705643605	1053	1693	395	638	1	0.31766003460817266	76.0	0.607400304971091	0.607400304971091	0.36893513047897436	1
[3]	[[14.9, 2.0]]	[9.08919948477875, 30.369836846329385]	1.0	1.0	1	705.9735556427454	8312	8312	0.16666666666666666	705.9735556427454	1	1	1	1	1	1.0	1	1.0	1.0	1.0	1
[1, 2, 3, 4]	gt(cos(X1), div(X3, add(X4, X2)))	None	0.5590922184070649	0.5572183892714925	1	581.8381037831621	9995	8334	6.0	511.7453705643605	1025	1666	391	638	1	0.28231284381823174	72.0	0.5590922184070649	0.5590922184070649	0.3125841086833332	1
[3, 4]	gt(sub(X3, X4), X4)	None	0.5486413938359922	0.556752743207376	1	581.8381037831621	9995	8398	6.0	511.7453705643605	976	1602	389	638	1	0.2801346944516917	70.0	0.5486413938359922	0.5486413938359922	0.3010073790303003	1
[3, 2, 0, 1]	[[1.7000000000000002, 14.3], [2.4999999999999996, 9.5], '2', '8']	[-13.787424820970344, 13.797318576992916]	0.012373320422903044	0.7805158082787249	1	461.3959135900158	9697	8421	0.6666666666666666	461.3959135900158	16	18	6	7	1	0.012370101124947061	0.11912225705329149	0.012373320422903044	0.012373320422903044	0.00015309905828782958	1
[2, 3, 4, 5]	lt(max(gt(X5, X3), neg(X2)), lt(-2, X4))	None	0.5749931225574388	0.5600485182306113	1	581.8381037831621	9995	8469	6.0	511.7453705643605	943	1531	392	638	1	0.2954899411419176	73.0	0.5749931225574388	0.5749931225574388	0.3306170909883539	1
[1, 2, 3]	sin(sub(cos(lt(X3, X2)), X1))	None	0.6471299772248944	0.5694591955511668	1	581.8381037831621	9995	8469	6.0	511.7453705643605	965	1531	400	638	1	0.33850644721607154	81.0	0.6471299772248944	0.6471299772248944	0.4187772074230923	1
[]	cos(sub(1, 4))	None	0.5697983172692977	0.5577580529764279	1	581.8381037831621	9995	8491	6.0	511.7453705643605	932	1509	393	638	1	0.2848336917931849	74.0	0.5697983172692977	0.5697983172692977	0.3246701223629233	1
[0, 1, 3]	lt(sin(X0), sub(X3, X1))	None	0.5198763213299756	0.5529023977189673	1	581.8381037831621	9995	8491	6.0	511.7453705643605	913	1509	386	638	1	0.26201818001276267	67.0	0.5198763213299756	0.5198763213299756	0.27027138947958806	1
[3, 0]	[[-2.0, 10.600000000000001], '4']	[-13.927048629830814, 7.872628667367394]	0.7960977176639366	0.8608601048015683	2	417.194858387949	9923	8515	0.3333333333333333	834.389716775898	89	94	37	39	1	0.7958993151036597	7.413793103448278	0.7960977176639366	0.7960977176639366	0.6337715760697289	1
[]	sin(cos(5))	None	0.5724305979364708	0.5594243048268296	1	581.8381037831621	9995	8596	6.0	511.7453705643605	860	1404	392	638	1	0.29259276892294017	73.0	0.5724305979364708	0.5724305979364708	0.32767678945390544	1
[3, 5]	[[-2.0, 10.5], [8.125, 11.875]]	[-0.5627863092566976, 8.553439099886523]	0.5110015734363706	0.5389278967789268	1	441.1588554452425	9872	8596	0.3333333333333333	420.19856930655317	74	129	33	57	1	0.5106996185166318	9.771159874608148	0.5110015734363706	0.5110015734363706	0.2611226080544465	1
[3, 2]	[[-2.0, 6.1], [-1.0, 5.1]]	[-5.906048178610597, 7.58899014822639]	0.9859951071730593	0.9400487525230811	1	402.81039295100106	9995	8609	0.3333333333333333	402.81039295100106	259	259	119	119	1	0.9844578946060308	46.25705329153605	0.9859951071730593	0.9859951071730593	0.9721863513692126	1
[2, 3]	lt(X3, X2)	None	0.5666568385308908	0.5580221803026836	1	581.8381037831621	9995	8609	6.0	511.7453705643605	853	1391	392	638	1	0.2860660784582784	73.0	0.5666568385308908	0.5666568385308908	0.321099972653824	1
[3, 2]	[[-1.2999999999999998, 13.3], [2.55, 9.45]]	[-6.6469590813326365, 10.434438842583223]	0.6998903682425431	0.8216906361362118	3	446.3054098271731	9995	8659	0.3333333333333333	1279.895286851899	507	551	243	264	1	0.6934038178458867	49.758620689655174	0.6998903682425431	0.6998903682425431	0.48984652755868263	1
[3, 5, 4, 2]	[[3.3, 10.7], [3.05, 12.95], '6', [4.75, 7.25]]	[-13.787424820970344, 15.844771463395677]	0.020719824943077364	0.8837307576171363	1	436.99006499998666	9935	8659	0.6666666666666666	436.99006499998666	11	11	5	5	1	0.020702545874466835	0.5407523510971783	0.020719824943077364	0.020719824943077364	0.0004293111456717709	1
[5]	sin(X5)	None	0.5110104755672084	0.5507657411619173	1	581.8381037831621	9995	8674	6.0	511.7453705643605	803	1326	386	638	1	0.2518859841111274	67.0	0.5110104755672084	0.5110104755672084	0.26113170613942444	1
[3, 0]	[[9.6, 18.7], '1']	[-19.74624966966112, -3.309985040821198]	0.6835131506419649	0.5528019920635954	1	681.6303282461884	9972	8696	0.3333333333333333	713.5379103077355	76	123	37	60	1	0.6829767204029485	16.87460815047022	0.6835131506419649	0.6835131506419649	0.46719022710050545	1
[1, 4, 5]	lt(add(X4, X1), neg(X5))	None	0.5808503335585296	0.5604399108717651	1	581.8381037831621	9995	8725	6.0	511.7453705643605	785	1275	393	638	1	0.29730383423528906	74.0	0.5808503335585296	0.5808503335585296	0.33738710999505506	1
[0, 5]	cos(lt(cos(X5), sin(cos(X0))))	None	0.5637063415817736	0.5583378571409571	1	581.8381037831621	9995	8725	6.0	511.7453705643605	782	1275	391	638	1	0.2875377840303851	72.0	0.5637063415817736	0.5637063415817736	0.3177648395395072	1
[3, 5, 0, 1]	[[-2.0, 12.1], [3.525, 8.475], '4', '10']	[-12.580220408029337, 2.990977661397957]	0.9612186110946876	0.9044406445520018	1	500.70051959385455	9469	8831	0.6666666666666666	500.70051959385455	3	3	2	2	1	0.9734850432244166	0.871473354231975	0.9612186110946876	0.9612186110946876	0.9239412183148004	1
[3, 5]	sin(max(sin(X5), max(2, X3)))	None	0.8929183635095764	0.6082713759065033	1	581.8381037831621	9995	8856	6.0	511.7453705643605	755	1144	424	638	1	0.5007168331042019	105.0	0.8929183635095764	0.8929183635095764	0.7973032038926201	1
[4]	sin(lt(sin(X4), cos(2)))	None	0.5195861275067704	0.5517990277770188	1	581.8381037831621	9995	8985	6.0	511.7453705643605	616	1015	387	638	1	0.256792763535088	68.0	0.5195861275067704	0.5195861275067704	0.2699697438974818	1
[3, 1]	[[3.4999999999999996, 10.5], '8']	[-6.6469590813326365, 15.844771463395677]	0.3011109614654516	0.8101887942293753	1	411.0539692584119	9872	9059	0.3333333333333333	411.0539692584119	35	35	21	21	1	0.30097537045626044	4.5423197492163006	0.3011109614654516	0.3011109614654516	0.09066781111464867	1
[1]	lt(mul(-1, 5), sin(X1))	None	0.4946501273984214	0.5488969724827906	2	581.8381037831621	9995	9095	6.0	1023.490741128721	544	905	384	638	1	0.2429798474453115	65.0	0.4946501273984214	0.4946501273984214	0.24467874853527452	1
[0, 4, 5]	lt(sub(max(X4, X5), -2), div(mul(div(X5, X5), neg(X4)), X0))	None	0.5611704542219802	0.5577221746632932	1	581.8381037831621	9995	9095	6.0	511.7453705643605	560	905	391	638	1	0.2846662171882673	72.0	0.5611704542219802	0.5611704542219802	0.3149122786917036	1
[]	cos(-2)	None	0.6342003229216302	0.567301817698713	1	581.8381037831621	9995	9116	6.0	511.7453705643605	558	884	399	638	1	0.3287579554643069	80.0	0.6342003229216302	0.6342003229216302	0.4022100495939	1
[0, 3]	neg(cos(lt(neg(X0), X3)))	None	0.6323114292223041	0.566836857512327	1	581.8381037831621	9995	9116	6.0	511.7453705643605	558	884	399	638	1	0.3266479311877993	80.0	0.6323114292223041	0.6323114292223041	0.39981774352515287	1
[2, 3]	lt(X3, lt(X2, -4))	None	0.561203980310314	0.5577303074293137	2	581.8381037831621	9995	9144	6.0	1023.490741128721	529	856	391	638	1	0.28470418120436963	72.0	0.561203980310314	0.561203980310314	0.3149499075161393	1
[0]	lt(-2, cos(X0))	None	0.49441060702575157	0.5488393987238789	1	581.8381037831621	9995	9166	6.0	511.7453705643605	502	834	384	638	1	0.24270482212156028	65.0	0.49441060702575157	0.49441060702575157	0.24444184833957214	1
[5]	add(lt(2, X5), cos(2))	None	0.5834462325606651	0.5610731026998798	1	581.8381037831621	9995	9180	6.0	511.7453705643605	506	820	393	638	1	0.30023392415771555	74.0	0.5834462325606651	0.5834462325606651	0.34040950628923367	1
[2, 3, 5]	sub(sin(X2), sin(lt(X5, X3)))	None	0.5474374271741063	0.5554281825551697	1	581.8381037831621	9995	9249	6.0	511.7453705643605	462	751	390	638	1	0.27392352972534045	71.0	0.5474374271741063	0.5474374271741063	0.2996877366710049	1
[2, 3, 5]	max(neg(lt(X3, X5)), gt(cos(X5), lt(div(X3, X2), X5)))	None	0.6037684481606543	0.5629345201361913	1	581.8381037831621	9995	9256	6.0	511.7453705643605	462	744	396	638	1	0.3088156619136494	77.0	0.6037684481606543	0.6037684481606543	0.36453633899432475	1
[4]	sin(X4)	None	0.6040140273750382	0.5640304831190777	1	581.8381037831621	9995	9281	6.0	511.7453705643605	446	719	395	638	1	0.31384577570552386	76.0	0.6040140273750382	0.6040140273750382	0.3648329452658134	1
[0, 5]	sin(add(X0, gt(neg(cos(-4)), lt(mul(-1, -1), X5))))	None	0.49741448046413816	0.5485288018784296	1	581.8381037831621	9995	9281	6.0	511.7453705643605	435	719	385	638	1	0.24122047227993995	66.0	0.49741448046413816	0.49741448046413816	0.24742116537540848	1
[0, 3]	sin(div(X0, X3))	None	0.5463844314477885	0.555173907771278	1	581.8381037831621	9995	9309	6.0	511.7453705643605	422	691	390	638	1	0.27272861620674405	71.0	0.5463844314477885	0.5463844314477885	0.2985359469285231	1
[2, 5]	lt(mul(3, X2), cos(X5))	None	0.5440424555604126	0.5556381599757421	1	581.8381037831621	9995	9309	6.0	511.7453705643605	422	691	389	638	1	0.2749096579621287	70.0	0.5440424555604126	0.5440424555604126	0.29598219345220356	1
[2, 3]	sin(add(X2, X3))	None	0.5972844893492213	0.5623819721574461	1	581.8381037831621	9995	9349	6.0	511.7453705643605	402	651	395	638	1	0.3062732531863645	76.0	0.5972844893492213	0.5972844893492213	0.35674876121716004	1
[0, 3, 5]	sin(sin(max(X3, mul(sin(X0), X5))))	None	0.8554253277524817	0.6021359310521159	1	581.8381037831621	9995	9349	6.0	511.7453705643605	428	651	420	638	1	0.476857658631378	101.0	0.8554253277524817	0.8554253277524817	0.7317524913604407	1
[0, 4]	lt(add(X4, cos(X0)), neg(cos(X0)))	None	0.27339792066570223	0.5553163127028767	1	581.8381037831621	9995	9378	6.0	511.7453705643605	380	622	380	622	0	0.27339792066570223	70.7749196141479	0.27339792066570223	0.27339792066570223	0.07474642302432961	1
[1, 2]	lt(mul(3, X2), X1)	None	0.27870940895034335	0.5564483691656235	1	581.8381037831621	9995	9378	6.0	511.7453705643605	380	622	380	622	0	0.27870940895034335	70.7749196141479	0.27870940895034335	0.27870940895034335	0.07767893463744974	1
[3]	[[9.6, 13.3]]	[-19.74624966966112, 2.990977661397957]	0.2332531735273471	0.7002778336051165	1	563.5698319006121	9944	9396	0.16666666666666666	576.2028623447065	79	106	79	106	0	0.2332531735273471	8.509933774834431	0.2332531735273471	0.2332531735273471	0.054407042960578696	1
[3, 2]	[[9.6, 13.3], [2.55, 9.45]]	[-24.590622402371828, -3.309985040821198]	0.9244987450182203	0.7448077462696152	2	563.8948182600586	9825	9411	0.3333333333333333	1147.2370456501467	51	63	51	63	0	0.9244987450182203	32.4633730834753	0.9244987450182203	0.9244987450182203	0.8546979295402642	1
[2, 3, 4]	gt(div(X2, sub(X3, X4)), X4)	None	0.26119856159176685	0.5527291250017602	1	581.8381037831621	9995	9465	6.0	511.7453705643605	325	535	325	535	0	0.26119856159176685	68.57009345794393	0.26119856159176685	0.26119856159176685	0.06822468857760802	1
[3, 0]	[[-2.0, 6.2], '3']	[-4.521941683550393, 6.204883653166187]	0.9598312838331291	0.8515869539083111	1	398.06012656238727	9767	9465	0.3333333333333333	398.06012656238727	26	29	26	29	0	0.9598312838331291	16.091463414634145	0.9598312838331291	0.9598312838331291	0.9212760934247528	1
[1, 2]	sin(sub(X2, X1))	None	0.29295572991875674	0.5595024451521775	1	581.8381037831621	9995	9517	6.0	511.7453705643605	298	483	298	483	0	0.29295572991875674	74.63146997929607	0.29295572991875674	0.29295572991875674	0.08582305969223154	1
[1]	cos(neg(neg(sin(X1))))	None	0.25906716105060185	0.5522788942015187	1	581.8381037831621	9995	9541	6.0	511.7453705643605	279	459	279	459	0	0.25906716105060185	68.80392156862744	0.25906716105060185	0.25906716105060185	0.06711579393481848	1
[1, 2, 3]	lt(div(sub(X3, 1), sub(cos(X2), X1)), mul(cos(X1), gt(sin(X1), cos(X1))))	None	0.20575982509608612	0.5411730688172525	1	581.8381037831621	9995	9566	6.0	511.7453705643605	258	434	258	434	0	0.20575982509608612	60.27188940092166	0.20575982509608612	0.20575982509608612	0.04233710562357195	1
[3, 5]	mul(sin(mul(3, X3)), add(cos(X5), sin(3)))	None	0.32483313858265106	0.5664375106372121	1	581.8381037831621	9995	9591	6.0	511.7453705643605	255	409	255	409	0	0.32483313858265106	78.77506112469437	0.32483313858265106	0.32483313858265106	0.10551656792145579	1
[0]	cos(lt(3, sin(cos(X0))))	None	0.20146106216745022	0.5402891528469707	1	581.8381037831621	9995	9591	6.0	511.7453705643605	243	409	243	409	0	0.20146106216745022	60.0562347188264	0.20146106216745022	0.20146106216745022	0.04058655956963724	1
[0, 1, 2, 3]	lt(max(add(X0, X3), neg(X2)), sin(X1))	None	0.27741580378996705	0.5561723362550488	1	581.8381037831621	9995	9615	6.0	511.7453705643605	236	385	236	385	0	0.27741580378996705	72.08571428571429	0.27741580378996705	0.27741580378996705	0.0769595281924335	1
[0, 2, 3]	add(cos(add(-2, X0)), neg(cos(lt(X3, X2))))	None	0.16570502550319255	0.5329934640231575	1	581.8381037831621	9995	9615	6.0	511.7453705643605	225	385	225	385	0	0.16570502550319255	53.857142857142854	0.16570502550319255	0.16570502550319255	0.027458155477013694	1
[1]	max(cos(X1), neg(X1))	None	0.33051796964194435	0.5676901873715574	1	581.8381037831621	9995	9639	6.0	511.7453705643605	226	361	226	361	0	0.33051796964194435	80.41274238227147	0.33051796964194435	0.33051796964194435	0.10924212825623325	1
[0, 2]	neg(lt(add(X2, X0), cos(-4)))	None	0.29164292088809207	0.5592198994176085	2	581.8381037831621	9995	9639	6.0	1023.490741128721	222	361	222	361	0	0.29164292088809207	73.34349030470914	0.29164292088809207	0.29164292088809207	0.08505559330413794	1
[3, 0]	[[-2.0, 12.1], '1']	[-19.74624966966112, 2.990977661397957]	0.37073243334439726	0.7200156865009542	1	442.5372486003144	9995	9650	0.3333333333333333	414.671560750393	23	28	23	28	0	0.37073243334439726	7.765714285714287	0.37073243334439726	0.37073243334439726	0.13744253713345797	1
[0, 2, 3]	cos(gt(cos(lt(X3, X2)), X0))	None	0.2361156389563912	0.5474623674687581	1	581.8381037831621	9995	9667	6.0	511.7453705643605	200	333	200	333	0	0.2361156389563912	64.18318318318319	0.2361156389563912	0.2361156389563912	0.055750594959784884	1
[0, 1, 3, 4, 5]	gt(mul(cos(X5), X3), sub(sub(X0, X4), sub(4, X1)))	None	0.33919240010179685	0.5696115812276855	1	581.8381037831621	9995	9706	6.0	511.7453705643605	184	294	184	294	0	0.33919240010179685	80.29251700680273	0.33919240010179685	0.33919240010179685	0.11505148428681744	1
[3, 4]	[[13.5, 20.5], '4']	[6.147973182775816, 18.366849088673863]	0.8425800422570086	0.5794154556220819	1	707.6155946053259	9862	9765	0.3333333333333333	707.6155946053259	5	8	5	8	0	0.8425800422570086	9.776785714285714	0.8425800422570086	0.8425800422570086	0.7099411276098223	1
[0]	sin(gt(X0, 1))	None	0.25460542200274144	0.551338078710227	1	581.8381037831621	9995	9810	6.0	511.7453705643605	115	190	115	190	0	0.25460542200274144	67.15789473684211	0.25460542200274144	0.25460542200274144	0.06482392091319406	1
[1, 2, 3, 4, 5]	sub(gt(neg(X3), X5), lt(div(X1, X4), X2))	None	0.23306125674927214	0.5468255544399734	1	581.8381037831629	9995	9860	6.0	511.7453705643626	84	140	84	140	0	0.23306125674927214	63.8	0.23306125674927214	0.23306125674927214	0.054317549397550145	1
[2, 5]	lt(mul(cos(X5), sub(X2, X5)), lt(X5, X2))	None	0.265769106105203	0.5536963636982734	1	581.8381037829606	9995	9884	6.0	511.7453705638688	70	116	70	116	0	0.265769106105203	66.0	0.265769106105203	0.265769106105203	0.07063321775995865	1
[0, 1, 2, 4]	gt(mul(4, X2), sub(sub(X0, X4), sub(X1, X1)))	None	0.12876123265308906	0.5255455540122352	1	581.8381037829606	9995	9884	6.0	511.7453705638688	66	116	66	116	0	0.12876123265308906	44.0	0.12876123265308906	0.12876123265308906	0.016579455034342928	1
[1, 3]	cos(lt(sub(X3, X1), neg(X1)))	None	0.08142823339203198	0.5161023544929254	1	581.8381009371802	9995	9923	6.0	511.74536361616265	43	77	43	77	0	0.08142823339203198	37.285714285714285	0.08142823339203198	0.08142823339203198	0.006630557193347232	1
[1, 3, 4, 5]	sub(neg(neg(lt(X4, X3))), lt(X3, add(X1, X5)))	None	0.4741920784736346	0.6014615010156159	1	580.6286208141881	9995	9981	6.0	508.79253128463915	12	19	12	19	0	0.4741920784736346	83.94736842105263	0.4741920784736346	0.4741920784736346	0.22485812728714563	1
[3]	[[9.6, 21.9]]	[-18.362143174600913, -3.309985040821198]	0.5841501030144091	0.5100609975256591	1	647.0919483657369	9988	9988	0.16666666666666666	671.0565145647874	5	9	5	9	0	0.5841501030144091	105.33333333333333	0.5841501030144091	0.5841501030144091	0.3412313428517447	1
[1, 3, 5]	lt(sin(lt(X1, X5)), X3)	None	0.0001527452654542878	0.5303714607595379	1	613.349074112872	9995	9995	6.0	511.7453705643605	2	5	2	5	0	0.15274526545428782	-0.5	0.0001527452654542878	0.0001527452654542878	2.333111611870085e-08	1
[1, 5]	neg(lt(sub(sin(sin(2)), X1), X5))	None	0.8150696882862892	0.7220549040717946	1	613.349074112872	9995	9995	6.0	511.7453705643605	3	5	3	5	0	0.8150696882862892	63.8	0.8150696882862892	0.8150696882862892	0.6643385967631087	1
