Epoch	Explore_Iteration	MacroPopSize	MicroPopSize	Accuracy_Estimate	RuleCount	TreeCount	AveGenerality	ExpRules	Time(min)
1	100	998	1000	0.9498295082877865	509	489	0.6846153846153824	0.0	1.9907041192054749
2	200	995	1000	0.9346071827160973	524	471	0.6863846153846126	0.0	2.6357935190200807
3	300	990	1000	0.9477535997941796	544	446	0.6885384615384584	0.0	3.226884583632151
4	400	977	1000	0.9506312800538363	557	420	0.6893076923076891	0.0	3.8056751171747845
5	500	971	1000	0.9370616967651163	575	396	0.6897692307692275	0.0	4.324340482552846
6	600	961	1000	0.9442721950780001	586	375	0.6909999999999963	0.0	4.833323518435161
7	700	953	1000	0.9511795233263624	598	355	0.6913846153846116	0.0	5.350610331694285
8	800	942	1000	0.9504236218206519	609	333	0.6928461538461498	0.0	5.948870003223419
9	900	933	1000	0.9461581143246864	615	318	0.6931538461538423	0.0	6.388784050941467
10	1000	919	1000	0.9520119653358838	622	297	0.69484615384615	0.0	6.803914666175842
11	1100	910	1000	0.9423251109937884	633	277	0.695999999999996	0.0	7.234560632705689
12	1200	898	1000	0.9328886709086729	636	262	0.697692307692303	0.0	7.700824530919393
13	1300	888	1000	0.9371384939432217	647	241	0.6988461538461489	0.0	8.137586847941082
14	1400	878	1000	0.9343312881487489	652	226	0.6994615384615339	0.0	8.567840099334717
15	1500	871	1000	0.9347303909483534	662	209	0.7006153846153801	0.0	8.96180089712143
16	1600	861	1000	0.8383390523351527	678	183	0.7021538461538417	0.7653890824622532	9.041044851144155
17	1700	847	1000	0.9129563280253424	689	158	0.7049999999999955	0.7603305785123967	9.112500433127085
18	1800	834	1000	0.9216762553945369	699	135	0.7054615384615341	0.762589928057554	9.180710101127625
19	1900	825	1000	0.9309883571625328	710	115	0.7082307692307653	0.7551515151515151	9.249617648124694
20	2000	812	1000	0.9223314068472778	716	96	0.7106923076923036	0.7549261083743842	9.316349983215332
21	2100	805	1000	0.9360178838112923	721	84	0.7129999999999956	0.7515527950310559	9.383098034063975
22	2200	797	1000	0.9192065545616278	721	76	0.7156153846153803	0.7603513174404015	9.443512598673502
23	2300	795	1000	0.9214260834628684	726	69	0.7167692307692262	0.7547169811320755	9.497833315531413
24	2400	795	1000	0.9266192283764829	729	66	0.7196923076923031	0.7509433962264151	9.55256233215332
25	2500	796	1000	0.9248247855074342	734	62	0.7227692307692264	0.7437185929648241	9.607389283180236
26	2600	794	1000	0.9344484023715974	733	61	0.726307692307688	0.7418136020151134	9.663287281990051
27	2700	789	1000	0.922597712077378	731	58	0.728153846153842	0.7363751584283904	9.720811565717062
28	2800	782	1000	0.9163794908012464	727	55	0.7319999999999961	0.7404092071611253	9.773045333226522
29	2900	779	1000	0.9280164977129729	724	55	0.7352307692307649	0.7329910141206675	9.82904283205668
30	3000	774	1000	0.9272702170667176	718	56	0.7375384615384576	0.7390180878552972	9.887050918738048
31	3100	772	1000	0.9274516886540712	716	56	0.7416153846153808	0.7448186528497409	9.948238003253937
32	3200	762	1000	0.9107315433990892	705	57	0.7465384615384576	0.7480314960629921	10.006419014930724
33	3300	755	1000	0.9366985595603893	700	55	0.7494615384615342	0.7536423841059603	10.058122102419535
34	3400	751	1000	0.9431637210277823	702	49	0.7515384615384575	0.7696404793608522	10.102344818909962
35	3500	740	1000	0.9244086817556869	693	47	0.7564615384615345	0.768918918918919	10.141017834345499
36	3600	735	1000	0.926476936826535	690	45	0.7576923076923037	0.7727891156462585	10.178365683555603
37	3700	738	1000	0.9326298831720626	693	45	0.758538461538457	0.7750677506775068	10.212586784362793
38	3800	730	1000	0.9274228844253238	686	44	0.7603846153846111	0.7890410958904109	10.24455988407135
39	3900	728	1000	0.93410379455375	684	44	0.7620769230769189	0.7939560439560439	10.275314084688823
40	4000	728	1000	0.9326363910200063	684	44	0.7645384615384575	0.7939560439560439	10.306424152851104
41	4100	728	1000	0.9217509717592323	686	42	0.7656153846153805	0.7980769230769231	10.33703010082245
42	4200	729	1000	0.9263568529268457	687	42	0.768538461538457	0.7873799725651578	10.367939730485281
43	4300	723	1000	0.9209654218661066	683	40	0.7701538461538415	0.7939142461964038	10.399126716454823
44	4400	720	1000	0.9317582240203126	680	40	0.7718461538461492	0.8013888888888889	10.43065909941991
45	4500	724	1000	0.9249022429923095	686	38	0.7735384615384566	0.7941988950276243	10.459214981396993
46	4600	719	1000	0.9323323672334034	681	38	0.7769230769230722	0.7983310152990264	10.489351801077525
47	4700	714	1000	0.924335713692268	676	38	0.7805384615384567	0.7997198879551821	10.518990886211395
48	4800	718	1000	0.9396984784554302	679	39	0.7818461538461492	0.8050139275766016	10.549183666706085
49	4900	720	1000	0.9352249751064862	682	38	0.7836153846153799	0.8069444444444445	10.579611003398895
50	5000	720	1000	0.9253784080275445	683	37	0.7854615384615339	0.8055555555555556	10.609831619262696
51	5100	730	1000	0.932342590986613	692	38	0.7866923076923028	0.7986301369863014	10.641746052106221
52	5200	729	1000	0.9360195331373284	692	37	0.7895384615384564	0.8052126200274349	10.672519334157307
53	5300	727	1000	0.9332163131458365	690	37	0.7906153846153793	0.7991746905089409	10.703139932950338
54	5400	731	1000	0.9286148341860723	694	37	0.7919999999999946	0.7975376196990424	10.733904882272084
55	5500	730	1000	0.9328826795699601	693	37	0.795307692307687	0.7931506849315069	10.76582967042923
56	5600	729	1000	0.9317269740590034	693	36	0.7958461538461485	0.7983539094650206	10.800556333859761
57	5700	725	1000	0.9265142099446574	689	36	0.7981538461538409	0.8055172413793104	10.838941681385041
58	5800	726	1000	0.9252636561121242	691	35	0.799461538461533	0.803030303030303	10.87477215131124
59	5900	724	1000	0.9297796759056628	689	35	0.8013076923076866	0.8024861878453039	10.909371169408162
60	6000	725	1000	0.9250149660791928	690	35	0.8022307692307633	0.8027586206896552	10.940737334887187
61	6100	728	1000	0.9293291177283396	692	36	0.8032307692307632	0.8021978021978022	10.974281219641368
62	6200	727	1000	0.9167635059580745	693	34	0.8044615384615326	0.8046767537826685	11.007326817512512
63	6300	732	1000	0.9298256059559319	698	34	0.8075384615384555	0.7991803278688525	11.042088067531585
64	6400	736	1000	0.9374137124622502	702	34	0.8084615384615327	0.7961956521739131	11.0784250497818
65	6500	732	1000	0.9220429857929071	699	33	0.8117692307692248	0.796448087431694	11.112656851609549
66	6600	726	1000	0.9280401528592275	693	33	0.8120769230769169	0.803030303030303	11.147871402899424
67	6700	718	1000	0.9303998912976971	687	31	0.8150769230769169	0.8050139275766016	11.18205320040385
68	6800	715	1000	0.9319836093279981	684	31	0.8170769230769169	0.8083916083916084	11.217188501358033
69	6900	715	1000	0.9266558531901283	685	30	0.8184615384615324	0.8195804195804196	11.251927649974823
70	7000	709	1000	0.9322923988219226	680	29	0.8211538461538401	0.8180535966149506	11.287198213736216
71	7100	707	1000	0.9268995295187623	678	29	0.8229999999999941	0.8161244695898161	11.322244584560394
72	7200	708	1000	0.9284108638107931	679	29	0.8248461538461479	0.8121468926553672	11.355772483348847
73	7300	710	1000	0.9245735613436452	681	29	0.8267692307692247	0.8126760563380282	11.389205102125803
74	7400	714	1000	0.9333418318404461	685	29	0.8286153846153786	0.8123249299719888	11.424439783891042
75	7500	715	1000	0.9276842501459371	686	29	0.8301538461538404	0.8097902097902098	11.458174065748851
76	7600	715	1000	0.9293037690343587	687	28	0.8311538461538402	0.8083916083916084	11.494345132509867
77	7700	712	1000	0.9229927620304369	684	28	0.8316923076923022	0.8146067415730337	11.528905248641967
78	7800	709	1000	0.9345196473554352	681	28	0.832538461538456	0.8180535966149506	11.564686667919158
79	7900	708	1000	0.9350046888817418	680	28	0.8332307692307638	0.8248587570621468	11.600564750035604
80	8000	706	1000	0.9197088980811836	678	28	0.8355384615384563	0.8314447592067988	11.635486098130544
81	8100	703	1000	0.9325128289523803	676	27	0.8358461538461487	0.8321479374110953	11.67142258087794
82	8200	708	1000	0.9344273276884636	682	26	0.8365384615384563	0.8234463276836158	11.70679851770401
83	8300	712	1000	0.9352253307436373	686	26	0.8366153846153791	0.8160112359550562	11.743527217706044
84	8400	704	1000	0.9284976553754416	679	25	0.837307692307687	0.8181818181818182	11.780362216631572
85	8500	702	1000	0.9281928448576131	677	25	0.8391538461538406	0.8233618233618234	11.81675234635671
86	8600	708	1000	0.9227062130635403	683	25	0.840769230769225	0.8206214689265536	11.853883850574494
87	8700	699	1000	0.9292870871580386	674	25	0.8417692307692249	0.8326180257510729	11.88992786804835
88	8800	699	1000	0.920542210922676	675	24	0.8423846153846096	0.8369098712446352	11.925221014022828
89	8900	696	1000	0.9325201646400728	672	24	0.8434615384615328	0.8448275862068966	11.961898867289225
90	9000	701	1000	0.921379002044568	675	26	0.8433846153846094	0.8359486447931527	12.00062399705251
91	9100	701	1000	0.9231093937158262	676	25	0.8439230769230709	0.8373751783166904	12.040237549940745
92	9200	699	1000	0.9003955422590885	674	25	0.8442307692307631	0.8326180257510729	12.078407069047293
93	9300	701	1000	0.9245834117635937	676	25	0.8449230769230708	0.8402282453637661	12.117424468199411
94	9400	705	1000	0.9247271656735642	679	26	0.8450769230769167	0.8326241134751773	12.156622966130575
95	9500	706	1000	0.9087681969192738	682	24	0.8452307692307633	0.8342776203966006	12.196337616443634
96	9600	701	1000	0.919607930442681	679	22	0.8460769230769171	0.8345221112696148	12.235971732934315
97	9700	694	1000	0.9278333272407648	672	22	0.8473846153846092	0.8472622478386167	12.273576180140177
98	9800	698	1000	0.9297190141313455	676	22	0.8478461538461478	0.8481375358166189	12.313309148947399
99	9900	697	1000	0.9272923565638114	676	21	0.8488461538461477	0.8436154949784792	12.353741951783498
100	10000	697	1000	0.9272040746549776	677	20	0.8495384615384551	0.8421807747489239	12.393708483378093
101	10100	695	1000	0.9228389673133971	675	20	0.8503076923076861	0.8517985611510791	12.433395886421204
102	10200	698	1000	0.903440239077646	678	20	0.8505384615384555	0.839541547277937	12.471872317790986
103	10300	701	1000	0.8987822885533382	681	20	0.8509230769230708	0.8402282453637661	12.510260200500488
104	10400	705	1000	0.9183174198623241	685	20	0.8520769230769165	0.8326241134751773	12.550712653001149
105	10500	700	1000	0.8960693571742401	680	20	0.8524615384615318	0.84	12.5877556681633
106	10600	703	1000	0.9115037553582536	683	20	0.8542307692307626	0.8364153627311522	12.6270880818367
107	10700	703	1000	0.8895533297519559	683	20	0.8564615384615317	0.8364153627311522	12.665151830514272
108	10800	697	1000	0.9203285624192933	677	20	0.856846153846147	0.8421807747489239	12.703751218318938
109	10900	701	1000	0.9190576360390061	681	20	0.8583076923076857	0.8416547788873039	12.744950250784557
110	11000	694	1000	0.8966341122918048	674	20	0.858461538461532	0.8472622478386167	12.785084283351898
111	11100	695	1000	0.9154026750645444	675	20	0.859461538461532	0.841726618705036	12.82516930103302
112	11200	696	1000	0.9223081578914966	676	20	0.8606153846153781	0.8318965517241379	12.869193518161774
113	11300	695	1000	0.9261452678794211	676	19	0.8613076923076858	0.8402877697841726	12.909554000695547
114	11400	691	1000	0.9233210958736864	672	19	0.861538461538455	0.8451519536903039	12.948911984761557
115	11500	691	1000	0.9194143812103829	672	19	0.8617692307692251	0.8437047756874095	12.988396219412486
116	11600	691	1000	0.9164136115874425	673	18	0.861923076923071	0.8393632416787264	13.028941531976065
117	11700	696	1000	0.9012965640221963	678	18	0.8619230769230709	0.8390804597701149	13.068943218390148
118	11800	696	1000	0.900192392749663	678	18	0.862999999999994	0.8462643678160919	13.108736566702525
119	11900	691	1000	0.9161415707359797	673	18	0.8636153846153786	0.8509406657018813	13.1489493171374
120	12000	693	1000	0.8995364465425396	675	18	0.8643846153846091	0.8484848484848485	13.18755436738332
121	12100	696	1000	0.9171679938329049	678	18	0.8651538461538397	0.8433908045977011	13.22770193417867
122	12200	689	1000	0.8922912949172176	671	18	0.8665384615384553	0.8490566037735849	13.266609684626262
123	12300	695	1000	0.9223929132387415	677	18	0.8669999999999938	0.8446043165467626	13.306968915462495
124	12400	691	1000	0.9288782356601828	673	18	0.8685384615384554	0.85383502170767	13.34853439728419
125	12500	693	1000	0.9006986140264914	675	18	0.869230769230763	0.8484848484848485	13.388991018136343
126	12600	690	1000	0.9146290866773242	671	19	0.8693846153846092	0.8507246376811595	13.429906952381135
127	12700	686	1000	0.9281915443032631	668	18	0.8701538461538402	0.8600583090379009	13.469258296489716
128	12800	682	1000	0.9286778401630498	664	18	0.8713076923076865	0.8621700879765396	13.509407297770183
129	12900	683	1000	0.9219609560352829	665	18	0.8721538461538401	0.8565153733528551	13.549779617786408
130	13000	682	1000	0.9150002237834916	664	18	0.8723076923076861	0.8607038123167156	13.589917266368866
131	13100	680	1000	0.9186796649224632	662	18	0.8731538461538398	0.8691176470588236	13.631129948298137
132	13200	677	1000	0.9014768628277872	659	18	0.8740769230769168	0.8759231905465288	13.67068423430125
133	13300	672	1000	0.8968204306020522	654	18	0.8755384615384552	0.8794642857142857	13.70967466433843
134	13400	667	1000	0.9154746985665628	649	18	0.8754615384615321	0.8875562218890555	13.749546333154042
135	13500	666	1000	0.8979735250039993	648	18	0.8769999999999938	0.8903903903903904	13.788540263970694
136	13600	665	1000	0.9094722248348921	647	18	0.8773846153846093	0.8947368421052632	13.82857966820399
137	13700	668	1000	0.8901909005975733	650	18	0.8775384615384556	0.8952095808383234	13.867382248242697
138	13800	667	1000	0.9192764774004657	649	18	0.8775384615384556	0.9010494752623688	13.907690115769704
139	13900	670	1000	0.9222569360216967	653	17	0.8776153846153785	0.8955223880597015	13.949395668506622
140	14000	672	1000	0.8924642964101548	655	17	0.8788461538461473	0.8928571428571429	13.989416217803955
141	14100	674	1000	0.9133300518109667	657	17	0.8789230769230706	0.8857566765578635	14.030773301919302
142	14200	671	1000	0.918141549910665	655	16	0.8794615384615321	0.886736214605067	14.070363450050355
143	14300	670	1000	0.9246898598349186	654	16	0.879538461538455	0.8835820895522388	14.11105463107427
144	14400	670	1000	0.9187472026442188	654	16	0.8803846153846085	0.8820895522388059	14.151830283800761
145	14500	667	1000	0.9114994315318627	651	16	0.8804615384615317	0.8800599700149925	14.192134900887806
146	14600	665	1000	0.9177474841181931	649	16	0.8803846153846088	0.8827067669172932	14.233543086051942
147	14700	661	1000	0.8988128018116791	645	16	0.8810769230769167	0.8729198184568835	14.273449567953746
148	14800	660	1000	0.8964843077573795	644	16	0.8816153846153781	0.8742424242424243	14.31318423350652
149	14900	662	1000	0.9144880353823137	647	15	0.8822307692307627	0.8655589123867069	14.353564401467642
150	15000	662	1000	0.8966310351799528	647	15	0.8820769230769168	0.8640483383685801	14.392650365829468
151	15100	662	1000	0.9129422592410752	647	15	0.8827692307692244	0.8640483383685801	14.432867364088695
152	15200	661	1000	0.8904907107284019	646	15	0.8826153846153783	0.8638426626323752	14.473093513647715
153	15300	660	1000	0.9215818931929114	645	15	0.8840769230769168	0.8621212121212121	14.513950415452321
154	15400	653	1000	0.9183408554959053	638	15	0.884307692307686	0.8667687595712098	14.55464556614558
155	15500	655	1000	0.8934451505141939	640	15	0.8842307692307628	0.8641221374045801	14.59407028357188
156	15600	661	1000	0.914296301891273	646	15	0.8843076923076858	0.8532526475037822	14.635173364480336
157	15700	659	1000	0.9201751317172743	644	15	0.8843846153846087	0.8543247344461306	14.675067547957102
158	15800	661	1000	0.9246351079813241	646	15	0.8847692307692242	0.8472012102874432	14.715957101186117
159	15900	664	1000	0.9201231027521503	649	15	0.8853076923076855	0.8463855421686747	14.756807418664296
160	16000	661	1000	0.9112360972300404	646	15	0.8856153846153776	0.8456883509833586	14.7976673523585
161	16100	665	1000	0.9179585746439972	650	15	0.8858461538461466	0.8406015037593985	14.839837551116943
162	16200	664	1000	0.8998835359021963	649	15	0.8859230769230697	0.8433734939759037	14.879900034268697
163	16300	667	1000	0.8960537538882002	652	15	0.8859999999999929	0.841079460269865	14.92084216674169
164	16400	665	1000	0.9143515578910134	650	15	0.8860769230769163	0.8451127819548873	14.962082314491273
165	16500	660	1000	0.8963270032558996	645	15	0.8863846153846084	0.843939393939394	15.002488696575165
166	16600	659	1000	0.9149335643716797	644	15	0.8867692307692239	0.8452200303490136	15.043946933746337
167	16700	659	1000	0.8905842533180691	644	15	0.8867692307692239	0.8437025796661608	15.084173134962718
168	16800	656	1000	0.9206439057794902	642	14	0.8885384615384548	0.8399390243902439	15.125615032513936
169	16900	653	1000	0.916604952764747	639	14	0.8886923076923009	0.8392036753445635	15.166621216138203
170	17000	653	1000	0.8963369058508579	639	14	0.888846153846147	0.8468606431852986	15.207237601280212
171	17100	649	1000	0.9076436721197644	635	14	0.8889999999999931	0.8582434514637904	15.247870930035909
172	17200	649	1000	0.9115045327129245	635	14	0.8898461538461468	0.8582434514637904	15.287262614568075
173	17300	648	1000	0.9197211370308659	634	14	0.890076923076916	0.8611111111111112	15.327525834242502
174	17400	643	1000	0.9079824147989923	629	14	0.8899999999999932	0.8678071539657853	15.368133600552877
175	17500	644	1000	0.8987550235515112	630	14	0.8906923076923008	0.8649068322981367	15.407981117566427
176	17600	646	1000	0.910231294347594	632	14	0.8906153846153779	0.8637770897832817	15.448906298478445
177	17700	645	1000	0.8868379793878702	631	14	0.8916923076923009	0.862015503875969	15.488813932736715
178	17800	647	1000	0.890561022276793	634	13	0.8918461538461467	0.8686244204018547	15.528780134518941
179	17900	651	1000	0.9070073953025403	638	13	0.8916923076923006	0.8632872503840245	15.56960076491038
180	18000	648	1000	0.8897170202315156	635	13	0.8930769230769159	0.8611111111111112	15.608675285180409
181	18100	657	1000	0.9092382167172239	644	13	0.8929999999999929	0.8554033485540334	15.650016852219899
182	18200	666	1000	0.8844283857288348	653	13	0.8930769230769159	0.8453453453453453	15.691374917825064
183	18300	670	1000	0.9113042073952882	657	13	0.8929999999999927	0.8462686567164179	15.73395273288091
184	18400	670	1000	0.9142512963695857	657	13	0.8929230769230696	0.8417910447761194	15.777152816454569
185	18500	668	1000	0.8898622051566367	656	12	0.8931538461538391	0.8488023952095808	15.819258101781209
186	18600	669	1000	0.9065675609072795	657	12	0.8940769230769159	0.8445440956651719	15.863507084051768
187	18700	666	1000	0.9096198501172426	654	12	0.8943846153846083	0.8513513513513513	15.905167098840078
188	18800	666	1000	0.9205072801613733	654	12	0.8939999999999928	0.8513513513513513	15.94698796669642
189	18900	669	1000	0.9077429868130636	657	12	0.8938461538461464	0.8430493273542601	15.990266331036885
190	19000	666	1000	0.9005993816142244	654	12	0.8949230769230698	0.8408408408408409	16.032563535372415
191	19100	662	1000	0.9107318474440003	650	12	0.8952307692307622	0.850453172205438	16.075981303056082
192	19200	663	1000	0.88822823265574	651	12	0.8959999999999928	0.8491704374057315	16.11704048315684
193	19300	668	1000	0.89180575004772	656	12	0.896230769230762	0.844311377245509	16.158364868164064
194	19400	670	1000	0.9073202836760907	659	11	0.8964615384615313	0.8462686567164179	16.20110716819763
195	19500	670	1000	0.8902302880131557	659	11	0.896230769230762	0.844776119402985	16.242872818311056
196	19600	665	1000	0.9078202729173573	655	10	0.8965384615384542	0.8586466165413534	16.285070868333182
197	19700	665	1000	0.8843334996742765	655	10	0.8972307692307621	0.8616541353383459	16.32706566651662
198	19800	669	1000	0.9073977747678846	659	10	0.8967692307692234	0.8565022421524664	16.370345266660056
199	19900	667	1000	0.9129305744346451	657	10	0.8968461538461465	0.8620689655172413	16.414203484853108
200	20000	665	1000	0.8896707368535026	655	10	0.8967692307692234	0.8601503759398497	16.45618745088577
201	20100	665	1000	0.9055361942832286	655	10	0.8966923076923003	0.8586466165413534	16.49916003147761
202	20200	661	1000	0.9129376505567833	651	10	0.8969999999999927	0.8577912254160364	16.54029175043106
203	20300	662	1000	0.9204605140172449	652	10	0.8971538461538389	0.851963746223565	16.582551085948943
204	20400	662	1000	0.9086284948631622	652	10	0.8971538461538391	0.8549848942598187	16.624967551231386
205	20500	664	1000	0.9001391746756162	654	10	0.8975384615384543	0.8478915662650602	16.6674498518308
206	20600	672	1000	0.9103646850453838	662	10	0.8976153846153772	0.8363095238095238	16.710466667016348
207	20700	676	1000	0.8882516196079314	666	10	0.8977692307692232	0.834319526627219	16.75249971548716
208	20800	670	1000	0.8913686774663607	660	10	0.897538461538454	0.844776119402985	16.7947186311086
209	20900	670	1000	0.9075899702116257	660	10	0.8976923076923002	0.8492537313432836	16.837765749295553
210	21000	670	1000	0.890985843859465	660	10	0.8979999999999922	0.8507462686567164	16.879493697484335
211	21100	668	1000	0.907042867211027	658	10	0.8981538461538384	0.8473053892215568	16.92270811398824
212	21200	669	1000	0.8841972967635631	659	10	0.8982307692307614	0.8535127055306427	16.96430840094884
213	21300	669	1000	0.9120289241772492	659	10	0.8984615384615307	0.8550074738415545	17.007172632217408
214	21400	667	1000	0.9128524705779006	657	10	0.8986923076922999	0.848575712143928	17.05007373491923
215	21500	668	1000	0.8898245346932486	658	10	0.8984615384615307	0.8488023952095808	17.09245136578878
216	21600	670	1000	0.9068191199296564	660	10	0.8992307692307614	0.8417910447761194	17.136069468657176
217	21700	665	1000	0.9117567115997809	655	10	0.8992307692307615	0.843609022556391	17.178208696842194
218	21800	663	1000	0.9205249242416889	653	10	0.8993076923076848	0.8431372549019608	17.220975434780122
219	21900	663	1000	0.9084150007800538	653	10	0.8993076923076848	0.8431372549019608	17.263626217842102
220	22000	663	1000	0.8999879659002583	653	10	0.8993076923076845	0.8476621417797888	17.306306234995525
221	22100	665	1000	0.9099757714892087	655	10	0.9001538461538383	0.8556390977443609	17.350829231739045
222	22200	666	1000	0.888288648628294	656	10	0.9005384615384537	0.8558558558558559	17.39381646712621
223	22300	665	1000	0.8911126091995776	655	10	0.900769230769223	0.8481203007518797	17.436101416746776
224	22400	668	1000	0.9080175300824371	658	10	0.9005384615384536	0.844311377245509	17.479932963848114
225	22500	662	1000	0.8907589189825573	652	10	0.900846153846146	0.851963746223565	17.522687900066376
226	22600	659	1000	0.9069423807651776	649	10	0.9009999999999923	0.8573596358118362	17.565696914990742
227	22700	658	1000	0.8839560664963624	648	10	0.9009999999999923	0.8601823708206687	17.607922883828483
228	22800	655	1000	0.9115924058043591	645	10	0.9012307692307618	0.867175572519084	17.651341100533802
229	22900	656	1000	0.9129409334473425	646	10	0.9010769230769156	0.8673780487804879	17.694989383220673
230	23000	656	1000	0.8900107156883201	646	10	0.9008461538461466	0.8658536585365854	17.737488468488056
231	23100	662	1000	0.9065392489695365	652	10	0.9007692307692234	0.8655589123867069	17.780699650446575
232	23200	664	1000	0.9112452016173188	654	10	0.9013846153846081	0.8644578313253012	17.82332651615143
233	23300	663	1000	0.9199878801744761	653	10	0.9020769230769158	0.8642533936651584	17.870530768235525
234	23400	666	1000	0.9080512949227085	656	10	0.9020769230769156	0.8633633633633634	17.916562366485596
235	23500	667	1000	0.8995552789438993	657	10	0.9025384615384543	0.863568215892054	17.960788849989573
236	23600	668	1000	0.9099074227916083	659	9	0.902384615384608	0.8637724550898204	18.00637928247452
237	23700	666	1000	0.8882260081085194	657	9	0.9025384615384542	0.8708708708708709	18.050018481413524
238	23800	662	1000	0.8906947877188357	653	9	0.9024615384615311	0.8700906344410876	18.09289660056432
239	23900	662	1000	0.9071305851753959	653	9	0.9024615384615309	0.8700906344410876	18.136818599700927
240	24000	659	1000	0.8905293517735824	650	9	0.9027692307692232	0.8710166919575114	18.179013653596243
241	24100	656	1000	0.9069005108460587	647	9	0.9028461538461465	0.8689024390243902	18.222683215141295
242	24200	650	1000	0.8894012611087109	641	9	0.9032307692307622	0.8738461538461538	18.265224468708038
243	24300	652	1000	0.9201392290020394	643	9	0.9034615384615312	0.8680981595092024	18.308259050051372
244	24400	658	1000	0.9167947366791472	649	9	0.9034615384615312	0.8601823708206687	18.35131383339564
245	24500	660	1000	0.8935098562589963	651	9	0.9036153846153773	0.8636363636363636	18.39454698562622
246	24600	653	1000	0.9132203979643865	644	9	0.9043846153846083	0.8713629402756509	18.43802708387375
247	24700	651	1000	0.9198735141328999	642	9	0.9044615384615314	0.8786482334869432	18.47933578491211
248	24800	655	1000	0.9264759582079578	646	9	0.90492307692307	0.8793893129770992	18.52304664850235
249	24900	658	1000	0.9158196143145322	649	9	0.9049999999999929	0.8829787234042553	18.566761684417724
250	25000	659	1000	0.9096653575925865	650	9	0.9049230769230701	0.8892261001517451	18.609896914164224
251	25100	659	1000	0.9156023729844036	650	9	0.905076923076916	0.8861911987860395	18.654034984111785
252	25200	659	1000	0.8907107442206872	651	8	0.904999999999993	0.881638846737481	18.696654550234477
253	25300	661	1000	0.8911406696738772	653	8	0.9049999999999927	0.886535552193646	18.738639215628307
254	25400	657	1000	0.9074531313684886	649	8	0.9049230769230698	0.8904109589041096	18.78148801724116
255	25500	656	1000	0.8908696258364273	648	8	0.9051538461538389	0.8826219512195121	18.823201700051627
256	25600	654	1000	0.9070491381644058	646	8	0.9047692307692236	0.8868501529051988	18.865138216813406
257	25700	657	1000	0.8841397579736436	649	8	0.9046153846153773	0.8888888888888888	18.907325581709543
258	25800	658	1000	0.9110530345380928	649	9	0.9046153846153772	0.8905775075987842	18.950356515248618
259	25900	658	1000	0.914004733580785	650	8	0.9046923076922999	0.8966565349544073	18.993723917007447
260	26000	658	1000	0.8892781231659729	650	8	0.9045384615384537	0.898176291793313	19.035573669274648
261	26100	659	1000	0.905982701641297	651	8	0.9045384615384536	0.8922610015174507	19.07894949913025
262	26200	656	1000	0.9114773927496542	648	8	0.9052307692307615	0.8917682926829268	19.12046613295873
263	26300	658	1000	0.920371800287921	650	8	0.9053846153846077	0.8844984802431611	19.162455848852794
264	26400	659	1000	0.908394150920949	651	8	0.9053076923076846	0.8846737481031867	19.205542782942455
265	26500	657	1000	0.9005839868142448	649	8	0.9051538461538384	0.8858447488584474	19.248193780581158
266	26600	657	1000	0.9130179800233296	649	8	0.9052307692307615	0.8888888888888888	19.291876916090647
267	26700	657	1000	0.8908300083807609	649	8	0.9049230769230693	0.8858447488584474	19.334712266921997
268	26800	653	1000	0.8910808970898144	646	7	0.9051538461538384	0.886676875957121	19.37597018480301
269	26900	657	1000	0.9076921137475935	650	7	0.9053076923076845	0.882800608828006	19.418512431780496
270	27000	653	1000	0.891058022392973	646	7	0.9054615384615309	0.885145482388974	19.459522449970244
271	27100	653	1000	0.9069433768297241	646	7	0.9063846153846078	0.889739663093415	19.501401114463807
272	27200	651	1000	0.8843842873606929	644	7	0.906461538461531	0.8924731182795699	19.54396644830704
273	27300	653	1000	0.9115276147890903	646	7	0.9065384615384541	0.8836140888208269	19.586619583765664
274	27400	653	1000	0.912799951296893	646	7	0.9066923076923004	0.8820826952526799	19.629213698705037
275	27500	654	1000	0.8888205522971541	647	7	0.9068461538461466	0.8761467889908257	19.67199090321859
276	27600	658	1000	0.9056398276742711	651	7	0.9070769230769157	0.8738601823708206	19.71523973544439
277	27700	662	1000	0.9113411089398905	655	7	0.907307692307685	0.8670694864048338	19.757562299569447
278	27800	662	1000	0.9203537799244558	655	7	0.907384615384608	0.8670694864048338	19.80100490252177
279	27900	662	1000	0.908058334174298	655	7	0.907307692307685	0.8716012084592145	19.844305352369943
280	28000	658	1000	0.8999058360640921	651	7	0.907153846153839	0.8753799392097265	19.8877787510554
281	28100	658	1000	0.9098171524705267	651	7	0.9072307692307617	0.8738601823708206	19.932161752382914
282	28200	657	1000	0.8883810986338869	650	7	0.9071538461538389	0.8721461187214612	19.97590638399124
283	28300	652	1000	0.8913606015800234	645	7	0.9070769230769161	0.8726993865030674	20.01813575029373
284	28400	658	1000	0.9160915658900897	651	7	0.906999999999993	0.8693009118541033	20.061801167329154
285	28500	653	1000	0.8963368452810317	646	7	0.9069999999999929	0.8744257274119449	20.103622098763783
286	28600	644	1000	0.911645496704677	638	6	0.907230769230762	0.8726708074534162	20.145564266045888
287	28700	645	1000	0.891682387332498	639	6	0.907307692307685	0.8728682170542635	20.18699231942495
288	28800	650	1000	0.9218449874276112	644	6	0.9072307692307618	0.8738461538461538	20.229386468728382
289	28900	648	1000	0.9176808485777306	642	6	0.9079999999999926	0.875	20.27179556687673
290	29000	647	1000	0.8957197076403526	641	6	0.9086923076923004	0.8778979907264297	20.31377436717351
291	29100	648	1000	0.9137628127745349	642	6	0.908461538461531	0.8858024691358025	20.35699541568756
292	29200	643	1000	0.9228503672554983	637	6	0.9084615384615312	0.8942457231726283	20.397982998689017
293	29300	643	1000	0.9274010228612104	637	6	0.9086923076923005	0.895800933125972	20.439516584078472
294	29400	642	1000	0.9152149318896476	636	6	0.9088461538461468	0.8987538940809969	20.48082078297933
295	29500	638	1000	0.9119575317972557	632	6	0.908999999999993	0.896551724137931	20.5220755815506
296	29600	638	1000	0.9140330350519227	632	6	0.9089999999999931	0.8996865203761756	20.56495623588562
297	29700	641	1000	0.8989452562551519	635	6	0.9089999999999931	0.8985959438377535	20.606637048721314
298	29800	638	1000	0.8913169319265971	632	6	0.9094615384615317	0.9043887147335423	20.647568666934966
299	29900	636	1000	0.9136969387300152	630	6	0.9096153846153778	0.9088050314465409	20.68954091866811
300	30000	638	1000	0.8921370798552231	632	6	0.909846153846147	0.9028213166144201	20.730438482761382
301	30100	637	1000	0.9067493771542096	631	6	0.9098461538461469	0.902668759811617	20.7716445684433
302	30200	636	1000	0.8839324881023343	630	6	0.9099230769230698	0.8946540880503144	20.813481016953787
303	30300	638	1000	0.9189665063581384	632	6	0.909999999999993	0.8949843260188087	20.855869233608246
304	30400	639	1000	0.9135002088585047	633	6	0.9103846153846082	0.8967136150234741	20.89839833577474
305	30500	643	1000	0.8914952343619607	637	6	0.9106153846153774	0.8880248833592534	20.940329500039418
306	30600	648	1000	0.9128467893203757	642	6	0.9106923076923004	0.8842592592592593	20.98325263261795
307	30700	650	1000	0.9177929833762061	644	6	0.9107692307692237	0.8815384615384615	21.02481746673584
308	30800	650	1000	0.9249498065305671	644	6	0.9108461538461466	0.8784615384615385	21.067367549737295
309	30900	651	1000	0.9157353558728425	645	6	0.9109230769230697	0.8771121351766513	21.11017860174179
310	31000	647	1000	0.9097647772649148	641	6	0.9108461538461465	0.874806800618238	21.15313849846522
311	31100	651	1000	0.9103940366841285	645	6	0.9109230769230697	0.869431643625192	21.197294600804646
312	31200	650	1000	0.8967207335935263	644	6	0.9108461538461466	0.8646153846153846	21.23981630007426
313	31300	643	1000	0.8923839727136137	637	6	0.9109999999999929	0.8662519440124417	21.281284050146738
314	31400	642	1000	0.9111794867418255	636	6	0.9112307692307621	0.8707165109034268	21.323776364326477
315	31500	645	1000	0.8908006740655905	639	6	0.9110769230769161	0.8728682170542635	21.36488221883774
316	31600	644	1000	0.9056093716027681	638	6	0.9109230769230698	0.8757763975155279	21.406896686553956
317	31700	645	1000	0.8812237832874995	639	6	0.9110769230769159	0.8790697674418605	21.448706249396007
318	31800	641	1000	0.9167479165035703	635	6	0.9113846153846081	0.8798751950078003	21.49135361512502
319	31900	643	1000	0.9117614219668746	637	6	0.9113076923076849	0.8771384136858476	21.53370969692866
320	32000	645	1000	0.8914323496669065	639	6	0.9113076923076848	0.8852713178294573	21.575940132141113
321	32100	642	1000	0.9109514237305336	636	6	0.9115384615384543	0.8894080996884736	21.61869541803996
322	32200	642	1000	0.9230830188551467	636	6	0.9113846153846082	0.8862928348909658	21.659932335217793
323	32300	644	1000	0.9282933379560621	638	6	0.9116153846153774	0.8835403726708074	21.70215546687444
324	32400	639	1000	0.9165381073779497	633	6	0.9116923076923004	0.8873239436619719	21.74449103275935
325	32500	641	1000	0.9088182605986952	635	6	0.9114615384615311	0.8829953198127926	21.78717250029246
326	32600	637	1000	0.912428905203342	631	6	0.9116153846153773	0.8916797488226059	21.83066311677297
327	32700	642	1000	0.902003928466174	636	6	0.9115384615384542	0.8862928348909658	21.872655800978343
328	32800	633	1000	0.8951226096605054	627	6	0.9116153846153773	0.8925750394944708	21.913811282316843
329	32900	636	1000	0.9150310624546089	630	6	0.9117692307692233	0.8805031446540881	21.95595366557439
330	33000	637	1000	0.8929068773434313	631	6	0.9119230769230697	0.880690737833595	21.99724483092626
331	33100	638	1000	0.9086623453047682	632	6	0.9118461538461466	0.877742946708464	22.039549434185027
332	33200	637	1000	0.8842896041548421	631	6	0.9116923076923006	0.8791208791208791	22.081902380784353
333	33300	633	1000	0.9154013402259181	627	6	0.9113846153846085	0.8815165876777251	22.125019733111063
334	33400	634	1000	0.9130916450584537	628	6	0.9115384615384544	0.8817034700315457	22.1672128478686
335	33500	633	1000	0.8907749451290702	627	6	0.9114615384615312	0.8815165876777251	22.208592049280803
336	33600	634	1000	0.9134194495706567	628	6	0.9115384615384542	0.8722397476340694	22.251331186294557
337	33700	637	1000	0.9246562274302623	631	6	0.9114615384615309	0.8712715855572999	22.292307849725088
338	33800	635	1000	0.9294764328800424	630	5	0.9118461538461462	0.8755905511811024	22.334278202056886
339	33900	640	1000	0.9215317218900998	635	5	0.9119230769230694	0.865625	22.376137081782023
340	34000	633	1000	0.9097250382645637	628	5	0.9128461538461465	0.8736176935229067	22.418412733078004
341	34100	629	1000	0.9164855574718355	624	5	0.9129999999999927	0.8680445151033387	22.461295918623605
342	34200	631	1000	0.900533642571144	626	5	0.9130769230769157	0.873217115689382	22.502799499034882
343	34300	632	1000	0.8923274769371627	627	5	0.9131538461538387	0.8670886075949367	22.543891982237497
344	34400	634	1000	0.9124869320763633	629	5	0.9133076923076848	0.8706624605678234	22.585983018080395
345	34500	634	1000	0.8968036288920112	629	5	0.913384615384608	0.8753943217665615	22.62688538233439
346	34600	641	1000	0.907079502773877	636	5	0.913461538461531	0.8673946957878315	22.669099136193594
347	34700	640	1000	0.8864311361552939	635	5	0.9135384615384542	0.8671875	22.711699867248534
348	34800	639	1000	0.917341415904202	634	5	0.9133076923076849	0.865414710485133	22.755252766609193
349	34900	641	1000	0.9134605260753436	636	5	0.9133846153846078	0.8673946957878315	22.798425368467967
350	35000	646	1000	0.8917879997597354	641	5	0.9133846153846077	0.8591331269349846	22.842152698834738
351	35100	646	1000	0.9131526502681331	641	5	0.913461538461531	0.8637770897832817	22.88709828456243
352	35200	645	1000	0.9236584401753156	640	5	0.913615384615377	0.8697674418604651	22.929717234770457
353	35300	651	1000	0.9284206919967468	646	5	0.9136923076923001	0.8617511520737328	22.97274373372396
354	35400	649	1000	0.9214749881700915	644	5	0.9140769230769156	0.8659476117103235	23.01681183576584
355	35500	656	1000	0.9116199362862233	651	5	0.9139999999999925	0.8551829268292683	23.061464432875315
356	35600	656	1000	0.9178134108731437	651	5	0.9140769230769158	0.8567073170731707	23.1072567820549
357	35700	653	1000	0.9012747591395812	648	5	0.914230769230762	0.8621745788667687	23.15156956911087
358	35800	655	1000	0.8987544567522754	650	5	0.9143846153846082	0.8595419847328244	23.195291598637898
359	35900	651	1000	0.9200789728550788	646	5	0.9144615384615313	0.8648233486943164	23.239385867118834
360	36000	653	1000	0.9047575341892624	648	5	0.9146153846153775	0.8637059724349158	23.282286783059437
361	36100	654	1000	0.9188714810276122	649	5	0.9144615384615312	0.863914373088685	23.32697749932607
362	36200	652	1000	0.8937296868348106	647	5	0.9142307692307619	0.8680981595092024	23.37096473375956
363	36300	652	1000	0.926413186751553	647	5	0.914384615384608	0.8634969325153374	23.41619733174642
364	36400	648	1000	0.9205233535927299	643	5	0.9141538461538388	0.8688271604938271	23.460312616825103
365	36500	648	1000	0.8988377456540461	643	5	0.9141538461538389	0.8734567901234568	23.504019232590995
366	36600	645	1000	0.9169181925006642	640	5	0.9140769230769157	0.8806201550387597	23.54839981396993
367	36700	643	1000	0.9280445419353457	638	5	0.9140769230769156	0.8895800933125972	23.590822597344715
368	36800	637	1000	0.9335336600264952	632	5	0.9139999999999926	0.8948194662480377	23.633043932914735
369	36900	638	1000	0.9252234026760878	633	5	0.9141538461538383	0.8934169278996865	23.67650934855143
370	37000	640	1000	0.91380838021229	635	5	0.9143846153846076	0.8984375	23.72099991639455
371	37100	640	1000	0.9200279206606164	635	5	0.9143846153846077	0.8953125	23.765722330411275
372	37200	644	1000	0.902663683624962	639	5	0.9141538461538384	0.8866459627329193	23.80898323456446
373	37300	643	1000	0.895280545744081	638	5	0.9143846153846077	0.8833592534992224	23.852104214827218
374	37400	645	1000	0.919432328494436	640	5	0.9143076923076846	0.8821705426356589	23.895542852083842
375	37500	635	1000	0.904340515871017	631	4	0.914461538461531	0.8913385826771654	23.93725152015686
376	37600	633	1000	0.9159106451561557	629	4	0.914615384615377	0.8957345971563981	23.979028630256654
377	37700	631	1000	0.8888366129072479	627	4	0.9146153846153771	0.8922345483359746	24.02071375052134
378	37800	632	1000	0.9225007913669132	628	4	0.9146153846153771	0.8908227848101266	24.063344101111095
379	37900	632	1000	0.9186809110333585	628	4	0.9147692307692235	0.8876582278481012	24.10582713286082
380	38000	636	1000	0.8948510731992766	632	4	0.9148461538461464	0.8852201257861635	24.148039583365122
381	38100	637	1000	0.9150583126718608	633	4	0.9148461538461463	0.8838304552590267	24.1911013007164
382	38200	638	1000	0.9237827256893136	634	4	0.9148461538461463	0.877742946708464	24.23234128554662
383	38300	635	1000	0.9304903912932199	631	4	0.9149999999999927	0.8771653543307086	24.274575769901276
384	38400	638	1000	0.925025836353174	634	4	0.9149999999999926	0.8746081504702194	24.31772586504618
385	38500	639	1000	0.9136365558850721	635	4	0.9149999999999925	0.8716744913928013	24.36059023141861
386	38600	643	1000	0.9188544624551298	639	4	0.9150769230769159	0.8740279937791602	24.404354949792225
387	38700	641	1000	0.9047241515863821	637	4	0.915153846153839	0.8845553822152886	24.44709805250168
388	38800	639	1000	0.8956962945315031	635	4	0.9151538461538391	0.8888888888888888	24.488865582148232
389	38900	642	1000	0.9192065082395043	638	4	0.915076923076916	0.8894080996884736	24.531836632887522
390	39000	643	1000	0.8996201955459465	639	4	0.915153846153839	0.8849144634525661	24.573254668712615
391	39100	649	1000	0.9105348415779037	645	4	0.9152307692307622	0.8828967642526965	24.616308184464774
392	39200	651	1000	0.8890228698611042	647	4	0.915230769230762	0.8786482334869432	24.65992859999339
393	39300	652	1000	0.9217280780831183	648	4	0.9151538461538388	0.8803680981595092	24.704231933752695
394	39400	654	1000	0.9200111022904107	650	4	0.9151538461538389	0.8761467889908257	24.74824750026067
395	39500	650	1000	0.895847973164978	646	4	0.9149999999999926	0.88	24.791435869534812
396	39600	654	1000	0.9179447584396278	650	4	0.9149999999999926	0.8761467889908257	24.83589648405711
397	39700	654	1000	0.9245073218568409	650	4	0.915153846153839	0.8776758409785933	24.87893481651942
398	39800	654	1000	0.9309683561626444	650	4	0.9153846153846082	0.8746177370030581	24.92254110177358
399	39900	653	1000	0.9253660473993002	649	4	0.9156153846153773	0.8759571209800919	24.966240600744882
400	40000	655	1000	0.9141363369519698	651	4	0.9156153846153773	0.8778625954198473	25.01081400314967
401	40100	655	1000	0.9196394708325667	651	4	0.915538461538454	0.8778625954198473	25.056179896990457
402	40200	656	1000	0.9051560902130567	652	4	0.9155384615384543	0.8704268292682927	25.10008166631063
403	40300	657	1000	0.8973126404876077	653	4	0.9156923076923005	0.8614916286149162	25.14341098467509
404	40400	651	1000	0.9190563704133953	647	4	0.9156153846153774	0.8678955453149002	25.187677164872486
405	40500	653	1000	0.9004455689569688	649	4	0.9156153846153772	0.8606431852986217	25.23044956922531
406	40600	654	1000	0.9101598355216021	650	4	0.9155384615384541	0.8654434250764526	25.27461098432541
407	40700	659	1000	0.8872798358870555	655	4	0.9155384615384538	0.8603945371775418	25.318609579404196
408	40800	657	1000	0.9203080477045121	653	4	0.9155384615384538	0.8691019786910198	25.363655666510265
409	40900	662	1000	0.9170539060324167	658	4	0.9155384615384539	0.8640483383685801	25.40856813589732
410	41000	665	1000	0.8953219451270445	661	4	0.9153076923076844	0.8616541353383459	25.452737832069396
411	41100	663	1000	0.9173888752531353	659	4	0.9153076923076846	0.8672699849170438	25.497669819990794
412	41200	665	1000	0.9236148234232607	661	4	0.9160769230769156	0.8646616541353384	25.541278982162474
413	41300	667	1000	0.9298779210633557	663	4	0.9159999999999925	0.863568215892054	25.58549638191859
414	41400	666	1000	0.9240976550273363	662	4	0.9159999999999925	0.8633633633633634	25.63012731472651
415	41500	666	1000	0.9131963616156213	662	4	0.9160769230769156	0.8663663663663663	25.675093750158947
416	41600	670	1000	0.9173501939309554	666	4	0.9162307692307617	0.8641791044776119	25.72160468498866
417	41700	672	1000	0.9040128808017884	668	4	0.9162307692307616	0.8616071428571429	25.77912799914678
418	41800	671	1000	0.8952256499784714	667	4	0.9161538461538385	0.8673621460506706	25.82861941655477
419	41900	673	1000	0.9178888309842796	669	4	0.9161538461538385	0.8662704309063893	25.879299851258597
420	42000	673	1000	0.8998609236951092	669	4	0.9160769230769155	0.8692421991084696	25.92907066742579
421	42100	674	1000	0.9095047333067419	670	4	0.9159999999999923	0.8620178041543026	25.981661399205525
422	42200	672	1000	0.8878573851484571	668	4	0.9159999999999924	0.8645833333333334	26.035187617937723
423	42300	677	1000	0.9210233999597232	673	4	0.9160769230769155	0.8567208271787297	26.08925853172938
424	42400	677	1000	0.9197809520254137	673	4	0.9160769230769155	0.8567208271787297	26.143423648675284
425	42500	675	1000	0.8966945290698207	671	4	0.9160769230769154	0.8622222222222222	26.19717063506444
426	42600	678	1000	0.9165372707891953	674	4	0.9160769230769151	0.8539823008849557	26.25145308574041
427	42700	680	1000	0.9240754426397984	676	4	0.9159999999999922	0.8529411764705882	26.30478564898173
428	42800	679	1000	0.9300014630934088	675	4	0.9159999999999922	0.8586156111929307	26.361863148212432
429	42900	686	1000	0.9246477988239596	682	4	0.9159999999999922	0.8527696793002916	26.415135534604392
430	43000	686	1000	0.9125651104179292	682	4	0.915999999999992	0.8483965014577259	26.468518447875976
431	43100	688	1000	0.9185795439135102	684	4	0.9159230769230687	0.8488372093023255	26.521728364626565
432	43200	684	1000	0.9042820733287238	680	4	0.9159999999999919	0.8567251461988304	26.57340686718623
433	43300	685	1000	0.8977735060012558	681	4	0.9159999999999922	0.8525547445255475	26.62350006898244
434	43400	684	1000	0.9158013897496542	680	4	0.915923076923069	0.8508771929824561	26.67504193385442
435	43500	682	1000	0.8991347088337293	678	4	0.9159230769230691	0.8489736070381232	26.72528589963913
436	43600	681	1000	0.9189512142029979	677	4	0.9161538461538381	0.8472834067547724	26.77578033208847
437	43700	679	1000	0.8922425848243711	675	4	0.9162307692307611	0.8497790868924889	26.828660647074383
438	43800	674	1000	0.9262454898074709	670	4	0.9159999999999919	0.8605341246290801	26.882735987504322
439	43900	672	1000	0.9227610139117358	668	4	0.9158461538461459	0.8675595238095238	26.93588366905848
440	44000	671	1000	0.8990270498424843	667	4	0.915923076923069	0.8688524590163934	26.988534553845724
441	44100	675	1000	0.917440552442406	671	4	0.9159230769230691	0.8651851851851852	27.04307283560435
442	44200	671	1000	0.9307944191463237	667	4	0.9158461538461461	0.8733233979135618	27.09517685174942
443	44300	672	1000	0.9336236140592742	668	4	0.9158461538461462	0.8735119047619048	27.1483655333519
444	44400	670	1000	0.9278743154050381	666	4	0.9157692307692232	0.8746268656716418	27.20121613343557
445	44500	670	1000	0.9187977944195993	666	4	0.9157692307692231	0.8776119402985074	27.25432111819585
446	44600	672	1000	0.9211952838418463	668	4	0.9156923076923	0.8779761904761905	27.308019383748373
447	44700	669	1000	0.9053961411783014	665	4	0.9158461538461461	0.8774289985052317	27.358703017234802
448	44800	673	1000	0.8989984084718958	669	4	0.9159230769230691	0.8796433878157504	27.407649532953897
449	44900	673	1000	0.919435148712848	669	4	0.9160769230769151	0.8826151560178306	27.458489501476286
450	45000	673	1000	0.9015396192727247	669	4	0.9162307692307613	0.8781575037147102	27.508058683077493
451	45100	673	1000	0.9222848606439322	669	4	0.9162307692307612	0.8796433878157504	27.56012548605601
452	45200	677	1000	0.8951736489402053	673	4	0.9161538461538381	0.8744460856720827	27.613270183404286
453	45300	676	1000	0.9278715657914762	672	4	0.9162307692307612	0.8742603550295858	27.6661297361056
454	45400	680	1000	0.9237342691973793	676	4	0.9163076923076842	0.8720588235294118	27.724385368824006
455	45500	683	1000	0.8991493582322414	679	4	0.916230769230761	0.8696925329428989	27.775756482283274
456	45600	686	1000	0.9167669555257412	682	4	0.9161538461538381	0.8702623906705539	27.83393401702245
457	45700	682	1000	0.9275867516389812	678	4	0.9161538461538381	0.8680351906158358	27.88919749657313
458	45800	677	1000	0.931806173708382	673	4	0.9164615384615304	0.8744460856720827	27.96196403503418
459	45900	679	1000	0.9273090292863729	675	4	0.916923076923069	0.8703976435935199	28.026133251190185
460	46000	675	1000	0.9232137601651733	671	4	0.9169999999999923	0.8785185185185185	28.0759735306104
461	46100	676	1000	0.9265305962819269	672	4	0.9171538461538382	0.8772189349112426	28.12465841770172
462	46200	677	1000	0.9077082078172949	673	4	0.9172307692307613	0.8759231905465288	28.17501409848531
463	46300	672	1000	0.8993282298642622	668	4	0.9173076923076842	0.8913690476190477	28.223646167914072
464	46400	669	1000	0.9174858404899101	665	4	0.9173076923076842	0.8953662182361734	28.269888285795847
465	46500	667	1000	0.9013241578466874	663	4	0.9173076923076842	0.8950524737631185	28.315144968032836
466	46600	669	1000	0.9170866657472634	665	4	0.9173076923076842	0.8893871449925261	28.36507911682129
467	46700	670	1000	0.9059817037332941	666	4	0.9173846153846071	0.891044776119403	28.420956166585288
468	46800	677	1000	0.9399797660034765	673	4	0.9173846153846071	0.8833087149187593	28.473286835352578
469	46900	677	1000	0.9290338355260853	673	4	0.917384615384607	0.8818316100443131	28.532106534639993
470	47000	675	1000	0.9112407075074672	671	4	0.9174615384615302	0.8888888888888888	28.58279543320338
471	47100	675	1000	0.923229842709128	671	4	0.9175384615384533	0.8903703703703704	28.637007701396943
472	47200	675	1000	0.9294612443371624	671	4	0.9175384615384532	0.8903703703703704	28.6854083498319
473	47300	673	1000	0.9371955854953241	669	4	0.9174615384615301	0.8870728083209509	28.73447246948878
474	47400	676	1000	0.9318175051820878	672	4	0.9174615384615301	0.8831360946745562	28.78467328151067
475	47500	675	1000	0.9280692595601134	671	4	0.9174615384615302	0.882962962962963	28.839306783676147
476	47600	672	1000	0.9274574198780633	668	4	0.917384615384607	0.8854166666666666	28.892676719029744
477	47700	669	1000	0.9176173823680104	665	4	0.9173076923076839	0.8923766816143498	28.94396247069041
478	47800	670	1000	0.9138348971530966	666	4	0.9173076923076839	0.8850746268656716	28.992960266272227
479	47900	667	1000	0.9244484175873989	663	4	0.9174615384615301	0.8845577211394303	29.047738619645436
480	48000	675	1000	0.9109317854174389	671	4	0.9174615384615302	0.8740740740740741	29.099973833560945
481	48100	682	1000	0.9235170173966195	678	4	0.9176153846153761	0.8724340175953079	29.15079276561737
482	48200	680	1000	0.9066912603598201	676	4	0.9176153846153763	0.8794117647058823	29.204613331953684
483	48300	678	1000	0.9362260338704427	674	4	0.9176923076922993	0.887905604719764	29.2566698829333
484	48400	674	1000	0.92695106729776	671	3	0.9176923076922994	0.8976261127596439	29.304402951399485
485	48500	670	1000	0.9091462794340727	667	3	0.9176923076922995	0.9	29.351422782739004
486	48600	669	1000	0.9205550511079832	666	3	0.9177692307692225	0.898355754857997	29.40135609706243
487	48700	668	1000	0.9246361505710665	665	3	0.9178461538461454	0.8952095808383234	29.45433833201726
488	48800	675	1000	0.933468544382845	672	3	0.9178461538461455	0.8844444444444445	29.50475984811783
489	48900	673	1000	0.9297739288864416	670	3	0.9179230769230687	0.8826151560178306	29.551445949077607
490	49000	670	1000	0.92349496878773	667	3	0.9179230769230691	0.8761194029850746	29.597712349891662
491	49100	666	1000	0.9241949797786009	663	3	0.9179999999999922	0.8693693693693694	29.644759436448414
492	49200	666	1000	0.9141764807086686	663	3	0.9179230769230691	0.8648648648648649	29.69068054755529
493	49300	672	1000	0.9078063882710358	669	3	0.9179230769230686	0.8630952380952381	29.73595258394877
494	49400	665	1000	0.9247054325189104	662	3	0.9177692307692228	0.8676691729323308	29.78203788201014
495	49500	662	1000	0.9100145577374061	659	3	0.9177692307692228	0.8806646525679759	29.827055633068085
496	49600	667	1000	0.9204204202842312	664	3	0.9177692307692227	0.8800599700149925	29.872286518414814
497	49700	673	1000	0.9042855990755401	670	3	0.9178461538461455	0.8707280832095097	29.924409798781078
498	49800	673	1000	0.9334466072996283	670	3	0.9178461538461455	0.8722139673105498	29.971006282170613
499	49900	673	1000	0.9250930425668699	670	3	0.9178461538461455	0.8692421991084696	30.017358231544495
500	50000	675	1000	0.9075521262616247	672	3	0.9179999999999917	0.8651851851851852	30.06374386548996
501	50100	678	1000	0.9267292677181609	675	3	0.9179999999999919	0.8687315634218289	30.47278026342392
502	50200	680	1000	0.9344074133339224	677	3	0.918076923076915	0.861764705882353	30.51992489894231
503	50300	679	1000	0.9428155836256148	676	3	0.9181538461538381	0.8718703976435935	30.57326276699702
504	50400	676	1000	0.9325062475613788	673	3	0.9182307692307612	0.8727810650887574	30.631794385115306
505	50500	677	1000	0.9344103713828567	674	3	0.9183076923076843	0.8714918759231906	30.680386284987133
506	50600	674	1000	0.9306790300170086	671	3	0.9183076923076844	0.8753709198813057	30.728884665171304
507	50700	676	1000	0.9186679086335533	673	3	0.9182307692307614	0.8683431952662722	30.775514566898345
508	50800	678	1000	0.9137752387186993	675	3	0.9182307692307613	0.8702064896755162	30.82176323334376
509	50900	681	1000	0.9305522577582053	678	3	0.9182307692307614	0.8663729809104258	30.869503434499105
510	51000	682	1000	0.9144283369105463	679	3	0.9182307692307614	0.8636363636363636	30.91784918308258
511	51100	680	1000	0.9288395113348087	677	3	0.9183846153846076	0.8647058823529412	30.967888617515563
512	51200	680	1000	0.9109458307361902	677	3	0.9183846153846076	0.8661764705882353	31.020203216870627
513	51300	681	1000	0.9360550053760683	678	3	0.9183076923076846	0.8604992657856094	31.069470683733623
514	51400	677	1000	0.9279318633283948	674	3	0.9183846153846077	0.8567208271787297	31.116676700115203
515	51500	671	1000	0.9078970795968945	668	3	0.9183846153846077	0.8628912071535022	31.163743448257446
516	51600	666	1000	0.9194551233271596	663	3	0.9183846153846076	0.8723723723723724	31.21483356952667
517	51700	665	1000	0.9294151013490941	662	3	0.9184615384615307	0.8751879699248121	31.264244067668916
518	51800	664	1000	0.9352758812339439	661	3	0.918461538461531	0.8765060240963856	31.311704150835673
519	51900	664	1000	0.9261272370917265	661	3	0.9184615384615309	0.875	31.360523835817972
520	52000	666	1000	0.9163075842671285	663	3	0.9184615384615311	0.8708708708708709	31.409096364180247
521	52100	668	1000	0.9179142793864686	665	3	0.9183846153846079	0.8622754491017964	31.492734066645305
522	52200	671	1000	0.9027506537737439	668	3	0.918384615384608	0.8673621460506706	31.550919981797538
523	52300	667	1000	0.9031530246753272	664	3	0.918384615384608	0.8770614692653673	31.59973291953405
524	52400	668	1000	0.9173995099591841	665	3	0.918230769230762	0.8772455089820359	31.64890656868617
525	52500	665	1000	0.9017820533727415	662	3	0.9182307692307617	0.8827067669172932	31.69773171345393
526	52600	670	1000	0.9150749895934254	667	3	0.9182307692307616	0.8805970149253731	31.746557784080505
527	52700	672	1000	0.9091877515860844	669	3	0.9182307692307617	0.8794642857142857	31.79597529967626
528	52800	673	1000	0.9350429968817047	670	3	0.9183076923076847	0.8781575037147102	31.846397399902344
529	52900	677	1000	0.9265134623667987	674	3	0.9183076923076847	0.880354505169867	31.895233166217803
530	53000	680	1000	0.9081665649957873	677	3	0.9183076923076848	0.8764705882352941	31.943613636493684
531	53100	682	1000	0.9246530720884785	679	3	0.9183846153846077	0.8665689149560117	31.99561949968338
532	53200	685	1000	0.9320347414717736	682	3	0.918461538461531	0.8627737226277372	32.042845066388445
533	53300	685	1000	0.9394312339308506	682	3	0.9185384615384539	0.8656934306569343	32.09278413454692
534	53400	686	1000	0.9286012448784788	683	3	0.9185384615384539	0.8644314868804664	32.14339656829834
535	53500	687	1000	0.9281524841660392	684	3	0.9185384615384538	0.868995633187773	32.22011644840241
536	53600	682	1000	0.9268392276362526	679	3	0.9191538461538384	0.875366568914956	32.280029881000516
537	53700	686	1000	0.91708966406608	683	3	0.9191538461538384	0.8760932944606414	32.38822153409322
538	53800	687	1000	0.916457174740928	684	3	0.9191538461538385	0.86608442503639	32.45092210372289
539	53900	686	1000	0.9236605149828881	683	3	0.9190769230769152	0.8658892128279884	32.506484997272494
540	54000	681	1000	0.9019495643915225	678	3	0.9190769230769154	0.8663729809104258	32.57111450036367
541	54100	679	1000	0.9153879124414638	676	3	0.9190769230769155	0.8777614138438881	32.62624756892522
542	54200	684	1000	0.8929970877165642	681	3	0.9191538461538384	0.8771929824561403	32.67971561749776
543	54300	683	1000	0.9265012574612713	680	3	0.9192307692307615	0.8814055636896047	32.73622314929962
544	54400	680	1000	0.9213274629716366	677	3	0.9191538461538384	0.8794117647058823	32.79750363032023
545	54500	679	1000	0.8968019701650498	676	3	0.9191538461538384	0.8792341678939617	32.85252364873886
546	54600	676	1000	0.9160872205964213	673	3	0.9189999999999923	0.8816568047337278	32.98994071880976
547	54700	677	1000	0.9263971203983883	674	3	0.9189999999999923	0.8818316100443131	33.063223663965864
548	54800	677	1000	0.9344025089870506	674	3	0.9186923076922997	0.8833087149187593	33.12581921418508
549	54900	676	1000	0.9258696321348533	673	3	0.9188461538461461	0.8816568047337278	33.18337806860606
550	55000	675	1000	0.9216997149467732	672	3	0.9188461538461461	0.8859259259259259	33.23358213504155
551	55100	673	1000	0.9242270248716702	670	3	0.9189230769230693	0.8870728083209509	33.29690620104472
552	55200	672	1000	0.9141640641552813	669	3	0.9189999999999922	0.8928571428571429	33.371600266297655
553	55300	673	1000	0.9120152362962974	670	3	0.9191538461538383	0.888558692421991	33.43460086981455
554	55400	675	1000	0.9252655781185405	672	3	0.9190769230769152	0.8844444444444445	33.48525869846344
555	55500	673	1000	0.9110215838063401	670	3	0.9190769230769151	0.8841010401188707	33.53538018465042
556	55600	678	1000	0.9193717899338257	675	3	0.9191538461538379	0.8716814159292036	33.58879366715749
557	55700	683	1000	0.8939236840493979	680	3	0.9191538461538379	0.8711566617862372	33.636538883050285
558	55800	680	1000	0.9233178827175323	677	3	0.9191538461538379	0.875	33.685844751199085
559	55900	673	1000	0.9203924598629211	670	3	0.9191538461538381	0.8855869242199108	33.73555553356807
560	56000	671	1000	0.8970762559814355	668	3	0.9191538461538382	0.8882265275707899	33.78324531316757
561	56100	673	1000	0.9156256989572354	670	3	0.9191538461538383	0.8811292719167905	33.83361775080363
562	56200	676	1000	0.9244257824953256	673	3	0.9191538461538382	0.878698224852071	33.88693676789602
563	56300	672	1000	0.9301674489272196	669	3	0.9192307692307615	0.8839285714285714	33.96786301533381
564	56400	669	1000	0.9212750038358004	666	3	0.9191538461538384	0.8923766816143498	34.026657569408414
565	56500	671	1000	0.914959212829164	668	3	0.9191538461538384	0.8897168405365127	34.08559701442719
566	56600	672	1000	0.914842587771158	669	3	0.9191538461538384	0.8883928571428571	34.14066321849823
567	56700	670	1000	0.90216205219963	667	3	0.9191538461538384	0.8835820895522388	34.19783373673757
568	56800	677	1000	0.8975081136872316	674	3	0.9190769230769154	0.8788774002954209	34.25053168535233
569	56900	680	1000	0.9019029529209558	677	3	0.9190769230769154	0.8808823529411764	34.30246034860611
570	57000	677	1000	0.8888482324358482	674	3	0.9190769230769152	0.8847858197932054	34.358770831425986
571	57100	677	1000	0.9098469319524011	674	3	0.9191538461538383	0.8877400295420975	34.43181868394216
572	57200	682	1000	0.8823721732915263	679	3	0.9192307692307616	0.8885630498533724	34.52317406733831
573	57300	679	1000	0.92184298252289	676	3	0.9192307692307615	0.8895434462444771	34.58576121727626
574	57400	681	1000	0.9141941503863488	678	3	0.9192307692307616	0.8810572687224669	34.64141053358714
575	57500	680	1000	0.8951054862574327	677	3	0.9192307692307616	0.8779411764705882	34.691600783665976
576	57600	681	1000	0.9139271138903348	678	3	0.9192307692307617	0.8766519823788547	34.741880182425184
577	57700	678	1000	0.9241120499348241	675	3	0.9192307692307619	0.8775811209439528	34.790555866559345
578	57800	679	1000	0.9265106319008808	676	3	0.919230769230762	0.8748159057437408	34.839590414365134
579	57900	680	1000	0.9134466236806396	677	3	0.919230769230762	0.875	34.88852120240529
580	58000	673	1000	0.902352362774926	670	3	0.9193076923076849	0.8826151560178306	34.93780330022176
581	58100	675	1000	0.9106093826910953	672	3	0.9193076923076849	0.8770370370370371	34.98755120038986
582	58200	675	1000	0.9018321826686588	672	3	0.9193076923076847	0.8770370370370371	35.03625924984614
583	58300	675	1000	0.9016937469945675	672	3	0.9192307692307617	0.8874074074074074	35.083585647741955
584	58400	679	1000	0.9072430879562625	676	3	0.9193076923076846	0.8895434462444771	35.13116950194041
585	58500	677	1000	0.8906697867656278	674	3	0.9193076923076846	0.8847858197932054	35.17804078261057
586	58600	675	1000	0.9121676262888512	672	3	0.9192307692307617	0.8888888888888888	35.22525443236033
587	58700	675	1000	0.8849328893223404	672	3	0.9192307692307617	0.8888888888888888	35.27416021426519
588	58800	670	1000	0.9215842927794838	667	3	0.9192307692307616	0.891044776119403	35.32084143161774
589	58900	669	1000	0.9169392009651051	666	3	0.9192307692307617	0.8878923766816144	35.36599563360214
590	59000	667	1000	0.8959543590012601	664	3	0.9192307692307617	0.8860569715142429	35.41074416637421
591	59100	664	1000	0.9158856852952466	661	3	0.9192307692307617	0.8855421686746988	35.456159996986386
592	59200	664	1000	0.9244616009425976	661	3	0.9193076923076846	0.8855421686746988	35.50102114677429
593	59300	664	1000	0.9313428461247071	661	3	0.9192307692307616	0.8795180722891566	35.54498649835587
594	59400	664	1000	0.9158166036152227	661	3	0.9192307692307615	0.8825301204819277	35.59155706564585
595	59500	664	1000	0.9073196633533968	661	3	0.9191538461538387	0.8780120481927711	35.63736338218053
596	59600	667	1000	0.9105760211657475	664	3	0.9191538461538388	0.8860569715142429	35.683644115924835
597	59700	667	1000	0.8967430774518658	664	3	0.9190769230769158	0.889055472263868	35.729825834433235
598	59800	663	1000	0.8901704370591226	660	3	0.9191538461538387	0.889894419306184	35.77511839866638
599	59900	661	1000	0.8989712208018429	658	3	0.9192307692307616	0.9001512859304085	35.821316266059874
600	60000	658	1000	0.8882945462739843	655	3	0.9192307692307619	0.898176291793313	35.86702658335368
601	60100	660	1000	0.9106914353042949	657	3	0.9190769230769159	0.8909090909090909	35.916669285297395
602	60200	657	1000	0.8828124587306962	654	3	0.9189230769230696	0.9010654490106544	35.96558097998301
603	60300	654	1000	0.9230051932827484	651	3	0.9188461538461468	0.9036697247706422	36.016903630892436
604	60400	656	1000	0.9093669255089722	653	3	0.9189230769230696	0.9009146341463414	36.06334399779637
605	60500	657	1000	0.8867792717177627	654	3	0.9189999999999927	0.8995433789954338	36.11202068328858
606	60600	657	1000	0.9026198225296959	654	3	0.9188461538461468	0.9041095890410958	36.157635998725894
607	60700	655	1000	0.9147088209120691	652	3	0.9188461538461468	0.9038167938931297	36.200738716125485
608	60800	660	1000	0.9141980064038513	657	3	0.9188461538461468	0.8984848484848484	36.24456403652827
609	60900	663	1000	0.9174569229967973	660	3	0.9188461538461467	0.889894419306184	36.29224138657252
610	61000	659	1000	0.905993926954431	656	3	0.9187692307692236	0.8952959028831563	36.3428632179896
611	61100	662	1000	0.9055948626138224	659	3	0.9187692307692235	0.8897280966767371	36.40968728065491
612	61200	663	1000	0.8924887399659664	660	3	0.9187692307692235	0.8868778280542986	36.45449409882227
613	61300	661	1000	0.8891923816821402	658	3	0.9187692307692235	0.886535552193646	36.49907868305842
614	61400	667	1000	0.8998400696125313	664	3	0.9187692307692236	0.8770614692653673	36.54407860040665
615	61500	663	1000	0.8895941146996037	660	3	0.9186923076923005	0.8763197586726998	36.596635516484575
616	61600	666	1000	0.9009011811594196	664	2	0.9187692307692232	0.8753753753753754	36.651119617621106
617	61700	669	1000	0.8755307100297952	667	2	0.9187692307692231	0.874439461883408	36.70711541573207
618	61800	669	1000	0.8953065831944279	667	2	0.9186923076923001	0.8699551569506726	36.76859410206477
619	61900	673	1000	0.8948904080814569	671	2	0.918615384615377	0.8707280832095097	36.82747768163681
620	62000	673	1000	0.8802639040753482	671	2	0.9186923076922999	0.8692421991084696	36.89468375047048
621	62100	676	1000	0.8833584222414396	674	2	0.9186923076923	0.8609467455621301	36.955551000436145
622	62200	680	1000	0.8874430706467734	678	2	0.9186153846153768	0.8558823529411764	37.02571056286494
623	62300	680	1000	0.8861075875233416	678	2	0.9185384615384536	0.8558823529411764	37.07497601509094
624	62400	677	1000	0.8859311623491967	675	2	0.9185384615384536	0.8641063515509602	37.12146468559901
625	62500	679	1000	0.8839110931047407	677	2	0.9184615384615304	0.8586156111929307	37.16968238353729
626	62600	675	1000	0.8917140222260197	673	2	0.9185384615384533	0.8651851851851852	37.22197266419729
627	62700	671	1000	0.8692162307037727	669	2	0.9186153846153764	0.8718330849478391	37.27009358406067
628	62800	673	1000	0.8756482258859691	671	2	0.9186153846153765	0.8647845468053492	37.32286983331044
629	62900	668	1000	0.8757067852381524	666	2	0.9186923076922996	0.8712574850299402	37.3868722319603
630	63000	670	1000	0.8780482319208056	668	2	0.9187692307692229	0.8716417910447761	37.44295655091604
631	63100	665	1000	0.8970011060527401	663	2	0.9188461538461461	0.8721804511278195	37.50237059990565
632	63200	663	1000	0.8784531996347604	661	2	0.9189230769230692	0.8838612368024132	37.554554100831346
633	63300	663	1000	0.8990652255283367	661	2	0.9189230769230692	0.8853695324283559	37.604370717207594
634	63400	660	1000	0.8995306671300537	658	2	0.9189230769230692	0.8924242424242425	37.65514928499858
635	63500	664	1000	0.8888684538944827	662	2	0.9189230769230691	0.8945783132530121	37.71339758237203
636	63600	663	1000	0.8846870735110122	661	2	0.918999999999992	0.8989441930618401	37.770660718282066
637	63700	663	1000	0.8897287455984423	661	2	0.9189999999999922	0.9034690799396682	37.82117588122686
638	63800	665	1000	0.8887505089110104	663	2	0.9189999999999922	0.9037593984962407	37.87656720081965
639	63900	665	1000	0.8895837386457022	663	2	0.9190769230769152	0.8977443609022556	37.93047624826431
640	64000	663	1000	0.8857053788918587	661	2	0.9191538461538383	0.9019607843137255	38.00088893175125
641	64100	664	1000	0.8955853058294493	662	2	0.9193076923076844	0.8945783132530121	38.05348571538925
642	64200	663	1000	0.8732352040113938	661	2	0.9194615384615306	0.889894419306184	38.10182480017344
643	64300	663	1000	0.8796620342557354	661	2	0.9194615384615308	0.8914027149321267	38.15732319752375
644	64400	662	1000	0.8804422488706956	660	2	0.919538461538454	0.8897280966767371	38.213353570302324
645	64500	662	1000	0.8796218093544964	660	2	0.9193846153846076	0.8867069486404834	38.30328793525696
646	64600	659	1000	0.8980664177010454	657	2	0.9193076923076846	0.881638846737481	38.37675879796346
647	64700	664	1000	0.8803382461362897	662	2	0.9193076923076845	0.8674698795180723	38.428339032332104
648	64800	671	1000	0.8990902833553648	669	2	0.9193076923076845	0.8673621460506706	38.49398188193639
649	64900	667	1000	0.8978057489062471	665	2	0.9194615384615307	0.8620689655172413	38.55700838168462
650	65000	663	1000	0.8852605126961312	661	2	0.9194615384615307	0.8717948717948718	38.60766735076904
651	65100	670	1000	0.8857853341889479	668	2	0.9195384615384538	0.8641791044776119	38.65851596593857
652	65200	666	1000	0.8910509413681283	664	2	0.9195384615384538	0.8678678678678678	38.70615386565526
653	65300	667	1000	0.8883514001870438	665	2	0.9195384615384534	0.8650674662668666	38.759096483389534
654	65400	664	1000	0.8923797185843882	662	2	0.9195384615384533	0.8689759036144579	38.810890316963196
655	65500	667	1000	0.8866016252509913	665	2	0.9196153846153765	0.8665667166416792	38.86073836485545
656	65600	670	1000	0.8967450874248712	668	2	0.9196153846153767	0.8671641791044776	38.91084365049998
657	65700	677	1000	0.8737389818319792	675	2	0.9195384615384538	0.8655834564254062	38.95936876535416
658	65800	677	1000	0.8797940252768316	675	2	0.9195384615384533	0.8670605612998523	39.00599493583044
659	65900	682	1000	0.8807443095607268	680	2	0.9195384615384534	0.8607038123167156	39.06186506350835
660	66000	681	1000	0.8790608540178013	679	2	0.9195384615384536	0.8678414096916299	39.11518079837163
661	66100	681	1000	0.8969622563330617	679	2	0.9195384615384534	0.869309838472834	39.16179056564967
662	66200	680	1000	0.8801527294590227	678	2	0.9195384615384536	0.8779411764705882	39.20846633116404
663	66300	674	1000	0.9003956662726893	672	2	0.9196153846153768	0.8887240356083086	39.2554235180219
664	66400	675	1000	0.8996167619557383	673	2	0.9196153846153766	0.8874074074074074	39.3021222670873
665	66500	676	1000	0.8862047887880087	674	2	0.9196153846153766	0.8816568047337278	39.34868208567301
666	66600	675	1000	0.8860216722946481	673	2	0.9196153846153768	0.8844444444444445	39.39585336446762
667	66700	672	1000	0.891011222910317	670	2	0.9196153846153767	0.8809523809523809	39.441052401065825
668	66800	674	1000	0.8891694267891158	672	2	0.9195384615384534	0.887240356083086	39.486916148662566
669	66900	670	1000	0.893985525090116	668	2	0.9195384615384536	0.8835820895522388	39.5333154519399
670	67000	672	1000	0.8876074763508102	670	2	0.9193846153846073	0.8839285714285714	39.5796192685763
671	67100	670	1000	0.8968815145096977	668	2	0.9193846153846074	0.8895522388059701	39.62712034781774
672	67200	666	1000	0.8737389818319792	664	2	0.9192307692307611	0.8948948948948949	39.67282131910324
673	67300	666	1000	0.8797940252768316	664	2	0.9192307692307611	0.8918918918918919	39.71750196615855
674	67400	667	1000	0.8807443095607268	665	2	0.919307692307684	0.8980509745127436	39.76293996572495
675	67500	662	1000	0.8790608540178013	660	2	0.9192307692307613	0.9003021148036254	39.80827949841817
676	67600	664	1000	0.897490585400075	662	2	0.9192307692307613	0.8945783132530121	39.85402366717656
677	67700	662	1000	0.8799138503913013	660	2	0.9192307692307613	0.8927492447129909	39.89937349955241
678	67800	663	1000	0.9009250446481712	661	2	0.9192307692307613	0.8868778280542986	39.94540958007177
679	67900	661	1000	0.898733436237514	659	2	0.9192307692307612	0.8880484114977307	39.990918799241385
680	68000	661	1000	0.8862047887880087	659	2	0.9193846153846073	0.8956127080181543	40.0367338180542
681	68100	663	1000	0.8861763804386645	661	2	0.9193846153846073	0.8944193061840121	40.08295401732127
682	68200	662	1000	0.891011222910317	660	2	0.9196153846153767	0.8897280966767371	40.12907483180364
683	68300	660	1000	0.8891694267891158	658	2	0.9195384615384536	0.8909090909090909	40.173209134737654
684	68400	660	1000	0.8914500183503175	658	2	0.9194615384615304	0.8878787878787879	40.21862956682841
685	68500	662	1000	0.8868572029661937	660	2	0.9194615384615307	0.8867069486404834	40.26534688075383
686	68600	661	1000	0.8961818888132282	659	2	0.9194615384615304	0.886535552193646	40.31607420047124
687	68700	663	1000	0.8726275481672378	661	2	0.9193846153846073	0.8823529411764706	40.36577783425649
688	68800	665	1000	0.8783981125982798	663	2	0.9193846153846076	0.8842105263157894	40.42050198316574
689	68900	662	1000	0.8776459130686941	660	2	0.9193846153846076	0.8882175226586103	40.46968555053075
690	69000	660	1000	0.8764853847257088	658	2	0.9193076923076847	0.8863636363636364	40.5147735675176
691	69100	657	1000	0.893802795906638	655	2	0.9192307692307616	0.8919330289193302	40.56021021604538
692	69200	656	1000	0.8774901822045009	654	2	0.9192307692307616	0.8932926829268293	40.608675801753996
693	69300	659	1000	0.8963561030065296	657	2	0.9191538461538384	0.8907435508345979	40.65954478184382
694	69400	661	1000	0.895575567290475	659	2	0.9190769230769152	0.886535552193646	40.70710893472036
695	69500	668	1000	0.8814537324832902	666	2	0.9190769230769151	0.8787425149700598	40.75291835069656
696	69600	670	1000	0.8836236320024503	668	2	0.9190769230769152	0.8791044776119403	40.79980821609497
697	69700	669	1000	0.8894714351970145	667	2	0.9190769230769152	0.8774289985052317	40.84523180325826
698	69800	668	1000	0.8878007610946496	666	2	0.9189999999999922	0.8697604790419161	40.89002483288447
699	69900	668	1000	0.8880714008995906	666	2	0.9189999999999922	0.874251497005988	40.939111630121864
700	70000	665	1000	0.8835205848920771	663	2	0.9189999999999922	0.8781954887218045	40.98593861659368
701	70100	668	1000	0.8928744782908159	666	2	0.9189999999999924	0.8697604790419161	41.034169081846876
702	70200	666	1000	0.870664174561652	664	2	0.9190769230769156	0.8708708708708709	41.07999496857325
703	70300	664	1000	0.8766604533225447	662	2	0.9190769230769154	0.8689759036144579	41.125082381566365
704	70400	665	1000	0.8764929069088058	663	2	0.9190769230769154	0.8586466165413534	41.171255401770274
705	70500	663	1000	0.8755130890361923	661	2	0.9189230769230694	0.8597285067873304	41.215875351428984
706	70600	663	1000	0.8924451985195279	661	2	0.9188461538461462	0.861236802413273	41.261051380634306
707	70700	662	1000	0.8756441022051027	660	2	0.9189230769230693	0.8670694864048338	41.30648506879807
708	70800	667	1000	0.8962512726727827	665	2	0.9188461538461462	0.8620689655172413	41.35233864784241
709	70900	663	1000	0.8970727518400525	661	2	0.9188461538461464	0.8687782805429864	41.3977069179217
710	71000	666	1000	0.8829817168960362	664	2	0.9189230769230693	0.8723723723723724	41.443369114398955
711	71100	663	1000	0.885104793005145	661	2	0.9187692307692232	0.8763197586726998	41.48940741618474
712	71200	660	1000	0.8903860294049097	658	2	0.9188461538461465	0.8818181818181818	41.533383480707805
713	71300	657	1000	0.8918547559445122	655	2	0.9188461538461464	0.8873668188736682	41.576996167500816
714	71400	656	1000	0.8905263138862783	654	2	0.9187692307692232	0.8871951219512195	41.62161113421122
715	71500	659	1000	0.8858091247738886	657	2	0.9187692307692231	0.8831562974203339	41.666744601726535
716	71600	659	1000	0.8976145224181988	657	2	0.9188461538461462	0.8877086494688923	41.71302149693171
717	71700	661	1000	0.8722196220534317	659	2	0.9188461538461462	0.8925869894099848	41.758211835225424
718	71800	660	1000	0.8768123836278536	658	2	0.9188461538461461	0.8893939393939394	41.80235176881154
719	71900	662	1000	0.8779956116847499	660	2	0.9188461538461461	0.8957703927492447	41.84745010137558
720	72000	657	1000	0.8779591213708738	655	2	0.9188461538461462	0.898021308980213	41.89154981772105
721	72100	661	1000	0.895418550933094	659	2	0.9188461538461463	0.8910741301059002	41.935828399658206
722	72200	657	1000	0.877771456220942	655	2	0.9187692307692233	0.8995433789954338	41.98091814915339
723	72300	653	1000	0.8942460874642332	651	2	0.9187692307692235	0.9096477794793262	42.02617556651433
724	72400	653	1000	0.8955531860366948	651	2	0.9188461538461467	0.9050535987748851	42.07043035030365
725	72500	652	1000	0.8793459518790092	650	2	0.9189230769230695	0.9095092024539877	42.114968085289
726	72600	648	1000	0.8819094662246354	646	2	0.9189230769230698	0.904320987654321	42.16384185155233
727	72700	644	1000	0.8890275613217065	642	2	0.9189999999999929	0.90527950310559	42.21057207981745
728	72800	647	1000	0.889792517752282	645	2	0.918999999999993	0.9026275115919629	42.25653478304545
729	72900	649	1000	0.888172540080424	647	2	0.918999999999993	0.8952234206471494	42.304496383666994
730	73000	646	1000	0.8821219821443909	644	2	0.9189999999999932	0.9040247678018576	42.350785414377846
731	73100	645	1000	0.8925169124009112	643	2	0.9190769230769162	0.8992248062015504	42.39871156613032
732	73200	639	1000	0.8692721337847591	637	2	0.9191538461538393	0.9061032863849765	42.44611883163452
733	73300	639	1000	0.8764302004437332	637	2	0.9191538461538394	0.9014084507042254	42.48844226996104
734	73400	639	1000	0.8774807338551806	637	2	0.9189999999999933	0.9029733959311425	42.53210178216298
735	73500	638	1000	0.8734969008288546	636	2	0.9189999999999933	0.9028213166144201	42.574666968981425
736	73600	636	1000	0.8876547006238747	634	2	0.9190769230769162	0.910377358490566	42.620722182591756
737	73700	640	1000	0.8731532404607014	638	2	0.9189999999999933	0.9015625	42.66782148679098
738	73800	639	1000	0.894697920889963	637	2	0.9189230769230703	0.8967136150234741	42.715100117524464
739	73900	636	1000	0.8968614074713223	634	2	0.9189999999999933	0.8962264150943396	42.75843025048574
740	74000	640	1000	0.8755717959081949	638	2	0.9189230769230701	0.890625	42.80224560101827
741	74100	644	1000	0.8827845253904653	642	2	0.9189230769230701	0.8835403726708074	42.84615236520767
742	74200	643	1000	0.8836434958081562	641	2	0.9189230769230701	0.8786936236391913	42.88852936824163
743	74300	641	1000	0.889076334178663	639	2	0.9189230769230701	0.8845553822152886	42.93518469731013
744	74400	644	1000	0.884786050580727	642	2	0.9189999999999929	0.8866459627329193	42.99391896724701
745	74500	645	1000	0.8816180366638064	643	2	0.9189230769230697	0.8837209302325582	43.050971098740895
746	74600	645	1000	0.8925695528366652	643	2	0.9189999999999929	0.8868217054263566	43.106857220331825
747	74700	645	1000	0.8691658570027749	643	2	0.9189999999999929	0.875968992248062	43.1572721362114
748	74800	648	1000	0.8738732292313253	646	2	0.9189999999999928	0.875	43.21926246484121
749	74900	654	1000	0.8747307560663979	652	2	0.9189999999999928	0.8715596330275229	43.277161415417986
750	75000	658	1000	0.8705876695315734	656	2	0.9189999999999927	0.8708206686930091	43.329504652818045
751	75100	656	1000	0.886857817295896	654	2	0.9189230769230695	0.8780487804878049	43.37526533206304
752	75200	660	1000	0.8694864362875157	658	2	0.9186923076923005	0.8757575757575757	43.42143856287002
753	75300	660	1000	0.8945644960705498	658	2	0.9187692307692235	0.8742424242424243	43.470036482810976
754	75400	666	1000	0.8884135938736791	664	2	0.9186923076923004	0.8663663663663663	43.51623381773631
755	75500	668	1000	0.8736884235638764	666	2	0.9186923076923006	0.8682634730538922	43.56423651774724
756	75600	670	1000	0.8822735246755213	668	2	0.9186153846153774	0.8686567164179104	43.61253063678741
757	75700	669	1000	0.8848672188845272	667	2	0.9186153846153775	0.8654708520179372	43.65919169982274
758	75800	669	1000	0.8931302753690937	667	2	0.9184615384615314	0.8565022421524664	43.70503306388855
759	75900	671	1000	0.904683439763501	669	2	0.9184615384615313	0.849478390461997	43.75259833335876
760	76000	676	1000	0.8901270695061779	674	2	0.9183846153846082	0.8461538461538461	43.804084499677025
761	76100	670	1000	0.9012338299424688	668	2	0.9182307692307621	0.8567164179104477	43.86207018693288
762	76200	670	1000	0.8723773991826481	668	2	0.918307692307685	0.8626865671641791	43.91902101437251
763	76300	668	1000	0.8734550293187198	666	2	0.9183076923076855	0.8682634730538922	43.965986434618635
764	76400	665	1000	0.8762457021104413	663	2	0.9183076923076853	0.881203007518797	44.01341341733932
765	76500	665	1000	0.8694448130311625	663	2	0.9183076923076853	0.8857142857142857	44.06261058251063
766	76600	669	1000	0.8897375222588245	667	2	0.9183076923076853	0.8804185351270553	44.135991934935255
767	76700	671	1000	0.8650385906416477	669	2	0.9181538461538391	0.8777943368107303	44.20019306341807
768	76800	670	1000	0.8952822847149378	668	2	0.9183076923076852	0.8791044776119403	44.263491249084474
769	76900	668	1000	0.8897180577966272	666	2	0.9183076923076853	0.8817365269461078	44.3140386501948
770	77000	667	1000	0.8767462446025758	665	2	0.9183076923076852	0.8845577211394303	44.36249853372574
771	77100	669	1000	0.8827778141022808	667	2	0.918307692307685	0.8893871449925261	44.41253079970678
772	77200	673	1000	0.8815551786607966	671	2	0.9184615384615314	0.8855869242199108	44.45849791765213
773	77300	673	1000	0.8935943998011432	671	2	0.9184615384615312	0.8900445765230312	44.50797848304113
774	77400	674	1000	0.8866004405138491	672	2	0.9184615384615311	0.8902077151335311	44.558354051907855
775	77500	676	1000	0.8781297890675696	674	2	0.918461538461531	0.8875739644970414	44.609230482578276
776	77600	681	1000	0.8928245969529078	679	2	0.9186153846153771	0.8781204111600588	44.661402785778044
777	77700	676	1000	0.8723773991826481	674	2	0.9186923076922998	0.8801775147928994	44.71078145106633
778	77800	678	1000	0.878614462047738	676	2	0.9186923076922998	0.8746312684365781	44.75898772080739
779	77900	677	1000	0.8764545456856	675	2	0.9186923076922999	0.8729689807976366	44.8103967666626
780	78000	673	1000	0.874932796502197	671	2	0.9186923076922998	0.8796433878157504	44.8593159476916
781	78100	678	1000	0.8903976449597168	676	2	0.9186923076922996	0.8775811209439528	44.905781865119934
782	78200	678	1000	0.8744455443319051	676	2	0.9187692307692228	0.8790560471976401	44.95504983266195
783	78300	673	1000	0.8969340022890749	671	2	0.9186923076922997	0.8796433878157504	45.008404314517975
784	78400	669	1000	0.8980170888328445	667	2	0.9186923076922997	0.8863976083707026	45.05616743564606
785	78500	667	1000	0.8789020760486491	665	2	0.9186923076922997	0.8830584707646177	45.10358805259069
786	78600	666	1000	0.8853820864491676	664	2	0.9187692307692228	0.8828828828828829	45.14993796348572
787	78700	665	1000	0.8870980170347138	663	2	0.9188461538461459	0.8902255639097745	45.20092771848043
788	78800	667	1000	0.8938424261488188	665	2	0.9186923076922998	0.8875562218890555	45.24895469745
789	78900	668	1000	0.8891560758286812	666	2	0.9186923076922997	0.8892215568862275	45.29934406677882
790	79000	663	1000	0.8828879358638466	661	2	0.9186153846153768	0.8914027149321267	45.34645584821701
791	79100	658	1000	0.8940676800194938	656	2	0.9186923076922999	0.8966565349544073	45.39532056649526
792	79200	660	1000	0.8724060235264917	658	2	0.918615384615377	0.8924242424242425	45.44107170104981
793	79300	660	1000	0.8779587043676672	658	2	0.9186153846153768	0.8939393939393939	45.484235000610354
794	79400	664	1000	0.876342169022352	662	2	0.9186923076922997	0.8885542168674698	45.528596035639445
795	79500	663	1000	0.8737564281573811	661	2	0.9186923076922996	0.8838612368024132	45.57294718424479
796	79600	667	1000	0.8902313696157975	665	2	0.9186923076922996	0.8785607196401799	45.6189692179362
797	79700	665	1000	0.8724566696607968	663	2	0.9186923076922996	0.8796992481203008	45.66790914932887
798	79800	667	1000	0.896241506042921	665	2	0.9186153846153764	0.8770614692653673	45.714303481578824
799	79900	664	1000	0.8973805589798535	662	2	0.9186153846153765	0.8765060240963856	45.760207716623945
800	80000	663	1000	0.8777979368320813	661	2	0.9186153846153767	0.8793363499245852	45.808731718858084
801	80100	659	1000	0.8851319759154671	657	2	0.9186153846153767	0.8861911987860395	45.854865447680154
802	80200	655	1000	0.8855525253921849	653	2	0.9187692307692229	0.8870229007633588	45.89820019801458
803	80300	649	1000	0.8938424261488188	647	2	0.9186153846153771	0.8983050847457628	45.94314523140589
804	80400	653	1000	0.8888379349247779	651	2	0.9186923076922999	0.8958652373660031	45.985938330491386
805	80500	649	1000	0.8824261268420852	647	2	0.9186923076922998	0.8983050847457628	46.03052066961924
806	80600	652	1000	0.8936679671205292	650	2	0.9186923076922998	0.8926380368098159	46.082968564828235
807	80700	647	1000	0.872825753172318	645	2	0.9186153846153772	0.8964451313755796	46.13154680331548
808	80800	653	1000	0.8788036647457396	651	2	0.9184615384615309	0.8943338437978561	46.1906597495079
809	80900	655	1000	0.8760925293588613	653	2	0.9183846153846074	0.8931297709923665	46.24193098545074
810	81000	654	1000	0.8751899271927407	652	2	0.9183076923076846	0.8914373088685015	46.30910090208054
811	81100	655	1000	0.8882875286130357	653	2	0.9183846153846075	0.8900763358778626	46.3747931321462
812	81200	650	1000	0.8732327168591308	648	2	0.9183846153846076	0.8938461538461538	46.44051553408305
813	81300	650	1000	0.8960978379250628	648	2	0.9183846153846076	0.8953846153846153	46.51817591587702
814	81400	645	1000	0.8991797557955558	643	2	0.9183076923076846	0.8930232558139535	46.582780567804974
815	81500	643	1000	0.8786512446597325	641	2	0.9183076923076846	0.895800933125972	46.63781209786733
816	81600	643	1000	0.8859050012703671	641	2	0.9183076923076846	0.8864696734059098	46.686711168289186
817	81700	641	1000	0.8861785196357823	639	2	0.9183846153846078	0.890795631825273	46.731100567181905
818	81800	635	1000	0.8938424261488188	633	2	0.9183076923076847	0.8944881889763779	46.779867299397786
819	81900	629	1000	0.8891560758286812	627	2	0.9182307692307617	0.9014308426073132	46.834185083707176
820	82000	630	1000	0.8825165448650263	628	2	0.9182307692307617	0.8968253968253969	46.918291632334395
821	82100	633	1000	0.8960991469132799	631	2	0.9183076923076848	0.8973143759873617	46.97903818686803
822	82200	631	1000	0.8735171234912884	629	2	0.9182307692307616	0.8985736925515055	47.051192764441176
823	82300	632	1000	0.8801566951385531	630	2	0.9183076923076847	0.8987341772151899	47.10093451738358
824	82400	629	1000	0.8770260884409202	627	2	0.9183846153846079	0.9062003179650239	47.154430949687956
825	82500	632	1000	0.8745280365052802	630	2	0.9185384615384541	0.9082278481012658	47.20427165031433
826	82600	635	1000	0.8894669335844817	633	2	0.918538461538454	0.9118110236220472	47.25773243109385
827	82700	637	1000	0.8731661529887762	635	2	0.918461538461531	0.9073783359497645	47.313684769471486
828	82800	635	1000	0.8959932613972676	633	2	0.918538461538454	0.905511811023622	47.36387929916382
829	82900	631	1000	0.8976298813442923	629	2	0.9186153846153773	0.9049128367670365	47.40974721511205
830	83000	627	1000	0.8779724096181263	625	2	0.9186153846153773	0.9043062200956937	47.45391306479772
831	83100	627	1000	0.8849324174174638	625	2	0.9187692307692235	0.9074960127591707	47.49929083188375
832	83200	627	1000	0.8850326220170013	625	2	0.9187692307692235	0.9106858054226475	47.546798352400465
833	83300	625	1000	0.8926802761136922	623	2	0.9188461538461467	0.9056	47.60910718441009
834	83400	621	1000	0.8885811791011838	619	2	0.9189230769230696	0.9017713365539453	47.66600943009059
835	83500	620	1000	0.8822071285769936	618	2	0.9189999999999925	0.9	47.72604525089264
836	83600	620	1000	0.8932919869621417	618	2	0.9188461538461464	0.9048387096774193	47.779181969165805
837	83700	619	1000	0.8716285592072779	617	2	0.9189999999999927	0.901453957996769	47.832543567816415
838	83800	620	1000	0.8766771150735402	618	2	0.9189999999999927	0.9048387096774193	47.886211915810904
839	83900	622	1000	0.8760548327866355	620	2	0.9189999999999927	0.905144694533762	47.93725833098094
840	84000	624	1000	0.8746320618088226	622	2	0.9189999999999927	0.8974358974358975	47.98261496623357
841	84100	620	1000	0.889831587071328	618	2	0.9188461538461465	0.9032258064516129	48.028023167451224
842	84200	620	1000	0.8737749638019662	618	2	0.9189230769230697	0.9	48.07382439772288
843	84300	616	1000	0.8974641654260435	614	2	0.91892307692307	0.9025974025974026	48.12432548602422
844	84400	618	1000	0.8990317043034903	616	2	0.9189230769230698	0.8980582524271845	48.17217823266983
845	84500	619	1000	0.8790610811377176	617	2	0.9190769230769159	0.8949919224555735	48.225972700119016
846	84600	623	1000	0.8850301397629421	621	2	0.9191538461538389	0.8892455858747994	48.2786617676417
847	84700	621	1000	0.88570787881422	619	2	0.9191538461538388	0.8904991948470209	48.32854436635971
848	84800	622	1000	0.8950503214687591	620	2	0.9191538461538387	0.887459807073955	48.37944544951121
849	84900	625	1000	0.8893512494284246	623	2	0.9191538461538385	0.8864	48.424046047528584
850	85000	620	1000	0.8831147754596705	618	2	0.9191538461538388	0.8903225806451613	48.47889814774195
851	85100	621	1000	0.8944707142907832	619	2	0.919153846153839	0.8872785829307569	48.5309139808019
852	85200	627	1000	0.8724725644737432	625	2	0.919153846153839	0.8771929824561403	48.57797886530558
853	85300	624	1000	0.8775489510925298	622	2	0.9191538461538391	0.8798076923076923	48.62478419939677
854	85400	630	1000	0.8770305442365295	628	2	0.9191538461538392	0.8761904761904762	48.66969781716664
855	85500	631	1000	0.8746520873358828	629	2	0.9192307692307623	0.884310618066561	48.715186568101245
856	85600	633	1000	0.8902397170550213	631	2	0.9191538461538391	0.8830963665086888	48.763536715507506
857	85700	634	1000	0.87406805648746	632	2	0.9192307692307622	0.8817034700315457	48.810367449124655
858	85800	634	1000	0.8979409799103292	632	2	0.9193076923076853	0.8801261829652997	48.86318009694417
859	85900	634	1000	0.9003144076377387	632	2	0.9193076923076855	0.8738170347003155	48.91797140041987
860	86000	635	1000	0.8793385229521787	633	2	0.9193076923076855	0.8755905511811024	48.98799813191096
861	86100	632	1000	0.8854634319140944	630	2	0.9192307692307625	0.8829113924050633	49.05451778570811
862	86200	628	1000	0.8868188653615882	626	2	0.9191538461538394	0.8869426751592356	49.11018501917521
863	86300	628	1000	0.8954787331692714	626	2	0.9191538461538395	0.8869426751592356	49.16430250008901
864	86400	625	1000	0.8917818596192427	623	2	0.9192307692307625	0.8864	49.216737167040506
865	86500	628	1000	0.8852128222653163	626	2	0.9192307692307624	0.8805732484076433	49.269784299532574
866	86600	627	1000	0.8973479476428703	625	2	0.9193076923076855	0.8787878787878788	49.32956170241038
867	86700	625	1000	0.8745533446702783	623	2	0.9193076923076855	0.888	49.38761786619822
868	86800	623	1000	0.8809147701092702	621	2	0.9191538461538392	0.8892455858747994	49.43704454898834
869	86900	624	1000	0.8786923767218384	622	2	0.919153846153839	0.8926282051282052	49.506979914506275
870	87000	626	1000	0.8764401317798263	624	2	0.9193076923076852	0.889776357827476	49.56394358476003
871	87100	628	1000	0.8912494127240969	626	2	0.9192307692307622	0.8885350318471338	49.621499415238695
872	87200	630	1000	0.8758733953651558	628	2	0.919230769230762	0.8936507936507937	49.66636079947154
873	87300	631	1000	0.8990694644846863	629	2	0.9191538461538391	0.8890649762282092	49.71047364870707
874	87400	631	1000	0.9015591960594517	629	2	0.9191538461538391	0.8890649762282092	49.757164080937706
875	87500	634	1000	0.8814131488648157	632	2	0.9192307692307621	0.8911671924290221	49.80522821744283
876	87600	637	1000	0.8865993395418045	635	2	0.9192307692307621	0.8869701726844584	49.85204631884893
877	87700	639	1000	0.8877715686598997	637	2	0.919307692307685	0.8763693270735524	49.89538878599803
878	87800	638	1000	0.8973862205375701	636	2	0.9193076923076848	0.8761755485893417	49.93999071915945
879	87900	641	1000	0.8913584585896818	639	2	0.9193076923076849	0.8705148205928237	49.98849326769511
880	88000	639	1000	0.8849034059772833	637	2	0.9193846153846079	0.8748043818466353	50.04003513256709
881	88100	637	1000	0.8973479476428703	635	2	0.919384615384608	0.8791208791208791	50.087922565142314
882	88200	637	1000	0.8745533446702783	635	2	0.9194615384615312	0.880690737833595	50.1333052833875
883	88300	635	1000	0.8977978565335352	633	2	0.9194615384615312	0.8803149606299212	50.18006621599197
884	88400	637	1000	0.9083441842294309	635	2	0.9195384615384543	0.8759811616954474	50.22866320212682
885	88500	639	1000	0.9029307870067855	637	2	0.9193846153846083	0.8732394366197183	50.274259984493256
886	88600	643	1000	0.9165660439609615	641	2	0.9193846153846083	0.8724727838258165	50.32351686557134
887	88700	642	1000	0.8999428373803692	640	2	0.9196153846153772	0.8769470404984424	50.37354918320974
888	88800	642	1000	0.9339694174939703	640	2	0.9196923076923003	0.8753894080996885	50.424253451824185
889	88900	637	1000	0.9214647235179754	635	2	0.9196923076923006	0.8838304552590267	50.47065116961797
890	89000	636	1000	0.9008297452090018	634	2	0.9197692307692236	0.8836477987421384	50.518553797403975
891	89100	633	1000	0.9137966189459231	631	2	0.9197692307692236	0.8878357030015798	50.56690986553828
892	89200	630	1000	0.9144082518794214	628	2	0.9197692307692233	0.8904761904761904	50.613488833109535
893	89300	631	1000	0.9205754309382711	629	2	0.9197692307692232	0.8938193343898574	50.66209750175476
894	89400	631	1000	0.922666085812274	629	2	0.9196923076923003	0.8954041204437401	50.71150443553925
895	89500	635	1000	0.9201806153449031	633	2	0.9195384615384539	0.8944881889763779	50.75917679866155
896	89600	637	1000	0.9176234108289089	635	2	0.9194615384615308	0.8948194662480377	50.810222550233206
897	89700	636	1000	0.9088473958933513	634	2	0.9197692307692231	0.889937106918239	50.857214550177254
898	89800	636	1000	0.9029550264989838	634	2	0.9197692307692232	0.889937106918239	50.9069686015447
899	89900	638	1000	0.9083441842294309	636	2	0.9197692307692231	0.890282131661442	50.9581586321195
900	90000	637	1000	0.8799376365360776	635	2	0.9197692307692232	0.8916797488226059	51.021957401434584
901	90100	631	1000	0.8913717460591526	629	2	0.9197692307692236	0.901743264659271	51.068211352825166
902	90200	630	1000	0.8760221463173902	628	2	0.9199230769230697	0.9047619047619048	51.11244957049688
903	90300	633	1000	0.8991439722799095	631	2	0.9199230769230697	0.9036334913112164	51.1546689192454
904	90400	635	1000	0.9091731991816944	633	2	0.9199999999999929	0.8976377952755905	51.20568903684616
905	90500	634	1000	0.9025501347549186	632	2	0.9201538461538392	0.8943217665615142	51.25790090163549
906	90600	637	1000	0.8940495379755101	635	2	0.9200769230769161	0.8885400313971743	51.304961482683815
907	90700	636	1000	0.8891958406559698	634	2	0.9200769230769161	0.8852201257861635	51.35869615077972
908	90800	639	1000	0.9008883972828358	637	2	0.9199999999999929	0.8826291079812206	51.422101616859436
909	90900	634	1000	0.9236851369462066	632	2	0.9199230769230697	0.889589905362776	51.479470030466715
910	91000	633	1000	0.9215413875302382	631	2	0.9198461538461468	0.8878357030015798	51.538978803157804
911	91100	631	1000	0.9192247324205276	629	2	0.9197692307692236	0.8874801901743264	51.60417116880417
912	91200	634	1000	0.9094501744614644	632	2	0.9197692307692232	0.8848580441640379	51.65038886467616
913	91300	636	1000	0.9045280146813464	634	2	0.9197692307692232	0.8883647798742138	51.69386143287023
914	91400	636	1000	0.9088804715450425	634	2	0.9197692307692233	0.8946540880503144	51.73989205360412
915	91500	637	1000	0.9039521831923291	635	2	0.9197692307692231	0.8916797488226059	51.78763918479284
916	91600	639	1000	0.9176574556321603	637	2	0.9197692307692232	0.8841940532081377	51.836579183737435
917	91700	637	1000	0.9007714539694213	635	2	0.9197692307692232	0.8791208791208791	51.88214483658473
918	91800	642	1000	0.9356785670261252	640	2	0.9197692307692232	0.8722741433021807	51.93185258309047
919	91900	639	1000	0.9223375847862882	637	2	0.9196923076923003	0.8763693270735524	51.99198189973831
920	92000	640	1000	0.9025501347549186	638	2	0.9196923076923003	0.8765625	52.054539601008095
921	92100	645	1000	0.9136066553621981	643	2	0.9196923076923003	0.8744186046511628	52.10863531827927
922	92200	650	1000	0.9149850233416033	648	2	0.9196923076923003	0.8753846153846154	52.159246416886646
923	92300	648	1000	0.920284295709428	646	2	0.9196923076923001	0.8780864197530864	52.209776198863985
924	92400	652	1000	0.921792680125745	650	2	0.9196923076923001	0.8711656441717791	52.26945338249207
925	92500	648	1000	0.9194243697626046	646	2	0.9197692307692232	0.8796296296296297	52.323300000031786
926	92600	648	1000	0.9173322756000658	646	2	0.9198461538461464	0.8780864197530864	52.37253931760788
927	92700	646	1000	0.9089743152588704	644	2	0.9198461538461464	0.8839009287925697	52.43099641799927
928	92800	642	1000	0.9047277941553736	640	2	0.9197692307692233	0.8894080996884736	52.48431606690089
929	92900	648	1000	0.910387364979759	646	2	0.9196923076922999	0.8842592592592593	52.552835965156554
930	93000	649	1000	0.9050607771568271	647	2	0.9196923076923	0.8906009244992296	52.62342706521352
931	93100	648	1000	0.9158095470578752	646	2	0.9195384615384538	0.8966049382716049	52.67669813235601
932	93200	650	1000	0.8762235970358969	648	2	0.9196153846153767	0.8953846153846153	52.72403074900309
933	93300	651	1000	0.900995485130784	649	2	0.9195384615384536	0.8986175115207373	52.78127131462097
934	93400	655	1000	0.9030006022969239	653	2	0.9196153846153768	0.8931297709923665	52.834419866402946
935	93500	650	1000	0.8823651250484122	648	2	0.919615384615377	0.8953846153846153	52.88890383243561
936	93600	645	1000	0.8878667706546639	643	2	0.919615384615377	0.9007751937984496	52.93592148224513
937	93700	647	1000	0.889536051169789	645	2	0.9196153846153768	0.9041731066460588	52.98233819802602
938	93800	646	1000	0.9019979714534975	644	2	0.9196153846153768	0.9055727554179567	53.02648100058238
939	93900	644	1000	0.9234518385442358	642	2	0.919615384615377	0.9006211180124224	53.077652382850644
940	94000	641	1000	0.924842312018462	639	2	0.9196923076923003	0.8985959438377535	53.1292680978775
941	94100	641	1000	0.9199168857794012	639	2	0.9196923076923001	0.9001560062402496	53.17987546523412
942	94200	638	1000	0.9110407177213915	636	2	0.9197692307692235	0.8981191222570533	53.24350649913152
943	94300	634	1000	0.906192751913429	632	2	0.9198461538461467	0.8958990536277602	53.30969561735789
944	94400	634	1000	0.910387364979759	632	2	0.9198461538461467	0.9022082018927445	53.36858265002569
945	94500	635	1000	0.9048741992185753	633	2	0.9199230769230697	0.8944881889763779	53.424051765600844
946	94600	637	1000	0.9183987369800478	635	2	0.9199230769230697	0.8901098901098901	53.472302333513895
947	94700	641	1000	0.9005954700005396	639	2	0.9199230769230697	0.8892355694227769	53.52652261654536
948	94800	641	1000	0.9362104953415752	639	2	0.9199230769230697	0.8923556942277691	53.57564944823583
949	94900	642	1000	0.9232022195615787	640	2	0.9199230769230697	0.8925233644859814	53.62442495028178
950	95000	649	1000	0.9021080186078675	647	2	0.9198461538461467	0.8828967642526965	53.6722993016243
951	95100	653	1000	0.9153551852876256	651	2	0.9197692307692233	0.8759571209800919	53.72287324666977
952	95200	659	1000	0.9161727343893107	657	2	0.9196153846153772	0.874051593323217	53.76955879926682
953	95300	660	1000	0.9223842914801383	658	2	0.9195384615384541	0.8681818181818182	53.81726698478063
954	95400	653	1000	0.9243772903050806	651	2	0.9196923076923	0.8805513016845329	53.86482041676839
955	95500	655	1000	0.9222681741272095	653	2	0.919615384615377	0.8778625954198473	53.914790499210355
956	95600	653	1000	0.9202080210082443	651	2	0.9196923076923001	0.8759571209800919	53.966265352567035
957	95700	652	1000	0.9108808318497984	650	2	0.9196923076923	0.8742331288343558	54.01583198308945
958	95800	653	1000	0.9054952586463415	651	2	0.9196923076922999	0.8759571209800919	54.068785683314005
959	95900	653	1000	0.9106119259269306	651	2	0.9196923076923	0.877488514548239	54.12052975098292
960	96000	653	1000	0.9048741992185753	651	2	0.9197692307692231	0.8790199081163859	54.1686095794042
961	96100	651	1000	0.9181324398533626	649	2	0.9198461538461462	0.8817204301075269	54.21352166732152
962	96200	650	1000	0.9005954700005396	648	2	0.9199230769230693	0.8815384615384615	54.25855236450831
963	96300	652	1000	0.9361439210599038	650	2	0.9199999999999924	0.8788343558282209	54.304908382892606
964	96400	648	1000	0.9231356452799073	646	2	0.9199999999999925	0.8827160493827161	54.35538535118103
965	96500	646	1000	0.9021080186078675	644	2	0.9199999999999925	0.8885448916408669	54.40558169682821
966	96600	642	1000	0.9153551852876256	640	2	0.9199999999999926	0.8940809968847352	54.45693023602168
967	96700	646	1000	0.9161727343893107	644	2	0.9200769230769156	0.8947368421052632	54.50618116458257
968	96800	645	1000	0.9223842914801383	643	2	0.9200769230769156	0.9007751937984496	54.55121213197708
969	96900	646	1000	0.9246684255339237	644	2	0.9200769230769155	0.8931888544891641	54.60431068340937
970	97000	643	1000	0.9222681741272095	641	2	0.9199230769230694	0.8973561430793157	54.660779031117755
971	97100	642	1000	0.9202080210082443	640	2	0.9199999999999925	0.9003115264797508	54.712207567691806
972	97200	642	1000	0.9108808318497984	640	2	0.9200769230769156	0.9065420560747663	54.787555714448295
973	97300	640	1000	0.9054952586463415	638	2	0.9199999999999924	0.90625	54.8349552154541
974	97400	639	1000	0.9106785002086021	638	1	0.9199999999999924	0.9045383411580594	54.88507836659749
975	97500	645	1000	0.9048741992185753	644	1	0.9199999999999925	0.8976744186046511	54.93300358057022
976	97600	647	1000	0.9183987369800478	646	1	0.9199999999999925	0.8902627511591963	54.97682501872381
977	97700	646	1000	0.901407976326832	645	1	0.9199999999999924	0.8900928792569659	55.02089508374532
978	97800	649	1000	0.9359193601127322	648	1	0.9200769230769155	0.8859784283513097	55.07207749684652
979	97900	649	1000	0.9229110843327356	648	1	0.9200769230769154	0.8798151001540832	55.11670008103053
980	98000	651	1000	0.9021080186078675	650	1	0.9200769230769154	0.8740399385560675	55.16220228672027
981	98100	656	1000	0.9150640500587827	655	1	0.9201538461538384	0.8658536585365854	55.20778629779816
982	98200	656	1000	0.9161727343893107	655	1	0.9201538461538386	0.8719512195121951	55.25255756775538
983	98300	656	1000	0.9223842914801383	655	1	0.9201538461538387	0.8765243902439024	55.29779183069865
984	98400	655	1000	0.9243772903050806	654	1	0.9200769230769157	0.8824427480916031	55.34301740328471
985	98500	658	1000	0.9216859036695234	657	1	0.9199999999999926	0.8768996960486323	55.38901888132095
986	98600	656	1000	0.9177398053010702	655	1	0.9200769230769156	0.8765243902439024	55.43601808547974
987	98700	654	1000	0.9085016020210542	653	1	0.9201538461538386	0.8761467889908257	55.48064481417338
988	98800	651	1000	0.9056970229726246	650	1	0.9202307692307617	0.8755760368663594	55.52503798405329
989	98900	650	1000	0.9103172352263817	649	1	0.9203076923076848	0.88	55.57021785179774
990	99000	647	1000	0.9049827858461421	646	1	0.9201538461538388	0.8856259659969088	55.613907885551455
991	99100	646	1000	0.9158253293431237	645	1	0.9201538461538386	0.8978328173374613	55.65865995089213
992	99200	646	1000	0.8968482890365003	645	1	0.9201538461538384	0.8962848297213623	55.702763215700784
993	99300	650	1000	0.9347602844742979	649	1	0.9201538461538387	0.8984615384615384	55.74781966606776
994	99400	648	1000	0.9217330590747573	647	1	0.9202307692307616	0.8981481481481481	55.79336655139923
995	99500	658	1000	0.8994526494923589	657	1	0.9202307692307615	0.89209726443769	55.83935298522314
996	99600	662	1000	0.9120667390119123	661	1	0.9202307692307615	0.8882175226586103	55.88484388589859
997	99700	662	1000	0.9146196408706847	661	1	0.9201538461538383	0.8897280966767371	55.93043986558914
998	99800	663	1000	0.9227291384463014	662	1	0.9202307692307613	0.8823529411764706	55.97473718325297
999	99900	663	1000	0.9243772903050806	662	1	0.9202307692307614	0.8823529411764706	56.02084151903788
1000	100000	663	1000	0.921186293161443	662	1	0.9203076923076846	0.8868778280542986	56.06609719991684
