InstanceID	N1	N2	N3	N4	N5	X	Z	Class
477	11799.085123753928	15437.439594995945	14951.930262002525	12909.753289455497	3961.777855285867	27513.629360267718	35492.93990051983	5.2
421	9815.194019363309	17320.83016817208	15491.070773004996	11623.330180648441	6671.950693524346	25932.655447784855	32551.627526405064	0.2
178	16712.948001795095	22315.469494146473	20610.983026602364	17112.336397192626	7374.722240227812	36799.97176960173	47601.12981960201	4.3
576	15130.87815465642	13595.980513153847	11610.113312795795	10130.136058516966	3717.321724042726	26940.24773534623	32937.64733559079	2.8
387	10021.67517359147	17047.856445956786	16728.595277585762	12647.395131730142	3748.666112054234	25784.419846201956	33638.85307756342	2.1
183	13583.87962929383	13256.345166381423	10408.823452002996	9587.853882156509	3233.972030025994	22573.21631130286	29486.292345745354	5.9
606	20084.642151121036	20172.869419409333	19675.059143303235	16888.262293506985	7754.645902020798	39050.72381076455	48371.10928352908	2.5
212	14813.662476284126	18539.4472264681	16338.41180227065	15089.14535010353	7089.405852617081	32360.482615482517	40838.50298581578	3.2
617	15868.246003663251	16359.748662528218	13565.642520596191	12707.864512917658	4727.129013598437	30198.59474268988	37666.589027075475	1.6
433	15644.86947707781	19873.479854711906	17508.967613760542	14217.208013154102	4499.694885946674	33218.75442505428	42259.623596215744	3.3
398	10461.892529046616	10024.596766653205	9277.859672324284	7947.831290513448	2739.887095928564	18531.729754523058	26327.252423369842	1.0
145	15397.8636165416	15038.44933460618	13492.916772681274	12107.778416914076	4091.4705780408844	28880.912698305332	35767.694067571276	0.9
3	17550.71428428655	22409.535377366858	20761.785702258534	16855.201827333418	4885.837538232953	36887.322276497944	47321.43023546055	3.2
316	15530.653797717947	19088.941656744202	18658.959812705463	16540.973411199317	7130.964986738368	34191.22523702222	43737.890251133635	5.2
153	19014.89590887761	19847.030423706634	18014.402427151774	15018.321209035537	5383.2044366860455	34960.77223163981	44791.58835930746	0.6
616	18138.157569466897	22077.58719660291	17098.457401181186	16247.805552246293	5684.4512048056595	36325.50946644296	44542.90198996801	0.6
284	20960.540351257994	24303.493925046485	21141.440205743085	18747.281164550488	6681.623717916632	41239.75987180584	51724.264755373326	3.5
494	15829.430571716939	19331.645516789693	16728.146146223924	15872.430508495672	7168.47254819503	34859.76482143441	43941.2981541081	5.3
84	8608.440048917819	10688.960663942004	7330.018414190984	8388.039008271227	1844.1021975187296	17309.154920935587	24569.003496501762	3.0
567	16678.01031531283	20674.46404603099	19652.590929148773	16754.027457880642	7453.001128393108	35375.3925602512	46164.70322250573	5.1
79	21339.097332152	27599.421440889084	23376.440124568915	20156.0152829878	8493.503296077623	46043.15999108704	56529.07306973938	5.2
412	23385.74950175642	27398.692919585053	23574.55628006382	21477.349596897795	8762.082688638457	46966.319993799865	58458.061043209884	4.5
121	22806.892330846582	28111.381748634296	23902.237813049593	20601.419684498174	8851.563737192719	47411.10625677364	58028.14856556842	3.4
431	12757.170185495035	14575.972520980926	11743.96504882557	9690.940353571918	3564.4957221259688	24018.458163625615	30994.312124694763	4.9
330	13347.213288534851	17924.41377558878	17116.068627147444	14121.621919149859	6823.05177630641	29405.051145811005	37910.053365910135	1.1
14	15490.511203504386	19445.752361567178	19271.610234667514	15026.731386208383	4545.740501253526	32011.21765732207	42003.58320796467	2.2
486	14345.283600191831	17793.54494316678	18231.59645625958	14872.78434477434	5195.623363806245	30834.478022957373	40837.90389416556	4.1
269	20374.234243037976	26136.047850802734	22028.927019588664	19465.843731005807	7966.111672350493	44614.044471908914	54692.69184548656	5.3
0	20223.848959272626	20793.221364086672	20774.080532117514	17950.529675606722	7853.830238835701	40882.24749630678	50421.385410910865	3.4
358	13233.421533891158	18883.09475228622	19043.425232356974	15742.838177568996	7201.904770463133	32153.403824318557	40216.67991509255	2.2
220	7691.454987441283	6978.569809102508	6682.1594559067125	6688.746528532148	1967.6916748635415	14657.899305268056	21158.50431615606	2.0
117	16984.540972313644	22703.1672632396	18081.169952581833	16451.537972541442	4911.776601932391	36579.37065802357	45055.23412735578	1.9
184	23516.865218266885	28181.599990840634	22941.396838327557	21282.1676275052	8361.180048429109	49812.56313605105	59804.51433947343	2.5
586	22907.777930376415	27321.173292069336	22238.02916691971	20862.819835077782	8997.520671633463	48242.68480175213	58527.77045716416	3.4
536	14609.955143187319	14819.86898012666	12255.35905924346	10537.792546919054	3531.333902863803	25569.77328894873	33469.10902445436	5.9
348	18216.316115404858	17374.000719921572	15160.288255369294	14035.093271715443	4487.279061364601	31562.954635099417	40110.73729363086	0.9
103	20682.305024868496	22492.118596400145	20717.2607929311	17262.789130303907	6248.136075510459	40150.14646361374	50435.06206886538	0.6
155	16041.666621427526	18324.32282377785	15129.405873762404	12958.701813916914	6635.013601624964	31020.97326911445	40093.78371012524	5.7
452	17383.795448224268	23288.119220618	19310.761690768446	18291.77007711429	7901.1449254258505	41067.6941190307	49829.2962334081	5.3
589	15514.095254986683	24206.959399068845	20236.46415566587	17256.23493991172	7679.0352145270745	37794.339799421825	45938.79236236695	1.3
276	18237.909641220645	18455.86953803448	19487.391368289187	16132.823830888623	7656.66033070573	36937.88825789256	46166.13712792836	2.3
614	16452.00456382918	17789.595562610328	15066.24310490477	13015.628855742649	6683.536856729947	30617.191236678915	39820.297998971684	4.7
444	16479.4662034647	18537.366340468154	15601.690242564886	13170.0843971395	4496.843038904425	31937.62660667218	40023.84824766812	1.7
560	20294.03359203415	26138.39815783396	20821.557999623	18166.224687234004	8433.346331189532	41858.851869566235	51294.55918035136	0.4
527	9446.84234921232	10033.096548339186	9304.958733517322	8584.603853061282	2866.6455508942163	18656.82155391223	25918.10296757877	1.0
239	16459.32099434859	19879.483853647056	14976.768501276418	13035.828557502937	4404.532281841098	32152.90721437833	41238.838112579324	4.8
274	23397.07031435013	27787.448900208663	24755.807531895076	21099.371902868064	8979.030289570019	49070.182345412744	60000.36504477322	4.4
478	23230.897856659703	27471.49209397626	23880.901681890035	20745.600853146745	8878.746481171538	47856.50039984606	58810.76285506578	4.5
118	14857.015429240048	19775.83267577709	19025.608362827683	15562.530372158792	7418.768472428727	34199.518896441696	43222.8972379472	4.2
425	19967.336977559087	20199.390134003785	17686.53702387967	15369.001194768065	7968.179451166884	36599.43472318945	46265.61605215363	0.6
604	13494.65549112756	16218.315662839797	16696.696708570908	12850.747598409507	4974.241834441681	28905.9614053927	37439.4754924379	3.1
146	17542.89137686937	18220.32452034358	19418.909334743388	15432.650481165756	7565.405671727495	37002.774396217595	45492.904903626346	2.3
60	17814.77687436045	21588.322225446576	17361.12685032399	15426.568053540146	5650.993079197546	35854.41468676469	44703.600019522695	5.6
506	16377.801736782456	22994.890303999706	18601.183022439043	14772.927736077632	7434.843290645559	35743.092581075136	44380.693384373495	0.3
113	15012.344928472527	17698.61852048158	12838.736071808056	12473.293104673137	4023.63507315465	28719.623022005948	36467.80153025431	5.7
42	19976.796233667883	25971.910711503853	20535.819487902623	17870.500195921093	8245.465651937442	41179.29407342322	50422.03775703144	0.4
334	20795.326273209346	23875.512486998785	19180.719773630273	18321.769108915036	7972.671797607091	41219.347255157	51378.58062289125	4.5
298	17799.08146490617	17251.807190999974	14142.590409742555	13836.018214649228	4034.8473177142096	31619.984343873704	39532.45393273145	0.9
253	14576.315161165285	15384.807171880395	12582.386178374729	10769.85465608291	3694.543506947286	26365.352917615895	34663.657118437724	5.7
488	14417.605028215437	19028.35995738991	13692.044124059104	13283.897808095877	7020.474056073939	30954.529399931125	38291.41191650154	0.3
67	14334.373768136562	16074.290036211853	11402.846899575756	10420.068731236026	3535.492578115511	26796.824911153028	33200.08030474324	2.9
241	14727.889125762038	14668.581377225539	11922.945537254167	11124.900961825204	6207.68801077417	27318.214725694117	33656.88028830074	3.8
462	14948.41545722266	16295.57860559943	12698.99022034792	11307.09580596465	6245.251741056212	28800.588733774526	35364.08852947944	3.8
34	15830.387013054335	20602.098616691197	19469.83112933726	16268.790568743025	7251.950981120157	34572.169307314594	45105.87399308293	4.2
165	9877.670147458215	17735.32208034141	15525.381483935083	12227.013506302013	6710.708464947809	26529.468663564425	33490.88951186982	0.2
409	12150.66969706823	16441.293390960764	15924.852171598155	12721.094856432605	4341.565293136931	27444.973180230907	36361.962648135544	4.1
11	19650.300735493336	24777.547449996	19392.956110529598	17337.278403883392	8082.400792846681	39156.12276481905	48271.75454777695	0.5
207	18554.522036273218	19605.122534875933	17771.014635395175	14711.884963159653	4990.752864849338	34377.23882225254	43657.607675366155	2.6
602	16331.343007676207	20472.101067729654	16922.32835443805	14831.87237386544	4527.256069550993	34152.94424295194	41575.71666002694	0.8
363	12578.000546421074	13242.268087765391	9426.870538072435	9172.549767413022	3798.0281328210917	23351.976256545022	28826.283579294784	3.9
367	13660.669174490922	15218.133999459214	11229.7329090466	11079.134017239356	6022.125661588538	26579.263676613802	32930.71385143672	5.8
135	13656.703734796043	14981.618007806328	12191.39011607955	10277.229390239534	3631.891846941705	25558.322751358668	32493.905439441492	5.8
397	19880.47244876128	23857.597978467827	18798.227647504893	17116.987340394786	5757.616954038119	39433.80025249347	48924.040311783865	3.6
271	15683.328390365748	20263.069376328778	19442.0269903178	15493.431173224204	7444.06141869827	33792.2421715362	43485.41927036888	2.2
396	10034.773274368043	11268.230350074415	13882.290125277566	10610.727695468067	6185.889102367531	24130.083424724126	30289.46999627004	3.0
552	18960.35821759738	20663.29996031486	16491.068172908872	15932.431176417622	4488.360356680764	35277.426685234124	44043.07376303396	0.8
518	14616.475385506055	14623.998096553361	11042.503665286617	10307.546223221298	3786.042697315904	25227.177902135216	32770.08204052116	5.8
54	13081.247235503002	12461.345863899216	15897.68114290494	12202.651292119821	6533.9933123598385	26387.715286015606	34925.24819846988	2.1
344	18164.53395968519	19977.667742465885	16754.419695590477	14535.429828806993	5725.369122701681	34987.07031687258	44648.73538822816	4.6
329	11792.791022285603	11150.716661000186	14008.268530224872	11878.148863496624	6147.462529397668	25835.347378695693	33614.13802282268	5.0
134	16639.850230306376	15717.877790713665	14624.201724203713	12846.34704194759	4072.0225098257174	30252.312186032697	38182.18040744582	1.8
48	16522.391276276696	15404.74454138695	14533.71402084061	12169.126474757464	4170.813299793602	29306.65440828232	37118.79631201158	2.8
73	17962.276724542837	24761.1089735019	19840.316804673068	16002.905461529674	7738.70074804239	38670.986807561305	47463.081545518915	0.3
98	18650.840988503405	19428.365250469822	16081.808513008524	14935.870801992973	5807.242731961113	35043.931077861664	43899.803442845725	2.6
229	18256.558886292718	23747.11808402148	20864.810683634583	18188.915705830907	7658.976386294572	39568.23538213349	50245.465866567414	5.3
570	16506.7809210841	17384.982365495824	14658.024553297411	12564.727872219843	5225.182490280933	31351.134923050966	39827.903816888786	5.6
548	14827.538224462432	17601.06027596322	12854.922794847798	12419.444914173326	4029.9719161831645	28280.778094165165	35873.8442263778	4.8
169	13455.86103500307	19707.151398426387	19291.85909395252	16142.3328493847	7447.232837357901	32938.57698273652	41282.10936892895	2.2
133	21206.554055380475	24966.616881754522	21177.93305247239	18839.633418162823	8093.953679072964	42377.238220555155	53337.47730456738	5.5
89	18101.75393403439	17755.916213076558	15470.06168857684	13312.587327627918	7380.354761656636	32070.322886177833	40872.63415964726	0.6
21	20009.114601411588	23939.451092053867	19403.879609279127	18133.909223186467	7636.804918810871	41809.22976181596	50320.02178962139	3.5
100	17463.728979881093	20425.120096313236	15748.186404449876	15184.357704459413	7101.879994345322	34011.66558460777	42294.2789924448	1.6
256	17626.866763440423	16280.274467434623	14334.656240084047	12978.635875936596	4325.946147090191	30667.94678630202	39026.30783355653	0.8
95	16130.28520481196	15590.77436734926	14395.32057408759	12236.390832864829	3950.7543414758165	29059.265669497898	36840.53867163017	1.7
568	14808.437880743519	17143.99590781356	13403.293678468435	11554.344643058961	4497.960188069658	27652.812990833794	35579.38859059298	5.7
189	19398.226376296123	22631.436003427338	18867.680249310415	16004.28477701002	8034.379933981332	37819.73727519909	47189.97974016809	0.5
198	16388.76934473005	21369.439418288097	20110.96830952556	16693.39651382503	7329.296811402216	35281.762833198496	45561.389188233916	2.3
612	18156.162911009997	21984.52025590919	18429.61150869712	15332.573247159313	5272.471887292095	36120.47647396895	45693.13442058662	3.5
556	16702.436709712554	22391.824237825753	18540.791061891035	17415.157331928294	7593.487822591323	38637.52333231243	46606.26628798521	4.4
609	14539.501104083887	19562.719646705802	18847.703076050286	15002.157171770134	6842.854239352409	31936.960571766125	41603.47555346016	2.2
475	13649.241240223571	14900.156287713155	11751.207677665236	10689.197266865964	5263.050426005436	25717.088877451413	32364.01101878867	3.8
467	14131.320338497871	14408.938267797286	12629.713549780548	10325.02331242935	4104.601485149014	26883.38866381976	33214.89199588058	1.8
65	16456.0757220713	23498.079488921903	17133.698111210186	16070.833389018182	7446.686167904636	37753.86022316408	44016.28699870463	0.4
97	14123.077564123669	18349.464939909256	18554.347713169907	13955.778045750725	4482.616854000553	29674.61324102089	39525.77949162501	3.1
378	13281.518019866828	19759.347167142892	15173.509325921368	14425.925163508384	7041.489126570154	33121.23748248502	39507.74789169365	1.3
335	15621.990935713537	15702.049818512693	12019.147603538235	11541.32911388804	4079.4633271555426	28870.54840280691	35426.71908288417	1.8
562	12706.95429275692	13728.118765343948	10830.832208367832	9213.927480514947	3447.620073012774	23682.239943262986	30051.5351302954	3.8
295	12102.74686110265	16045.270657977002	15450.386655906732	14170.479156957863	6783.336833049936	29971.324656361463	38152.78113731067	4.2
326	18254.608447223512	20495.73292464596	19457.457871552502	16657.109372540566	7822.178398674645	37425.04542690972	46038.95297456507	1.5
195	10881.02320211442	11505.009635166243	11646.641483581527	9695.555456904174	6195.451900338684	22707.499921396167	29301.18956743992	0.2
446	15379.4817811654	19295.71314209657	18639.04173496452	15800.749141888971	7006.318488114873	33093.11704861054	43267.939238039355	4.2
251	11361.64369426878	11529.384928324023	15552.190798546468	11272.144175119975	3998.646321667637	24821.12018878171	32511.89988390225	2.2
338	11715.466452652761	16789.914061121006	15053.040381249943	12270.205671522	6340.477403849046	25707.79573392966	33803.916890861445	0.0
285	17910.985101690138	24749.700667296336	19794.89665786122	17763.089542803555	7691.666545903143	38866.277671414624	47098.14567270656	1.5
171	15142.955210658025	24446.21240238542	19214.442811433022	16446.217926659738	7644.347382436996	37473.09465776008	44460.43608287824	0.3
201	8906.763269800094	16806.71364027877	14963.378023341473	11915.9409700232	6496.1988707479295	24553.964355912947	30988.923105051043	0.0
297	19159.213433501405	19313.709779073524	17428.925253676658	14816.23713037659	7242.78074489163	34706.824270016135	43611.7995395648	0.6
61	18870.20197629645	23675.68143013813	20996.082508274605	18889.250972398408	7599.09188371413	41166.5085922588	50986.46372823721	5.3
125	17048.668544151547	20931.01527958492	15708.928185385543	15056.93209194654	4673.496088711365	34431.206816934995	42278.27110705731	2.6
243	17019.070964242695	16478.564124052245	15729.807359784654	13778.757313986544	4468.913600008324	30920.790389081307	39195.93927961854	0.7
245	12425.871274172985	15378.456865346014	14964.756962503217	12033.568260470658	6460.045334939888	25832.69085387781	33524.684999576304	2.0
430	10865.31943411493	12569.63678862441	16059.674353189075	12114.220439781599	6467.519866902345	25802.602429617345	33674.16010841698	4.1
521	16147.657853454617	22354.899731233167	20719.954400269875	17767.03745938024	7493.0237996546375	38165.889344537965	47152.9793622034	3.3
385	13994.553602684342	13716.47098524141	10857.569178537244	9416.764795039162	3239.12741555196	23762.575497206883	30773.15575179757	5.9
283	18253.874472484047	23294.22969454543	20851.30758500183	17823.65652474414	7643.582755952185	39153.26341680246	49110.12375298112	2.3
406	19764.21394829452	26342.98905220881	21169.46862887114	18998.546197809694	7838.863827412924	41828.902975944664	51154.52317801531	1.4
119	20045.846272069564	24565.590145574686	19243.30180815808	17487.425298375136	6020.039015489835	39815.26027949697	48970.639353095976	2.5
597	14982.904865372622	17780.844360176834	12715.65823537901	12586.037911076797	3949.0061662559265	30080.138757696783	36059.33341243804	2.8
196	13358.000772697455	14683.511442287227	11746.358827744503	10124.780578483242	3361.810396074336	24787.23003271567	31496.05932462152	5.8
187	12952.411736735423	18338.930977098706	17227.898489600633	14644.82552669257	6965.51211406246	31689.3046607821	40400.450836485914	5.2
543	18461.34693169854	20251.47852186962	16647.654414146913	14703.450689172232	7812.428391575281	34956.891447723385	43619.95316587457	0.5
539	17248.289537041797	16659.156622486575	15327.83788993429	13334.294167717526	4202.941956078609	31117.80126813947	39527.7857481111	2.7
223	14144.194381829264	17434.903709339687	12010.490041437315	11403.483387677046	3639.2526953452657	27528.54447679906	34300.23191774034	5.8
535	17716.506675392597	21141.855984965274	17125.678546279247	15703.31207571738	5021.029722535168	34875.397501675645	44108.59929501404	4.6
249	14569.131892094085	17570.240223573564	15843.687590587948	14288.305106915135	7035.766572549906	31542.167137204575	40264.911181457384	5.2
191	16548.874316678444	21324.428923436106	16995.434714038707	16127.501105017878	5179.119490901857	35583.17728422999	43733.87198597494	1.7
628	19631.770114280516	22012.021869610275	17916.367468434913	15567.826127944105	8236.66612538045	37534.00326226574	46833.449962564846	0.5
393	9408.330641857427	9823.413088182902	8761.655982461416	7216.435697666309	2100.1288135079553	15597.127868470103	24310.30747449721	6.0
70	12478.75420613065	11616.84846375294	10526.675722885495	12061.675231192514	3757.7102176989147	23674.613102024232	33867.997446518566	2.0
341	25655.372491260827	30720.499932053	27129.07448597862	23366.217452989178	9856.266285247837	52617.23722160983	65422.03475047987	0.5
142	24993.06480611732	30008.805075495828	25843.257889047425	22411.580442112063	9461.750247455388	51660.067214859024	63588.73022461675	0.4
180	24007.895003820282	28646.57252903199	25210.873262675286	21342.775039140823	7020.544334695085	49397.159872687014	60667.01025714119	2.4
498	22485.501693258942	28030.625620363367	24152.16847063509	21371.378108642388	8599.813333439424	47601.69424950653	58247.329897075855	3.2
90	9985.353574281093	17404.221773793703	15739.186736612832	12440.616956067894	6782.030183016086	26222.138895631004	33115.33205717485	0.1
439	10562.27029702581	11682.893064716714	10658.491958925975	10200.293826865765	2523.3213681538773	19123.13574385906	28946.28028328886	6.0
574	24626.901112240572	29858.13674582023	25506.52351642065	22844.045765319548	9373.245573245691	51469.75596855994	63631.39502730876	5.6
257	23253.02487260762	28224.91290213702	23984.47682452089	20952.723378372866	9157.846678712758	47819.27650418737	58742.48662062445	1.7
304	25551.37295499195	30675.269623866887	26858.52091796317	23223.301817778585	9800.15156375925	52582.97438115008	65031.98900169267	0.5
124	22453.316205999785	27244.62636707059	21547.977295065903	19837.528753320363	8606.965777531526	47018.91137161683	56898.05206988057	2.6
547	17816.739020730933	19096.22230708057	16163.256089646977	13677.976381950059	4712.3248524328465	32811.652919771725	42703.6616739437	5.7
356	23603.276413226253	29002.74281592452	24190.5757429744	21938.774073739936	9110.06241800489	48691.87830634763	60268.666185917915	5.5
482	18350.69663018384	24680.897111185655	22587.559334831447	19634.784811041663	8276.316242443367	42307.27286069898	52092.34019008505	4.3
384	18343.529237108964	18388.981019733816	17129.986372626554	14951.76897469208	5880.199825519316	34207.68174432079	42897.828482484576	1.7
419	19801.17332894171	22341.732068591675	18574.923769612025	15977.833063566717	5502.134939691611	36493.64915269366	46203.58331823305	0.6
116	13470.562758393355	18457.10517260899	18341.547032840044	15670.217874286516	7171.016069547346	32260.71253108702	40895.84000850932	3.2
571	17406.81304174752	15748.9683768404	14857.783626005808	13158.226591163266	4358.985433862254	30842.10724038233	38945.023693638366	0.7
603	15395.639185898874	19901.183566779535	17109.67765191406	14848.650698621248	7258.660254456535	34491.66938183593	43816.19702000992	4.3
138	17341.966734683367	15398.573415510697	14143.150166867594	12884.701224131282	4402.370755235798	30179.27287547288	37927.39466911687	0.7
311	14792.234184960236	14601.059084093298	12042.79412698007	11240.114658251838	6468.018099461962	28342.846356221227	33839.25565984622	1.9
140	14086.715310101405	13340.870395806256	10177.812744288141	9000.50730214453	3342.737542323642	23948.625505572043	31222.65171215035	4.8
168	21472.41675047036	26515.066821540662	22757.71552186389	20341.102732510342	8049.105278215016	45622.65482509216	55742.340125528775	5.4
247	17091.178770650666	21760.86787417365	18587.66032831637	15777.22717205989	6102.0933181604305	36448.399535938464	44788.28833312427	1.5
16	8752.991014000483	8283.311576995255	8179.277077527392	6791.940190741814	2406.7175487424174	15654.42074276815	23120.150516846003	3.0
327	21993.669327821965	27496.696959147364	21485.840764222572	20716.803275943006	8517.114372034734	46488.15173951252	55647.25026518686	1.3
630	23285.894886061946	28723.02832717614	23757.308915634796	20828.124034019052	9099.341049422916	48682.15670584875	59738.41750700008	1.6
558	12601.22973680607	13249.982607360022	11405.332857458525	9867.743725244	3005.226206955861	20878.196473679345	30759.941017582292	4.0
40	21628.408684021153	27184.64760519186	22718.837464651584	20932.811988924328	8782.686609164772	47399.16063691639	57674.734948812686	5.2
350	25040.13626443084	30161.929051076117	26015.30716055062	22559.686097022095	9584.466463976445	51676.99554807111	63339.17249051898	1.5
262	19694.728413831257	22314.20294830073	18994.7152674947	16514.896100681053	6166.593936917219	37672.00689965916	48716.60539914665	5.7
76	16910.13211158713	17617.373230212193	14360.493378456938	13404.162947158544	6577.817910243794	31333.46198527002	40384.82909401199	4.8
590	8438.187432499677	11241.844332784842	11654.599860145681	8648.925976968625	6144.058169410332	21245.379861996313	26569.697727183768	0.1
179	16828.432526823944	18876.923394250407	14092.913653258971	13416.623807870397	4281.160661320402	32262.634943383782	39413.19087300406	2.9
301	13087.855553193845	14462.560846023956	11410.271099339845	10233.592374088847	3363.055054488914	24533.249867716047	31580.028452136532	5.9
553	16916.096619184078	20320.613845759453	14892.486960540207	13445.76125736566	4593.60672976869	32833.22991047079	41285.551593689255	3.8
479	12761.886433786092	14141.861384236936	17103.583526499937	13157.647767249477	6977.983587885463	28719.883784376285	36761.73732881192	2.1
429	21248.707776032265	24859.784993188034	20507.57929756344	18564.3139556719	5201.381946523858	39956.89387518756	50205.62869252744	0.7
592	15463.964180061517	13633.44953470742	11501.173040057256	11388.451386931134	3686.64899711439	28095.340925494118	34266.846922017656	1.9
225	13312.905632839178	20526.416254883337	18393.860645766905	15003.638134455066	7171.355512272691	32789.447449726016	40725.65904764612	1.2
457	21024.655230343054	25740.168233757187	19910.209040179085	19610.1981776104	8069.884853397874	45103.63444252354	53941.44446030035	2.3
317	20315.30134383683	26533.313090585758	22628.362100814404	20143.91837937123	8449.881703442492	44726.24421111919	54468.52881798093	2.5
267	15764.209048029756	16766.828974734282	14020.979284073137	11583.620538221963	4387.870618330397	28814.909969069817	37007.879509622195	3.7
328	14571.6141517634	14669.688056705414	11848.632733307071	10639.233855899407	6030.975902854069	26594.990154004387	32687.468504596596	3.9
154	13732.888196143269	15328.989836799814	11661.295673365912	10248.432923437556	4751.2778871786495	26827.202043542664	32794.8293185557	2.9
131	15182.9087068736	19012.089209905767	19065.774358658047	15845.810201633458	7034.079834182283	33466.972658251434	43629.90854527573	4.2
584	20196.473746091753	20975.958399376686	20763.871613428637	17821.973384113884	8049.316334863643	41921.698341734256	51598.96263244185	5.4
27	17207.08240916621	15285.969250986096	14505.74065334084	12848.96949532645	4193.724312577868	29882.85248514128	37515.14901308657	0.9
600	15336.986538658177	15076.00777277586	12975.22491859357	11859.475257781418	4364.377527215819	28387.5384303884	35225.37435150212	1.8
523	21303.813242750097	27326.835120210548	21713.656232924932	19776.559062173303	8220.663546619911	44512.45036373243	53960.51049166848	1.4
529	15161.55733168109	15683.74290766333	13410.53666134159	11701.25669221208	6348.861308638925	28294.345492791308	35663.95355630134	3.8
38	13772.441534997542	16535.830784715767	16427.862318326253	13438.040596365234	4153.803616263493	28712.165854808572	38146.22963333381	4.0
45	13724.181708745393	15639.719085563029	17253.66563558238	14273.56149174427	6667.91829571625	30128.73299586979	39247.3308017456	5.1
557	11520.46529438814	16628.97245427161	15075.55285407776	11315.22962418188	6467.8375865328035	25316.77746251985	33150.16483133249	0.0
349	17560.109050806637	16350.638871652405	13510.548861710882	13687.997656068459	6858.8517342621535	31787.74041138345	39107.295902605656	1.8
346	15038.501443786494	17092.859846162588	13655.21880280734	12329.257929346006	6343.993741240315	29069.661713885067	36789.0097365405	5.7
489	17756.269426237963	21959.498302757023	19849.894751136086	16500.97497626193	4944.115504662552	36920.73211422233	47608.80017910177	4.3
598	11922.903138174537	16818.815316759166	15396.950312533472	12303.349067734	6579.836285526796	26108.348339000753	34181.75629671498	0.0
263	19053.869156424036	20035.79455493349	17567.35845842922	16055.889620497686	7460.777228192128	36075.10950539389	45587.326966806635	3.6
226	14876.228587275506	19361.417732494283	19064.86265951357	15562.599705073771	7103.1739835084545	33069.127550471785	42523.457017520945	2.2
321	13491.879955285698	15998.475412009306	12389.962796330748	11155.117467485215	6120.934922935567	26643.00121665725	33243.268528100365	5.8
629	17288.570169830546	19335.904446614797	16155.97703552993	14990.005408250732	7243.447540032063	33601.28116887937	41985.20645962965	1.6
126	18644.169494408117	22392.813508684252	18680.831029322188	16465.771222387953	6127.136100822929	37048.82248989326	46305.32828185674	1.5
91	16792.05298005978	15509.212774949647	14431.441282887872	12587.898085200768	4081.5123485145896	29711.71633640639	37162.11127775719	0.9
265	16650.526752030546	18185.647980158912	14381.731306763635	13131.888133236074	6846.419653756254	31825.89708438548	40631.80825594468	5.6
544	15491.975653762984	20909.601205486895	18893.800501540143	15648.9674995235	7054.074848141009	33450.59433101627	42725.540870313824	1.3
459	12585.596746860418	16122.90459569058	15627.139732412601	14135.374882011565	6946.708812456701	30146.75471493878	38181.695525560055	4.2
621	20452.757871765185	23670.73401337336	20468.87855024742	18005.017259115783	7836.003347534703	40165.15441409915	50403.31851186736	3.5
266	17312.547572125884	16691.938769132918	15038.68409522894	13637.867763964454	7009.4756270051475	32326.072275131482	39898.21616114185	0.9
217	17335.190876854722	17468.375364939722	14700.186631291126	13567.6055517855	6945.375388418839	32589.091922726053	40395.51488185302	0.7
401	10832.9861701209	16971.305602614946	16188.737812462086	12591.018999346232	3994.4971805245787	26101.224043735954	33593.713579712785	1.2
324	16040.539411926467	24439.502463463697	19147.683356777477	16518.1595882187	7864.225259793419	38124.57103705588	45222.321306257494	0.4
417	18567.217015308048	25981.305725523445	21202.99176280283	19083.336905909156	8011.1105539739	42771.61354644768	50626.39005496868	2.4
308	12564.61374148655	16038.728352146314	10435.251625071112	10857.006954297813	3089.456485539803	25678.663062401753	31052.72988613652	4.9
445	20337.24847779455	22822.475607655822	17912.219450872562	17000.389551817607	5384.821994271766	40238.651090679225	49316.627442609686	3.5
458	18172.800140811425	18858.107895848472	17835.141335475004	15428.623283436575	4851.945589634876	36345.48557160276	44273.31268709931	1.4
376	18507.751240091762	21268.24317736244	17772.397586715422	16073.41046932999	6042.602445670495	37342.519444054255	45795.79360595598	0.6
371	12294.589221142556	19315.792620604923	18725.4775307205	15390.57132800625	6997.751385969979	31615.310773170087	40856.00880063002	4.1
312	16415.37687908763	15235.128237899053	13083.492758833985	12161.799044637715	4404.639816081745	29462.85260524346	36786.21909894801	1.7
545	18387.52332105411	21718.267374507563	16087.489110381048	15138.588509358719	5347.325393951212	35708.955767140105	44200.76947141942	1.6
504	21949.949858178923	27516.58175520789	23314.61306434558	20607.39105689358	8416.196733664787	46277.63642526309	56687.58309818588	3.4
404	11706.79208098869	13980.994830828324	12731.957137897403	11907.945024892973	4000.54355243614	25214.091995993454	32369.298837416147	2.1
246	19378.654171796352	22793.647299222434	18734.250949165857	16659.91328171109	7774.787430901379	38082.71180445231	46963.88160434006	1.5
420	14964.927940558635	15237.68434802446	16447.362758718413	13238.430377922461	6966.439767971961	29899.515585050023	37727.360939562255	1.3
206	15124.86192727912	16173.933697535547	13105.58639850981	11953.031292833319	6297.5982963639935	27805.27713688603	35696.80170928095	4.8
231	10666.154871301384	12844.593776147827	15568.021510982771	11973.179570809847	6380.219542301646	25942.334034016832	33724.18703869242	5.0
546	19478.320629303384	25549.329966107973	19674.64440214171	17728.156589200098	8060.853697008057	40853.97961029595	49476.46224070365	0.4
490	21448.79314797853	25868.970584739836	21598.096303296585	20210.549581986405	8101.539498206134	45166.37430737869	54886.12488280771	5.4
25	19796.452078998213	25713.927580292588	21676.935496302955	19513.68895857585	7920.890139829586	42076.04742228139	51060.76616255478	2.5
320	9121.015588542301	13810.35482905765	13292.922177326423	10387.021535273912	6132.077725786379	22524.447824997063	29056.301179629867	0.1
62	15150.713958908662	17530.41419992266	14234.695504756199	12660.625001951892	4899.076772309406	30022.158724609017	37635.87455590644	3.7
77	18397.41544932109	22044.75358743812	18601.730197331734	16047.044251276388	7349.9342429997605	37122.32388582869	45825.8899083982	2.6
455	14390.594830328206	20044.087523566748	17009.557089742397	13906.966135774095	7212.143344618982	30767.648697680313	39653.221350375374	0.3
626	12627.163075428858	17869.847944131066	15879.331531578782	12630.666208676581	6694.960108278309	27143.492690850115	35541.023391939125	0.2
216	14075.038320106542	14211.500851914932	11266.38786046207	9354.539261155474	3342.162385645792	23950.70003598399	30907.526812208067	5.8
438	11727.62963970122	16613.661724993643	15518.83689718381	13288.124921166685	6506.056655754154	28004.697245867566	35465.24953058936	2.1
581	14826.074151910481	13416.062944752368	10835.498467639562	10149.693184393776	3723.2244925529058	26298.99839558572	31796.20822356453	1.9
47	10962.595458630562	15382.678598947972	14364.472214919864	10250.384501228698	3815.90279632734	22850.571648648445	30591.49229091346	0.0
83	17957.724152909836	19652.428303749664	17011.568672233672	15284.101934012651	6149.943386476184	34683.23981376156	43395.853077457046	1.6
580	17201.710848980143	15581.86555721923	13898.328378754517	13131.538725121849	5264.131311785135	30313.971013642207	37460.01869331963	0.9
78	14785.774159573222	18178.94602139293	17021.93781143085	15063.02757585302	7047.085568908517	32385.216902495264	41965.26129520636	5.2
391	17240.86942931927	18037.91123430433	17651.821765464945	15340.366950207983	7393.016844750657	37065.9347184242	44945.56554342623	5.3
585	13336.204646925775	20552.207376853294	19747.471588987453	16252.492591274111	7428.563659564538	33480.259890320274	42169.71421789389	2.2
468	21577.16007714041	26573.085777648288	21568.598874449704	19922.794458633332	8192.323815083917	43721.88520606724	54581.687481556975	5.5
525	12190.23459313796	17384.591052032323	15627.273750954166	12228.697543189079	6578.509070413638	27204.66064150607	35499.547828613395	0.2
333	14491.092170800972	15425.285473390431	12669.884238598283	10976.873182820267	3756.3587421084717	26036.42332868235	34167.472678312006	4.7
147	10063.705316375537	16471.517544186798	15199.314753166766	12028.60250001279	6489.592443976147	25728.92050514171	32832.487152313144	2.0
382	17574.253025326336	21894.400175271745	20063.360483411037	17210.98297399012	7688.589510446531	37999.3557325841	46937.49191134767	2.3
306	20693.67156307919	25872.833121810057	22092.695723876655	19230.169408729307	7944.359324928073	44465.942024375	53889.71213722964	5.4
555	16864.68746111933	21004.286832402704	15780.141545725184	14646.212735921506	4984.345850133777	33255.83821666975	41104.82693440771	0.6
192	16233.535474097831	24573.631962171803	18968.20260649168	16377.02073159262	7770.6314339863675	38063.15573485998	45170.217964576455	0.4
594	13861.123716668299	13640.509071793638	10517.526511444003	8994.422185933421	3034.953272379791	23155.354143845616	30506.152556000434	4.9
71	12427.223472562993	13553.001447587081	10008.863422102326	9031.993548082133	4377.527400390384	23331.64439394721	29379.42258295057	5.9
209	14037.958006717145	16650.0196382303	15595.125869736712	14240.372319430317	6833.15113903744	30981.038009589247	40283.69630383094	4.2
286	9290.945086825403	8781.02718731082	9577.433901814395	7798.4351182850805	1733.560439908682	16872.47829263172	24550.099669286737	3.0
92	23407.166714309602	26786.248209863854	23932.84933091574	21436.89530845915	8904.004744482952	48397.697400835554	59210.57493480857	3.6
63	11146.508853447222	12335.338633278228	11300.2134583437	10136.308866372909	2699.8033410164276	20237.61739174531	30396.491262041065	5.0
101	24931.548795240862	29754.550629601636	25146.33275258583	22459.748695451635	9499.891223258383	51780.294261614	63293.2574987811	3.6
157	22728.684940169333	29464.30188947544	25558.87545018425	22521.253744437585	9312.610852021473	50029.5334584516	61582.92173360898	4.3
279	21073.97754005781	28355.922012652034	24416.76607209932	21402.514923317198	8704.224924387714	47768.501305172496	58343.78843406392	4.2
579	22302.803993592337	26792.68725973987	21603.038766618127	20642.372372991944	8661.99371719106	46977.653218629486	57800.06690078903	4.3
473	15726.488902829533	21604.384378190905	19508.796994302775	16379.115200047452	7621.93943001983	36475.41123590954	44952.86696087228	2.2
182	13321.167907463418	14568.078599640005	16740.372651779868	13520.044864915533	6580.6165952884085	28846.022059708444	37868.688567031604	5.0
240	13711.358474928122	20174.587819643253	19586.25655664246	16059.012908461742	7166.570237339127	32944.26157986293	42808.28954006401	4.1
565	21259.08395752779	26394.474006227425	20306.44369422899	19779.647236210465	7876.121880965088	42543.77202569382	52768.36305920208	3.6
128	19249.5073991717	20911.620429662693	16740.5635595402	15200.053928578922	5055.019927746346	35595.42291541569	44557.840228295994	2.6
534	17640.069930437436	17693.686777926632	16053.39925349067	13518.047780606412	4599.459564098011	32067.00930379603	40621.06379733835	2.7
233	22437.16871311272	28226.870292584426	23727.651462577112	21120.977111988897	8579.203526359353	46656.320019433166	57193.34196708291	2.4
450	13080.454522570937	17529.057683866373	16613.57979715247	13554.320234560375	6510.801838115443	27897.958508681695	36428.89888465031	1.1
441	11705.987447184514	16985.361075281307	15508.303168807566	13675.50824356912	6700.957106141624	29366.862103027655	36391.42804425597	3.0
32	16924.544028401204	20610.244181963866	19730.310136742326	16406.260545621502	4688.6054197111935	36433.9160163094	46391.20359332657	4.3
537	19701.617944075773	23643.19199545544	18676.678324789078	17918.24227243355	4946.997034035637	38388.467310261636	47424.20798803097	2.6
160	15890.498971901407	18019.941827269817	14999.557202009	13626.875322273117	6991.60537208476	31718.788001489564	39770.75614887915	5.6
200	13361.435927010825	20498.219587126343	18554.76269428746	15332.632789899124	7122.883423296595	32072.719389012917	40457.221068879866	1.3
395	17748.952753799254	17235.340396146075	14448.421696347386	12985.003972934734	7229.800971556641	31195.864454230683	39478.0749367941	0.6
163	16569.735716542946	14300.884009018366	12410.821291017004	11645.656365562214	4026.6129954687776	28343.578866257878	35229.34294500041	1.8
305	18902.94400742774	24685.33932218537	18744.77186547012	16586.004795264176	7884.509031365131	38761.59956992524	47338.43606255122	0.4
541	14946.494796683683	14488.656348977333	13061.407554855046	12233.943157784839	3761.5623603705794	28262.367307949757	34476.8663343316	0.9
13	19934.032028390477	20885.92026795749	19436.576667072466	17222.733025053418	7967.490818551936	40546.231188623766	50204.71438723763	4.5
299	18747.002033283763	19282.946518560355	17254.275586166288	14711.170183919672	8189.475161813641	35890.315876615554	44566.364914075515	0.5
162	18881.389860800387	21863.774957159592	18814.598740976315	16205.111686646342	5202.156326494808	37271.35822174971	46430.67051837657	1.5
106	14867.246643017435	15252.82963385639	12097.310605069279	10537.366945028865	3773.2428998206574	26893.638428993265	34361.83346788635	3.7
51	19747.85820733354	23474.574527548128	18832.075755122292	17565.45747062583	8141.777552018528	41221.591569577904	50552.3107938891	5.5
161	19195.623197720008	20911.089300469805	17840.370371595418	16157.053715640384	7458.995230113126	37184.77116204881	46635.51352974069	3.6
244	20330.88159646924	26969.526920463777	22154.406425395337	19568.39138930212	8248.80500165733	43886.15499720038	53409.611908312414	3.5
415	17530.82995403356	18691.350257529106	15684.172250288237	13108.725530098329	4907.2460779020175	31815.668516182373	40150.36872395683	0.5
502	16029.014756100638	17216.194648680008	14084.966964358855	12955.182100794134	6515.34446643873	30409.450598609154	38236.60572982337	0.6
493	14712.065242082097	14798.3372820036	13374.772492864535	11584.268350258637	3984.581397727964	27678.751667498418	34429.48466954424	1.8
277	15392.746735090597	15878.715139081653	13136.729870822022	11486.750061665734	3882.586390589175	27316.263330188216	35559.08292865729	4.7
447	9846.730466451778	16903.319207360364	15081.537431022007	11668.033539514143	6367.954591036132	25132.309798448507	32223.719391077535	0.1
222	13504.587135546433	14580.518820842515	11315.12423981327	9602.018953656134	3458.2543068940176	24218.444988470575	31291.830200851382	4.8
52	18769.434181426714	20580.826401138613	17439.040046036618	15381.971905447726	5238.40265368439	35706.44696741266	44526.745930845274	1.6
464	18142.040358116617	20413.31452785169	17481.663542435886	15899.344907106874	6974.1179890775065	35054.66008726368	43476.113160158966	0.8
588	13125.846677668971	15040.048259736988	15285.946441277363	12946.635112228794	3971.0947255872175	27624.935840135735	36430.16271176979	4.0
599	16169.081106437243	19803.960021751387	19050.045716158027	15650.820082537855	7615.690965849723	36318.811504900455	43577.600940282304	1.4
623	18460.337453739852	21754.34058024572	17140.090173522374	15534.93315186127	5097.183816441273	34879.79463852412	44733.42038535408	4.6
59	14541.540816296692	17032.369555640707	15612.72207750576	14512.318518044187	6879.814754178408	31272.667579644836	40252.46859790332	4.2
620	15455.198434394133	19280.339656362237	19037.452559245983	15927.260721904086	7009.88561067412	33143.0498866344	43388.91257504225	4.2
476	11237.873291459147	16657.84131935489	15249.044791684772	12127.738638563607	6547.151310825841	25756.7278887899	33665.9698351173	0.1
122	13642.512585001228	17191.87568029219	17806.803137399624	14035.375729406647	4425.621766017322	29068.72751738992	38270.07102586374	3.1
474	11350.497877345837	14343.249332374911	12789.343686433944	11605.453676860883	3956.5799296802916	24944.302906262445	32260.971435680218	2.1
440	18344.711530588156	23417.308691422688	19496.77327231366	18539.74192699308	7535.055352709663	41947.645581306875	50451.784840702705	5.3
466	7908.137093538365	7377.9416339817635	6465.614336907125	6734.6821670094005	2818.918528598334	14805.399496130914	21128.280148785267	3.0
211	21897.591468178773	24215.272272674465	21597.25465033439	19544.132860117184	8791.190004539161	45261.77474416077	54625.04795097408	1.4
46	14874.845196773369	15415.48634789423	12525.414523264326	10955.877033891476	3641.8954510420376	26111.889140584375	34231.12911126379	4.9
510	15524.333186353666	20391.97389271759	19383.744105552625	15083.613858556702	7089.061787189399	33455.50355546349	43353.12376108198	2.1
6	11983.250126169014	16311.909726845579	15060.973238296401	11329.07593638083	4000.002327245594	24639.64119114007	33116.51683849444	0.1
381	22300.26903199179	24727.470929188537	23231.572586470462	20619.99623854975	9012.532257413615	47129.73190085182	57999.1002378864	4.5
23	18939.92381306704	23392.24498012051	17934.472568482815	17385.588443587843	7341.352294421863	38514.026394030014	47578.0476660723	3.7
472	16618.16359116448	18092.556078200265	14542.293050121765	13563.203995210975	6645.425842147263	31657.913409180946	40185.77447626816	5.7
141	21512.73545133328	27168.259089501546	23412.02240882157	20061.28161699298	5589.8729351269385	45236.826922311615	56007.61757059613	5.3
618	14723.85952453862	15410.014220597723	13050.580709893038	11006.585484659496	3810.4080149587735	26802.986846711294	34090.69132244083	2.9
615	19143.191119681345	24109.649784009773	19335.25315095742	17474.527344469785	5485.958490657503	38888.58675810377	48105.862340223866	1.6
362	15789.610305820062	21270.195841816472	20509.4026022474	17357.733396215157	7591.670707744782	36818.196090528036	46030.731432406705	3.3
374	13639.951145754845	17255.158788197234	16023.281198356304	14481.88342027142	6890.915616754018	30917.566457188725	40175.88356222377	4.1
508	12425.36243878021	14143.695670506437	11298.347332990035	9684.948208737851	3246.3690297712724	23514.486544821044	30068.585354957802	4.9
186	17686.483061351075	19699.290192729066	16830.55455866251	14755.998122699917	6625.604199131897	34727.92578609084	44163.517936478456	4.6
369	21393.407896985602	26493.389771561502	21069.959088824613	19598.308459696793	8051.880865638653	43233.21809702662	54166.8015505556	4.5
41	10617.678266998422	9154.723914855895	9480.176725676969	9287.963358180634	2692.683262196434	19475.98976884473	26808.11987428324	1.0
416	14817.772654484477	15862.355745143648	13665.594048800918	11647.210304725002	3716.648880345138	27025.59732148718	34632.10431725331	3.9
442	14564.405030546626	17703.881123332587	12653.324824261097	12043.484408669885	3693.645238702116	27928.734097426266	35016.9313422429	5.9
281	16645.852170610295	15417.715493284091	14160.941954253882	12262.59722020369	4684.587085364314	29490.100100067644	37240.13005716867	2.9
292	22810.51758711278	27291.545846339082	23322.987702849903	20704.974592329378	7247.821924915521	46287.27871646665	57315.469025193815	0.6
422	19647.211839192165	19790.490180348253	18050.32464012058	16242.85790170259	7835.559562775154	36863.7388379801	46105.63722402031	0.7
400	21426.89390626129	26133.45905265657	22369.92410972406	20254.041808307065	8839.181831439502	46114.226750914866	56142.259135393186	4.5
300	20465.295620271787	27920.154679798423	23566.947949963425	20214.23422019657	8553.773200451862	46417.69394387684	56398.36107418415	4.4
314	12937.80176309754	17996.842360738807	18092.952704580952	14957.053594631536	6959.50051202591	31291.784638170313	40166.333323853425	5.1
342	20648.1019404789	26169.745720245177	21950.52319506111	18948.118559847855	5562.03259333526	41881.918563625826	51681.15597457223	1.4
343	15568.808454257774	18491.311527386748	14813.683584713708	12789.41101686284	6412.103558667138	29857.774952642	37982.21432793349	3.8
427	14031.879793461487	18173.7554173519	17677.18440115979	13909.394833364242	6883.57687028105	30932.157167645117	39991.85004136573	3.0
75	20241.864580747362	24560.12115800265	20012.212477392033	19073.437122967265	7742.277822703115	42510.16982493138	51963.93463761803	5.5
366	18316.675065930627	21665.91345242796	17359.54459045912	15641.626275592085	6839.770393729701	36420.60432678179	44930.97408788309	1.7
37	11718.78817226489	18348.23765488334	16254.057596123237	12193.067874220165	4412.0028629820545	28032.047485807485	35557.88407060989	0.3
208	13943.934700503043	14931.851291373816	10376.512802197056	10133.419103689273	3257.7455736241436	24678.939784696035	31101.10214917137	4.9
357	12317.94299307041	11594.409399051074	9137.044341858087	8793.891228664752	2993.6319865960713	22207.030896314147	27479.86151367036	3.9
434	13340.117625982844	17849.914548240267	18257.917797203103	14557.13429682193	4236.447389306617	30705.57809158825	40076.55385113249	5.2
389	18422.45712389378	21146.646776986352	18906.65913248481	16124.444312759819	6942.6033997660525	37689.26252538681	46590.65423747338	2.6
282	14439.88466229984	17706.927179775757	17697.28845351423	15632.166462661355	6882.227476313445	32111.6572581852	41315.96774627501	5.1
595	17603.834964253416	20946.513562744167	15490.189313537749	15479.35905263657	5738.871138954494	35218.950644444114	43286.97181632121	1.7
522	15600.590329965236	21588.349506635368	19293.033172731477	15296.128871953122	7126.0173091279	33844.98903628304	43038.72191179239	1.3
250	16550.04089430244	18895.188432081355	15760.06720685895	14489.063734250092	5146.289727427981	33813.59823614768	41451.59226696071	0.7
309	16864.459139559032	17546.741479826473	14371.571238341527	12811.410186159104	5252.750371888508	30626.265495612766	39830.149596358846	5.6
485	16235.987672115225	16699.60441884072	13191.74116864992	11990.387672036357	3939.2147690142187	29157.628924231583	36585.7917373676	2.8
149	14702.291681821103	20389.53040659405	17239.448861201585	14059.030736649178	7269.595459346753	31301.070941236812	40171.127872210076	0.3
481	16535.88910893482	20540.144441298966	18378.22835168402	15929.171549438423	7250.209210047935	35208.52894083439	44514.568832094374	2.3
611	14945.453855152458	13469.866066060737	11049.436270857139	9310.3763641602	3307.868001595084	24398.948622100754	31296.868047947704	3.8
372	8875.57147974086	10161.663862510095	9983.13304999037	6791.553965072393	2148.618058993759	16066.942724570628	23192.54219861589	6.0
188	19621.553096735846	26533.675503179118	23178.97017812078	20464.404488048505	8273.068194723972	45094.91132869493	53636.13170373619	2.1
495	15679.866366163755	15588.9952995072	13590.562281696	12248.006492980441	4000.2007253390993	29033.46993378415	36679.595357491	3.9
453	24024.39954587206	27052.350323149727	24451.67830436699	22043.296527495746	9401.281027625415	50188.194764451844	60836.284251042845	2.5
307	12924.677507493414	18077.626448932824	18104.22840272763	14870.648033505908	6763.599671596923	30913.347062503923	39412.03552673769	3.0
170	20202.43163678778	26204.12838375806	22571.778093513993	19658.844088260408	8140.835983131559	43324.23664543389	53840.20239472773	2.2
505	21654.950994111292	26025.997714097004	21114.53805666235	20411.47519342035	8256.216624007966	43794.912512042865	53536.91167555333	0.6
370	13379.768753157512	18881.6282514262	18684.507455966574	15428.451382918154	6998.76426075724	32628.37498115858	41745.28034567181	4.2
542	14919.780971838745	16655.09552908388	13230.189847230748	12114.506906544795	6324.608203440246	28369.97920708368	35776.73323059753	4.8
497	16594.23874262922	16041.815881938392	15587.449378605736	13381.425863954513	4558.317242101098	30673.687343931062	38388.26645383255	0.8
563	9637.243908552493	11963.209834253239	10314.620572274214	9587.611411892813	2792.486349259528	18772.05386832734	27097.38755175624	4.0
68	18456.10826713197	17208.543334280283	15498.607834581033	14008.912227945275	4323.290005716906	32198.04001561325	40930.13239452066	2.9
43	20605.698944043972	24919.0020910659	18521.50941533238	18680.157762778257	7735.342157952419	40528.16464932153	50558.75237940318	3.8
20	21920.4788217013	26646.108777310325	21024.90728860434	20103.041702233273	8642.978532000292	46021.44755707656	55211.564268871414	1.4
515	22793.13860155405	28895.943473386593	24718.57374572997	20997.379063660654	8785.138627800141	48071.232747141796	58786.09491541599	3.3
633	20680.336406668783	25426.085209202185	23175.60378061218	19814.10139817894	5881.271427184792	44809.021733933194	55049.42741094134	4.4
619	15537.368076693494	13538.659056926024	11490.68563879711	10138.522203751556	3755.356625786753	26573.080157485034	33153.979046360866	2.9
575	12492.765166834284	17768.230078342458	15825.993293669366	12506.955190049086	6633.61317934857	26893.76093674571	35517.742933159134	0.1
273	10063.021709691438	9619.648698487921	9510.472461956759	8608.920256316924	2402.916212236452	18600.64674833438	25929.705642617504	1.0
351	24603.67782570554	29727.34120690635	25128.290210138224	22828.9984994487	9366.35810208855	50973.8576654063	62944.13216908443	4.4
500	21974.63207165059	28467.526122870204	23663.43385979006	21205.44334160505	8855.045099581435	48453.72760256971	58361.79102058827	3.4
280	21279.70217251152	25410.19162032615	19765.18709198858	18681.835656909116	6810.39134744063	43130.309245828415	53625.89914316713	4.6
583	13943.375103657214	18628.932981895432	17470.709335855645	14632.473241487904	6864.085649662023	29926.288729501775	38729.60565827913	1.1
49	15892.91170059816	21110.82577659386	19997.64054590938	16448.168425282995	7132.131942371828	34905.336933658706	45717.15978298179	4.2
394	11633.311135680522	17185.7231681024	15920.384068716328	14165.816311520693	6728.592523844671	30116.120796231146	38400.29249796115	4.1
136	19837.92968713377	27427.524146160926	23258.8307631767	20694.342283831884	8397.371026428798	46128.73963410739	55336.83781133768	3.3
109	18939.826604371305	25453.57585203208	20115.637559495706	17486.722267034616	7748.707835624294	40757.52675525044	49377.3808668639	0.3
219	12801.977272496115	17082.142220519945	16239.70257077034	13343.907275936408	6656.7183254562315	27753.508465720057	36098.20275305019	1.1
173	15996.481870993555	22997.827618124662	17125.63598470286	16082.533287166756	4911.53432077633	37289.93477086854	43709.814750824095	1.4
69	21861.157771173697	28051.719023422713	23036.24277739965	20685.586373578295	8166.9325349177425	45800.842741657485	56753.26850069718	4.4
288	17216.901911062792	21276.390886764024	16614.208260857624	16617.850923747417	7151.622597084447	36610.39342669036	43418.02894452064	0.8
564	19585.7529897347	24471.253326792747	18916.363376458292	18055.4970121081	7459.623900003139	41406.93882479749	50492.165619289975	5.5
405	14292.276584752373	19249.66548809021	19058.646699848112	13863.414187014923	4485.694942281695	30853.137056913358	40763.621588067566	3.2
80	12709.822027783042	12798.47419856415	16030.865447228543	11538.467516961919	6459.142735736509	27607.040502384603	36002.66191279479	5.2
461	20280.983796797744	25653.49774698222	20790.57514443385	18321.600127443653	5270.021101286431	41000.73516942362	50168.42758138074	1.4
144	9649.2966019915	12734.84380638423	10696.183363125014	8931.698347147503	3195.4701795947017	20772.309617622366	26821.508896071686	0.0
205	20690.45314166378	26604.890172735235	22762.117753733048	20874.382114824737	8470.730760965027	46103.9725155958	55825.82456553109	5.4
313	19241.53047288895	19907.779523028996	18801.341506001496	17413.277532804696	7466.205220916133	40423.001188842725	49087.04511942416	5.3
166	14803.891220459558	17027.581399968934	13074.410033620667	12057.708953886215	3889.308160055557	27194.04573036495	34906.4344228348	5.8
8	9790.748445608344	14687.115747187194	13468.503400268359	11107.27268848954	3591.789257976374	23945.67490693976	30322.113387064073	2.0
255	14373.581550266894	16759.234228647976	15614.580525692205	13850.719302841027	6947.135247509473	30329.894058942962	39240.38838192637	4.1
258	22359.021100796323	25925.566707915295	20572.758442061575	20554.139708627616	8479.728701355682	45116.28395676412	55280.281593945394	4.5
151	17361.264151943684	15086.156800320015	14524.409009403964	12838.768060130255	4282.546544024392	30427.423478813027	38355.0810850029	0.8
199	18138.31401514883	16838.911034673132	15706.554291264556	13376.985959924848	4440.301665793334	31099.31331387871	39908.8856274229	0.8
587	14158.780204688042	17574.409522688107	16153.518947523742	15417.182544187805	6749.742264232595	33139.00596364556	41299.07817174127	5.2
53	17835.475259582694	20156.860789241266	17512.652201405745	15376.759243823582	5164.554370071391	34904.87508861233	44498.193549795535	4.6
252	14555.987455976021	15712.27426453422	11906.377936788711	10432.084899732663	3997.673532924847	26327.790531766263	34108.79449332672	5.8
99	10056.523572726766	12503.936900530227	11682.150127646486	7464.132511186252	3200.4102737195913	19058.512899244044	27192.13445624079	5.0
410	24589.891811621947	29155.044284202006	25443.705860868573	22009.19273543534	9202.969489247298	50868.4774082375	62814.830253039385	5.5
465	21807.88340588088	24742.30326606586	20500.890667796877	18703.0468377679	7750.5574550997735	42156.50370101363	52541.00584401363	0.7
437	22738.0869027161	28297.724604341925	24190.283461613715	20384.37457821702	6859.206385043449	47765.051688549094	58543.691726617064	2.5
293	10629.208289235852	11901.816603437592	11784.1197381329	8974.613494420211	2638.30924785312	18879.060704272444	27448.396570252804	6.0
105	23835.602904270578	29428.439760670877	25304.91414534878	22348.297288677615	9065.999208664196	50186.00276234558	61119.96081290317	2.3
50	20202.34462667434	21578.499958463704	21550.6971700092	17174.51583779331	8017.987464477186	42233.19882139828	51607.600747788274	5.2
572	15390.912948290144	19274.334381847366	18204.67851087385	15441.304589700678	7088.757512335059	32761.66394278172	43065.95825148236	5.0
591	22550.73430103098	27729.338241665388	24144.236071655174	20586.000290868407	5989.354650590459	46356.69081293286	57000.64271471556	2.3
193	12786.6583048432	18518.761089673226	18325.823318410017	15329.814652988862	6855.688139785195	31578.369271163934	40292.595270862104	5.1
435	16704.379343590354	18052.20377451666	14747.922595945294	13194.947996159586	6847.635165243618	31355.859533938605	40427.76229204095	5.7
260	20294.517816641626	23714.69674173562	19075.176058134846	17238.3436404658	7859.767379335393	40191.413421819525	49543.48879707208	2.6
318	14472.550664541239	14376.357442687038	11298.2312951341	9891.493568685322	3438.835515830015	25387.7746354136	32693.97383171308	5.8
454	18725.960087440788	25055.71064271442	20933.645991636517	17737.975035714448	7961.834847026036	40052.24365721357	49194.06157950109	1.3
624	14215.067251160754	14487.272380801474	11257.310678224529	10319.802317192252	3835.1311038191493	25800.906388287087	31962.091610563966	2.9
87	16894.356783597086	20022.016939507983	14468.853460496928	13818.475558112363	6658.296825814963	34022.881393975	42064.13919353424	4.7
601	17648.148006908694	16753.84443939252	13495.772146937768	12965.972691265959	6932.507438168228	32114.59955981204	39549.249095585415	2.8
291	13543.38986333814	13605.791744159895	10452.518259566566	9366.139678983038	3395.565386237096	23970.770021501332	30249.86770317108	5.9
111	14669.84206791353	18003.41164319908	17404.930327874546	14852.108417444588	7010.149164483312	31881.253943487867	41349.9960234552	5.0
302	22878.214580647727	28317.720460849996	23200.858485477427	20454.91037465654	8600.639251534663	46734.9023337715	57321.11648701485	2.5
19	16926.227670438722	22833.57407753524	17543.615288940586	16499.873114574886	7254.342160547994	37254.398281748516	44487.26161399811	1.8
287	14346.644391114865	18504.672859279377	18523.146291555087	15333.232200253799	6788.680228424575	32029.092325812744	41834.98594400614	4.1
4	13617.635142713407	18365.88154511281	18316.75450848717	14257.813996688756	4172.899817820274	30000.794597855656	39967.889454673066	4.1
66	18045.94553610955	17257.534639343077	15241.354205767513	13674.243556453182	7044.860282187214	32985.04926062545	40905.65960914082	1.7
471	9853.205742695563	16713.32718196232	15687.059604440701	11832.168591543965	4517.607182265311	24548.663228967445	31887.26730236467	1.1
289	13521.115874908723	17515.095461971807	11655.377062433952	11936.478387311048	5952.768231573058	28640.6490586371	34404.039682910065	4.9
213	13063.359852893109	16828.11165688855	15170.668469610053	13349.584514636228	6647.575077336478	29870.653761825903	38252.24249719274	5.0
528	16365.085550586457	15996.017572941091	13355.172323053966	12722.580588036992	6883.257322536315	31287.05696134789	37777.98803889146	1.8
380	22237.405315797496	26587.933924857378	20608.52900037577	20136.067067813157	8590.41999344995	46286.76409669714	56380.736104520685	5.5
428	15764.788342165239	19239.16749319559	17636.572273087982	15448.634325219662	7260.808301740469	33640.798035682055	43574.87837326638	4.2
158	18071.021191909684	18583.845025017497	16239.438819251058	14058.949176159374	5138.777664584298	32761.555416951178	41466.65307277629	0.6
39	15184.211700674292	17722.965208192192	13522.012854677663	12454.642047087522	5109.020033309586	29244.939944557576	37557.127911270974	5.7
36	18376.665489909803	17479.863309259137	16175.475731804161	14767.827748444703	7355.51114690925	33915.521159522155	42298.15066809959	0.8
156	12102.440857865882	19070.627395993488	17744.026546823872	14468.398680483682	6761.3255418800445	29589.54974540538	37745.58329045832	1.2
24	19647.06270108313	23353.47928369086	19342.858569686487	17212.304192350584	6164.63810653046	38982.683090679384	48625.63848211666	1.5
108	18821.428815668045	19304.04561673367	17914.376210398426	15455.781181822837	7022.7423040884	34704.58455449595	43325.28682282403	0.8
635	12876.782417281987	14814.537952849909	10662.23597116891	10028.126701384252	3245.393268499012	24133.214932252024	30502.60893066476	4.9
152	13000.898255518865	14768.108662407778	16292.289322545614	13992.095738591135	6648.1070962405365	29546.11144638931	38258.13248365368	5.1
377	21833.223069367134	25253.74183597013	21613.56685806249	19586.5298340883	8212.011407810254	43248.97013073813	54447.3719557957	4.5
559	12373.19037429084	17331.239194977985	15835.481436472037	12438.576301932198	6761.227087443244	27256.57429974872	35595.67349753202	0.2
451	10517.409046879986	9796.701454827979	9532.60935116855	8190.408059567289	1956.719703207881	18114.86432035413	26251.87331681393	2.0
323	23532.042511362666	29048.13373263696	24798.72281122375	21581.290893929618	9197.308819909184	49501.5054111293	60358.77339284582	2.5
337	23667.767019625004	29466.002039053044	25213.511058078046	22312.16129253079	8922.856947009583	49635.48680491533	61537.41951551851	4.4
484	21189.60361141153	26384.510576836932	23148.652349628424	20544.8386080106	8225.392820106375	45374.12789469912	56057.61798430151	4.3
411	14495.302680933171	18050.16119158159	17859.685767116207	14889.353881562083	6998.861606979119	31580.84985319038	40589.943597273654	5.0
294	18432.549817606276	25534.258636573762	22259.84948648138	18700.192169064383	5299.128210682022	41566.73119789087	51031.68521418235	3.3
345	14358.151574597832	22973.459288538852	18687.580346184874	15083.289256532309	7699.251433970192	35318.05490383595	42392.164076628476	0.3
202	13225.36484575336	15769.314672943208	12241.959997477326	10802.68982498643	6195.155732932889	26571.654179162757	32841.111031535234	5.9
15	22418.808113839077	28586.786781806422	23564.585295177327	21045.693550992575	8282.351266337088	46790.33689182224	58104.79225417858	4.4
332	18109.720931599037	21681.29230173124	15902.71380989538	15015.236115187068	4938.156542820007	36207.28958684818	44429.55689229169	3.6
268	10961.688570209846	14589.743929303982	11452.254762652838	10972.588831927545	6294.946494915646	24129.618557860176	30980.782775620104	0.1
114	18369.259317477343	25026.01779154166	20809.996483528234	18809.194187191053	7464.228006446162	41020.28572562933	50026.47690005535	3.5
230	19776.8562107643	26154.18246876973	22133.67135925735	19393.073739325	5424.435639791917	42675.108581567256	52592.19911230904	5.4
264	20130.015316872188	23752.74575537539	20669.358906425794	18625.500896848993	5024.787517009629	41823.057678674326	51327.468762458026	5.4
355	14179.544727175022	15035.878509391912	12024.188545297651	11162.598713439373	6064.466801398383	27431.15458064132	33938.206399494535	3.8
503	20063.233204963668	23089.964873262983	19827.06712251987	17251.78273105401	5826.925975258389	38836.115425294534	48776.531273416294	2.5
322	13435.975582427433	16058.18934401218	16139.742501351398	13774.50100690296	5918.2092723336345	29736.41690296502	38407.109157907194	5.0
112	13004.562941930128	17991.064771996473	18346.292814354318	15392.678952064418	7065.6028340566845	31320.12505821479	40378.84813010282	4.1
593	14188.23138099383	16708.570528199092	16504.408888933052	14582.46582047677	6657.786123471546	31055.091307261107	39792.315652874924	5.0
278	14234.949135077375	19128.38364637935	17702.748016065012	14823.116789992333	6870.849836767871	30078.569478299585	39085.494807481635	1.2
218	16588.7674652047	16104.840161255388	14638.019820419519	12334.052879332497	4294.005329682193	29922.462098550073	37297.012646826675	0.9
347	16374.905628133034	19729.75126746552	15695.646225593204	15361.794295796646	4225.621201165438	33649.37581166831	40100.95148989285	0.9
259	19431.884986618687	25460.86762587892	20391.954497550425	19229.11900795942	8116.471427262152	43505.57698459169	51922.91616255282	5.4
360	20832.068700607826	25290.495791783967	19102.889953040863	18122.597257541194	7697.329563392669	42866.320202641575	51736.154648879216	3.5
228	9020.341566726021	10575.581073386767	8386.439011623283	8948.009329443985	2180.857959894081	16498.234067111887	25054.193818605887	5.0
82	21476.94731951458	28288.420752575912	24500.27780198095	21605.865683225784	8836.423685878133	48253.85681647504	58908.5799036715	4.2
368	23659.62702253083	28124.716711269863	24726.077243429612	22004.844330053846	9177.753623612307	49661.204071018496	60878.605082451664	5.4
18	24374.512181614427	29464.70895163874	25153.29621740066	22361.49615997594	9099.014057863254	49691.01652917055	61928.510510591404	4.5
74	22916.570036756795	27561.186052015022	21697.194949327226	20916.024554375854	8767.304137465457	47614.62529988109	58079.33707644473	5.5
203	20460.39805783544	21746.576151143177	20809.831272607087	17811.140637197204	8354.766766458511	41334.23433431265	50463.802709838434	1.4
610	12397.657818183927	18467.823626764177	17865.71104618877	14340.827177238194	6844.446900907976	30782.595871094432	39374.5342061269	5.0
115	17651.44346599139	19901.66846258506	14361.941311079101	14572.474048724238	6671.284886791795	33305.30972881218	41141.22621252044	3.8
10	19054.113380054743	27195.31261369129	22346.8730384154	19596.607563562495	8373.767201450359	43749.211994248166	52435.73159220738	1.4
418	16306.920181521518	16435.391402050147	15139.126280085084	12686.453981398665	4336.162692439186	30166.451216201767	37722.488855474774	0.9
608	14142.91498381199	16947.012532079465	15506.042480136375	14559.62079677787	6895.041519221735	31051.172549298888	39746.64316286445	5.1
636	21103.30229776593	26558.38111069263	22146.399204380188	19569.41216927236	5626.998741987045	43794.621621600454	54098.47711685836	2.5
107	17443.766047301455	19261.102713609587	16688.625834326936	14873.314494513046	5009.548800863346	34391.97136765166	43179.170831510506	3.6
530	13623.760290530605	19821.28492777216	19309.11238905373	15904.908300073095	7207.032020221575	32935.256805204976	41945.07845959541	3.2
532	20077.719300290963	25663.878660891434	20890.111416743162	18127.002702305163	5266.479128795191	40379.710538934545	49748.32458259163	1.4
631	11446.407673148193	16034.770203405296	14676.380624605452	10743.721637088398	3811.6607733117744	24581.987213732828	32497.226768596647	0.2
129	15792.156941404932	14960.48435793699	13414.572462502692	12221.784505224841	3789.9064378851212	28857.450560298792	35747.03106130103	0.8
55	21865.60926329969	27896.331933082667	23250.646398364246	20639.542721247148	8026.427874412521	45438.21825114657	56572.24282613841	4.4
538	20517.40920624044	24844.075569302346	20647.169427288434	19414.367141141112	7613.845424942807	41199.93068540506	50747.76167390051	3.5
627	16748.678005714988	19376.172672775218	14486.880134640374	13850.612429950494	4222.082294645553	32252.007261209474	39416.91825078871	1.5
407	14238.625739805357	19387.187100020088	17549.088897253932	14834.14451100778	6844.825876406835	31612.04986514107	40282.75316323717	1.3
215	11813.790478092467	19718.669523504424	17712.612378204794	14448.582557185087	6970.3606647907	30252.987284756822	37864.87221735721	1.3
175	8831.602372143117	16604.529349212502	14775.878375428652	11177.908579708786	6395.934437125184	24224.960965084923	30506.141719664567	0.1
197	14798.174132682634	18609.154496607174	17552.29696550702	14999.332127182364	6942.637167347367	32196.007500872376	41254.91318893446	2.2
159	15308.661419384865	19151.561047203126	18819.097736209867	16244.969161584602	7020.301932576511	33762.74846072175	43578.733505006065	4.3
550	15953.087661319512	14477.715812332448	14021.802707246794	11991.738837017914	3895.160281703742	28760.572087749337	35918.72473817785	1.8
58	16584.07523235773	20119.21337811317	15500.873801792983	14513.03402311912	4297.629622172608	31777.908942510756	40384.689757397515	4.6
242	18802.94888944291	23079.345157424086	18625.079812586726	17389.0174026183	6120.412061372527	38907.93933988676	47484.64603854497	2.5
254	16303.653851469457	18968.038478730385	13219.259397435399	12910.106350610402	6619.529920112951	31962.673655705916	38810.99627862929	2.8
164	8791.436273412522	10906.118384208172	9579.65033760145	8986.237304162236	2100.677724121717	17676.91052771924	25077.700451801196	6.0
359	23844.967206315065	28526.064939277512	23382.58191007529	21574.98090377438	8958.597867145103	48647.82588551337	60231.882933338624	4.6
551	22356.314819708165	25554.168742357506	22808.914850848192	20404.356771188748	8774.058295615496	46651.31617372093	57103.97389293261	3.6
150	21944.95944980252	27563.303741646752	22541.422711263775	20564.958855813453	9007.30400403025	47584.404081232446	57829.07597344579	4.4
364	12927.61314938783	17271.34220899414	16727.864052955516	12579.341394346391	4177.641535653049	26917.46005965088	35419.78609816832	1.1
331	11786.072200951214	18315.816184866857	18130.014340647693	14047.747694129663	4123.222877275944	29460.525475296192	38756.877747980776	4.1
139	19174.631809472205	25445.873867394428	20014.092558665805	17847.058309268104	7863.522186042858	40998.63952491892	49695.783722897504	0.3
336	22174.67805129304	28293.137862219934	24124.588771971314	21272.526118725895	8473.339004194439	47379.84437488648	57881.39715292004	2.3
86	21404.476494991726	25942.363286205815	22568.624102789672	20715.255325141527	8188.127258095655	45396.343975281074	55699.74878343954	4.4
487	18344.798737305675	23151.64077982477	15952.54227995151	15920.376261811169	7599.742454871353	37692.87108888277	45271.3673629974	0.4
270	14311.651753657745	23005.31246933325	19488.47593841031	16384.101610794172	7415.94918271952	35629.75620124833	43410.244339205085	1.3
130	15720.055175304857	14404.284900499628	11432.13343830787	10958.89103989397	6185.927993413754	28658.84409324897	34424.42770617738	1.9
81	13030.41809486927	14853.826123627121	11325.043660850417	10027.931016174354	5964.497478129861	25405.22757009711	31497.52250524093	3.9
513	11053.268399544297	14608.929329433935	14493.999568194837	13229.710507744994	6540.537911389948	27713.932858880224	34553.932736438226	3.1
577	15578.728736894565	16404.414440380973	13151.574375034506	11615.098167440665	4121.572450672128	29170.652164689098	36894.95027405476	3.7
148	17981.304759291685	18800.805144176542	15437.096130332568	13423.908322678239	5375.268660555569	32509.161210570757	41229.47856035662	0.6
176	16127.863663139102	19726.822652572613	18494.39278847481	16989.767843813006	7344.830578309647	36113.635606233714	45433.28330980146	4.3
94	19375.513030408856	22867.579302386872	18807.4879590848	16744.9803004735	6390.07531245161	38022.71344826809	48253.12415742533	5.5
319	16133.472879755758	20722.125685836883	19540.430041997362	15958.732553485297	7374.792639265734	34804.57788649907	44906.243426284396	5.3
408	17099.304061076855	19168.187837004418	17281.86906861554	15097.20456508435	7283.864756346035	34809.349740868114	42840.18374897913	2.6
56	13416.498672540542	18530.61730703488	17231.46863305826	13201.109036583122	6606.78750748137	28621.971231996275	37320.41419900325	1.2
637	7617.383496142939	7315.248949861852	7603.868376966957	6514.562809714481	2445.045830919433	15203.118602723298	21918.541699383728	2.0
127	19672.592800420094	27694.915413921364	23146.561718738776	19888.498499028537	8171.668969940889	45902.447777504734	55463.611793241034	5.2
143	23296.508269957496	28746.15856858273	24847.304727994306	21995.87279809838	8987.28985608779	49295.73360241621	60397.798749654736	2.5
509	20522.932792307092	26552.23851636709	23279.678481134717	20389.831146848133	8395.859476554842	46132.43656665069	55972.61383714839	4.3
386	19086.406142037482	21777.154300377144	19253.529400823452	16819.757108455604	7926.325953035175	39123.31723584138	48374.539555771764	3.6
7	15594.918943161436	17293.113623273563	13969.556123684471	12518.237052220578	6022.087588003701	29493.404916137526	38013.20852567812	5.7
463	15900.85925074431	23491.724204194797	21155.807962616924	17771.608611021747	7896.920282455291	38372.26171806593	47757.58775372137	3.3
17	16850.07775181286	15448.625789507794	14289.210284128863	12027.083530845073	4154.044282996324	29460.109711206984	37213.99806714162	2.8
85	13062.932279791547	13786.339590432373	10628.676319081454	9126.795077851597	3258.4794007381875	23620.143733758152	29881.35642586547	5.9
72	17570.7700790928	17111.040822372233	14544.29293978694	13548.634719158012	4639.9737608164505	31414.955541738553	39638.90281695736	1.7
33	14070.814116860043	13234.676972281182	10782.926831807175	10103.88579331358	3800.731109225411	25690.190675284426	32037.271363892323	3.8
634	13450.619062140804	15359.547639274713	12036.659916459432	10118.342656341518	3708.423580962696	25183.710883076437	32952.859008949694	4.8
93	22299.27135664008	28415.37814288164	24036.85289623489	20273.77328976562	8560.507966479097	47308.80802650516	57755.30760018313	2.4
185	17248.085495869902	21991.240270035127	17196.838943586525	15335.824588977646	5831.660518795848	36608.800922017275	44884.44855974392	1.7
181	15512.179309422812	20885.05084476386	19861.87043992053	15649.423955842594	7278.3515095826415	33884.384669240564	44498.32682111419	4.2
235	9694.774685791528	15501.744437279087	13028.86137405801	11130.952652595663	6327.3716978145685	24453.33614635932	30256.621272254873	1.0
28	18531.763608905585	22526.459863986558	17653.964225291984	16064.00273290985	5681.403973636294	36701.143277548705	45493.250159476775	2.7
469	9440.263836756016	12022.370489078583	11427.61015619777	9247.216331606885	3149.9857921679563	18856.376195607336	26265.528156449516	6.0
339	23800.466711292658	28317.707103631685	24202.49299358839	21507.676877607963	9339.412293474747	50392.98673718471	61135.594008336455	2.5
1	13230.667729242467	14430.612238736523	16221.316186100872	11695.015545146203	3543.284788093572	25331.001199150403	34181.743161381586	1.0
354	14217.492197030891	16350.24094377713	12956.026303417182	10757.38530335989	3575.644305860605	26789.164833469385	34780.4518719651	5.9
573	11990.599182794123	12954.591974434192	11552.28046347072	10958.05286475386	4177.496165258626	23093.53809208017	32138.884944218018	1.0
365	23783.77673191908	28743.362226899062	23529.31409706043	21404.52641400987	8993.753106014996	49240.47668985242	60166.96790886605	3.7
496	21402.433516646088	26443.227961289813	20928.867011055736	19772.367361866203	8286.212576747705	45678.67301328544	55443.882459959605	5.1
423	16765.003243047173	20102.064665464495	18833.268004480888	14925.528379755642	7766.3261281724	36252.37348374303	44068.758358316874	0.2
516	14803.442311236558	22388.520064081837	15624.073611330352	15324.259761217369	7366.891236660114	36366.59671102412	42104.41236134145	0.1
549	18413.60744595248	19878.986124515097	15995.827829594116	14949.574842362128	7206.7939141569195	35062.5363251141	43644.39131930839	0.9
373	11220.24051707878	18343.502171593755	15920.06506760565	12692.540877997146	6880.456034471625	27918.137038264966	35270.30808316972	0.1
492	12751.082279666749	14247.692405905094	10968.059439807716	9899.717284334201	3809.6270062109943	23907.015012238935	30706.099332640813	4.9
57	21851.70036420865	25732.557478771676	21824.758946634425	20341.09419167878	8446.73702260499	44895.41584722202	54521.786303148794	2.6
436	15201.869537670233	19560.336812974387	19244.891936308115	15903.558058205203	7128.097115262379	33116.45460557818	42898.10026350621	2.1
210	14172.51793671396	16478.381336102575	12777.029849229171	11217.25084221083	6265.470339502894	27027.835683659163	33946.38728887811	4.9
531	13464.213354148691	15041.379657959436	11695.699208844302	10426.541499132043	3578.448848014966	24739.95794886544	32006.079130588347	5.8
132	16201.232782367197	16658.734486436326	14986.410900649467	13547.29639830212	4179.416118742974	31015.29237849547	38945.52704085071	2.8
524	18967.128288712727	20653.00665364528	19167.559198492178	15437.630422329314	8170.739154168529	37758.524736592495	46576.514020817354	0.4
392	11389.902555301604	15843.481005835825	15257.229206743259	13631.382252448437	6758.815164248168	28566.896618963558	35468.90289841358	3.1
5	20979.08833914301	25990.342695970558	21151.075265582404	18424.646518977548	8529.163013630532	42270.327143479335	52285.33749961681	0.5
275	12514.522352231823	18694.35334844813	17697.318078614433	14614.897292083799	6872.812083427866	31549.061606126575	39786.72876954397	3.2
596	18543.330734397518	25307.492369366195	21061.51456817583	17513.285003295226	7609.634648494983	39914.24875784042	48964.958847818394	1.3
361	18269.089057132693	23956.92186845194	20505.25532421584	18887.08875462335	6736.229797100747	40160.66013127069	48886.48785645984	3.5
352	17078.240313262708	16464.29999488487	15404.151466220575	13276.5797600873	4893.443105901897	31159.371315274515	39019.89415749301	1.7
526	10490.633780326894	8704.53617561687	12049.843733477623	8898.475101884373	3235.288577290521	19501.887641868063	26614.17251996156	2.0
414	15362.371236817713	24464.269812978553	20293.761730752172	17063.164072085594	7444.644551479322	38031.849549624385	45817.596200340864	1.3
237	15063.48119710766	15761.010718345486	13803.681191964377	11327.99397421276	3864.7451403534774	27537.179759515613	34926.65133294275	1.9
204	9112.184057341457	9476.146816866503	9015.8083271944	8499.220628673247	2803.556825575221	18108.011853043416	25183.935681023675	1.0
12	22883.725161772913	28444.5618752135	24033.686434245737	21111.5605532399	8819.780853863627	47565.849271573155	57920.09062783372	1.4
232	19308.54317336893	21476.630448153217	18427.726949173466	15732.582364587957	7489.416979714176	38659.364703287065	47626.82041493512	1.7
514	20797.102582961776	24187.561702699768	21577.780403973768	18787.56903444716	7496.152133094381	42879.112141055324	53181.24434947357	3.6
172	21838.505724111063	26010.91572215412	20415.639070812413	18816.809886765113	8506.883297463823	45354.531020894974	54749.23672542268	3.5
174	10474.832889658928	10514.638819699749	9758.35844181232	7155.522309686694	3029.4431456831644	17903.53029059449	27202.084401609805	5.0
403	20845.67729698657	26409.05457751819	21760.275997576875	20284.85415739272	8290.142811738637	45236.63763362179	54320.6389567152	1.2
315	18275.332332533882	18757.602687770985	16248.17050629802	14289.462022714893	6953.168179517401	34402.98012260671	42715.096847663546	1.9
44	20666.605998001847	25573.248094179646	21719.068680554945	18131.64664689464	6028.210965411882	42270.23034341421	52262.716093362	0.3
480	22711.898481043085	27284.210433525037	22509.988083443008	20881.12390908917	8337.316035853091	44814.31301969626	56134.44592989348	2.7
30	21975.73241392203	27790.324570716923	22758.94298820061	19537.756555862987	8918.223569386148	45228.94181686624	55773.2115515761	0.4
501	17732.86702087756	20390.197704496386	16654.00285978367	14831.415078748942	5031.237967945276	34029.10164496913	42707.93974873118	1.8
379	11741.093412774939	11485.087795527774	14212.204821966376	11221.096910065278	6309.004129089517	24062.457511865425	31490.458379688334	1.1
578	23396.73014199359	29331.477493923398	24999.975067660056	22046.839857900148	8866.400899342272	49220.844783267654	60989.40535127176	4.4
533	16428.95888434377	20315.917321430356	14932.364188277033	15096.4022922014	4554.245317000853	33214.44693070652	40722.826954944634	1.8
167	21862.70118215861	27286.620109243926	23182.353179021226	19271.878777724985	6067.8223290837705	44892.289413749175	55276.82346521633	2.4
110	14530.898407825307	17166.325783726683	17812.12699067613	13548.818401770248	7364.623505953739	32065.204549331098	38971.70011198336	1.3
520	19723.27369989652	24065.10934487556	18545.64771026856	17102.029536881317	7418.74051617023	39068.78226494995	49246.01258407337	4.6
449	18686.863830487204	24546.809776471662	19291.280616583164	17774.48624357538	7750.837765552472	39618.2235467001	48305.982805659274	1.6
88	16998.373623812102	17212.77538444564	15438.912158864427	14022.955712100775	6127.685143651036	32332.724836275836	40691.48352225451	1.7
383	11276.23186223205	17993.105558842602	16759.428547553198	13366.947790617376	6537.159805605618	28345.345633995566	35992.2376580448	1.2
561	19224.817930736863	26930.74763565356	22795.845583236543	20044.167273968793	8113.5772974952	44516.619702724274	54050.083486109346	4.4
375	19964.100286833163	23832.802732350145	19252.686290378206	17589.79035005167	7575.963256398721	39290.524437268825	49328.89192538726	5.5
177	7829.466145447022	8986.81004208375	6789.841956646227	7725.840923590404	2074.910661691911	14725.993101202537	22119.323187150647	5.0
424	17701.33295744838	18882.788443012738	16646.017922174953	14013.380500183794	4905.1913533051065	33075.95817605903	43113.26177101725	5.8
413	22479.252284101112	27863.938428569963	23404.083707712958	20860.667695040378	8571.354085925961	46236.83522264103	57261.15534268878	3.7
248	18723.17093600729	18600.61952078231	17091.964653848205	14941.24060144077	4820.9988447447395	34094.020903127835	43193.70884557117	0.8
491	14839.26441286292	15231.86293773589	12069.919137166073	11703.978934853338	3926.8826193304103	28379.75047658879	34991.28432425499	1.9
35	11758.476089982885	16098.255742379817	13221.860737249774	11343.067012225165	3579.2506955118442	24963.878107480363	32350.118821756507	0.1
402	22408.774289933466	26556.375663418436	23064.702396763296	20134.454143164385	7426.172211404421	45000.690910138605	56210.11439113895	0.6
517	13612.65926094704	13264.861247222516	16951.760400751944	13245.005685059856	6793.401120513086	28202.424388113017	37157.772292334324	3.1
511	16335.945890390507	14587.090713097909	12179.725447733323	11652.447407125741	4059.9071564860383	28279.910581672942	35205.8160300008	2.8
290	22880.729692465175	28489.687643575315	24078.661019592466	21016.966716031184	8601.338316855272	47919.94957425746	58986.117511657285	3.5
310	14097.40844820104	19449.42354146731	17660.102335077605	14645.62953438334	6708.92899914711	30702.02791068347	39867.43457852443	1.2
194	16976.801173855103	20601.827148783326	15140.513815952661	14200.97573840854	4178.384479055337	32787.425413434285	41390.75539616697	3.7
519	18313.169792406417	23016.409729375075	17516.549364871564	16424.917220807944	7432.659850004711	38706.91291282651	47131.025941760745	2.6
607	19047.540287964017	24759.584606807774	20993.66030564909	18945.958510273944	6303.943231669659	41365.296565775534	50599.505445790666	3.5
512	16164.779470446756	14337.734724787086	13416.738296224676	11662.067536238537	4107.9048269749355	28586.259694238735	35487.85858890079	1.8
340	15490.112940942	21034.957692393033	18719.764847056056	15829.125966290425	7074.778773244839	33588.07979031325	42692.11838535197	1.3
123	13725.13808178086	15348.954238936578	11560.921117872596	10508.594905015672	4040.1734990458	25216.413422994185	31859.538415378305	4.9
303	14067.148444032282	16799.53011707367	16654.80460099296	13932.497166395426	6859.119405749163	30430.304350669365	39107.11593106206	5.0
190	12337.684429296438	16523.098689776685	16059.249084162733	11975.41781324405	3906.813788605414	25293.177511557093	33772.90918234741	1.1
102	13911.599450681748	17706.080438392695	17758.26714946466	14936.315796847088	6558.24832916734	30502.997969336822	39531.45019218246	2.1
569	14928.64412374838	13591.508572234265	11037.74521866761	10267.661961588261	3737.8327657001123	26552.865525131514	32263.262160160637	1.9
426	18885.76568660991	20630.215701140623	16440.523072981985	16097.301046579789	4651.710094058908	35589.44154585678	44389.16822314867	0.7
613	18471.262498167947	24012.928313304343	20203.971427092387	17119.14018944792	5028.587786892528	38022.830037180574	47039.34174525236	1.3
296	14291.965793021043	18253.986003008653	18093.7080307026	15129.848784193484	6633.660262187942	31581.928715581817	41228.53795754295	4.1
470	19188.939765920277	22256.203774657137	16626.20653821167	15976.360873543088	5940.486642013227	36500.70889401386	45180.961004343604	2.6
224	11971.083245234715	12414.854289458039	9676.746115740687	8525.361037885781	3146.3853085414225	21630.78577796449	27630.27192842185	5.9
236	18143.664019513733	20564.864211072047	15386.628192410662	15438.940874564307	7110.097535069505	35960.964975579576	43705.64950957467	2.7
353	9182.891491559607	10741.790479489218	8832.312370144515	9268.770017741683	3116.7645129146936	17458.890287616032	25811.031239349948	6.0
238	24268.572010270356	29689.480970914396	25765.958094617446	22608.815275717774	9260.481986006163	50458.667740185534	62116.15945808048	3.3
566	12582.262137384305	18939.40370201314	16893.44612736751	14325.489867518478	6794.149602829867	30659.501430263987	38149.8864060161	1.1
632	20148.469488772975	20979.876609167637	20493.041118896024	17436.54102861814	8218.953091278936	40186.74554450939	49112.73848252885	1.3
448	19132.127448445703	25547.456509155098	19832.97089504708	17647.957921345253	7821.045400507923	40529.95650449952	49390.59789943021	0.2
227	21311.77122983073	28720.0436062986	24913.453476329225	21683.616772032885	8901.141173976659	48325.12619187366	59002.22525225041	4.4
540	9397.843994977875	11001.211077092805	10974.13418559922	7504.856077874295	3168.0872500671558	19762.142124465186	27248.35241932621	2.0
625	19500.1430432369	26651.259827659513	23210.28607428692	20586.878698214805	8073.76871146984	45325.98601187077	54533.332830184125	5.1
432	14116.738574597324	19625.21495613154	18124.471318946995	14946.394324603601	7265.320197311458	32815.61963161742	41192.243232817375	2.1
221	18884.07846562664	20674.00167655924	17132.601526533042	15713.909918448073	7301.25176629352	37083.26478797309	46390.993373675774	5.7
390	13966.332457688408	18615.044206136405	17397.43060533229	14741.432385723165	6874.152517455741	30085.120311384988	38926.29802561396	1.1
9	12820.655548931778	19206.012051056165	18724.55254326772	15247.41798366885	7127.2125437170835	31702.694439433497	40215.25465005431	2.0
554	20129.76544067725	27222.50607264831	23867.33205768686	20274.97410017805	5975.18081810003	45275.08823764552	55705.22209440919	4.4
26	14320.03503796225	17034.115300576163	16244.593012754827	14713.262067629736	6733.237689624748	31316.730273134846	40488.75490259603	5.1
22	8960.019777738105	10966.204572845085	7569.437603778161	9016.577215935584	2644.4942288469206	17624.89478478936	26062.603266219394	5.0
31	23258.482191610085	28789.761204950148	24701.727320694932	21929.529935147017	8816.075135244912	49157.76735792184	60517.01113412935	5.2
325	17184.886853911557	17267.78424227686	15460.026770071387	13755.052919725045	4566.155021041984	32085.341838767195	40143.57929175069	0.9
104	12680.215821615235	18005.174088588734	17255.9102375564	14552.57955231029	7062.942491241699	31268.733677128155	39856.68336325932	5.0
605	21768.30030803121	26766.485135420764	23208.02310364403	21126.10331506096	8268.390239936523	46844.080651587195	56969.582626906	5.2
234	15246.270107888242	18056.60244536523	17911.937580625843	15236.758806962114	7233.142732965263	32275.596312588194	41603.7555852359	3.1
272	17719.760421691437	19813.538060588697	20375.6828847946	15616.251553351172	5292.828789446825	37646.12360091442	46496.914529980706	4.3
456	13700.80177679153	14100.197137967723	10738.537941290673	9818.335621965456	3573.2323010114865	24322.41284191598	30887.73246736905	5.9
2	17092.20655504465	15626.753957103356	12844.128717593932	12731.462344584927	4784.09059131544	30510.8733980127	38070.39993342255	1.8
622	18612.924961695215	20210.01164291332	17633.74944685369	14887.484625276022	5655.843735655366	36000.74954190043	46168.701404035695	5.6
443	20539.88486988614	26801.912041260268	22042.320199727954	18896.9549404658	7993.045735365126	43392.973728492536	52512.14652016069	1.3
399	16889.895923873235	18483.65470506492	13786.205890965271	13432.687586537786	4363.203972181053	32178.496086887295	39614.29152302031	2.8
29	17604.941223103237	20628.247183813695	15448.887890099164	15399.73983861558	6809.446671935023	34203.24959880806	43066.45039957713	4.7
499	13055.836189965166	17969.116953526252	16230.568109622138	14885.274864337842	7106.428382953891	32000.756049873064	40770.49205391887	5.2
96	14179.975541865115	19472.781498393782	17928.44675102085	14086.287605853746	7064.678411619595	30284.46945127659	39151.88127367249	1.2
214	12749.578719897361	18128.41527011438	18067.600705675137	15469.050527981486	6922.4318539789265	31381.307136440166	39822.082369904885	5.1
388	12892.308076175193	12673.36892925614	15765.33852936047	12549.860060000396	6461.088995734045	27203.98223137639	35679.261145514036	4.0
483	21420.548438945407	25967.40980426229	22294.581018003046	20200.94515920912	8098.881133630975	45163.44550894759	55239.907499369016	5.4
460	15051.890406874854	14248.321285615268	13442.432275313817	11880.819473328524	3877.4277977442857	28230.830471735575	34838.91561500953	0.9
507	13454.596606549365	16850.187862400606	16000.646900636582	13755.436378934146	6619.141096669052	29276.05607221845	37487.55723221524	2.1
120	17372.25387892769	18146.904213456954	14657.249851978559	13463.421083832909	6307.361713915117	31867.73174261539	41248.67647176469	4.6
261	19223.394193258486	23705.130810792347	19055.73064138743	16561.38160757431	6574.543609895899	38797.17342847269	48219.4185339459	3.5
64	14520.880490373347	14596.943738369959	12625.293689804404	11399.055546477022	4104.995503890957	27693.73582535394	33840.428585038855	1.8
582	16115.18024329573	19621.85923216722	18112.626697896194	16300.23985270418	7322.9344329989235	35252.98835419401	44849.79809559801	5.3
137	14869.454430309299	18215.944928865254	16723.440186379004	14662.717071847434	6849.261718972693	32016.04506337479	40969.25097463725	3.2
