InstanceID	N1	N2	N3	X1	N4	X2	Class
477	303.6971897439159	165.55853680865138	390.3681506533201	1666.5225284201888	122.08578581588222	1467.1164523538087	180.0
421	263.92148530530875	74.6122024213253	465.44688773945524	1993.1268340704187	126.75137771068272	1661.55749399602	108.0
178	712.7081878067119	509.17763778163726	953.8451946808739	2534.384847214737	473.517528088542	1842.9185181011105	64.0
576	856.8860622824934	647.718520893463	1061.187624522426	2659.1446322321667	600.3815107817686	1781.604101587728	24.0
387	172.57013598746906	86.75188015815776	257.9855956356556	1546.498322464557	14.269322311382318	1441.5477861794923	190.0
183	165.31518710050983	49.81101480989776	266.7056123282289	1051.8200882787085	38.40369011668557	923.4812197829636	247.0
606	823.9306142794823	606.1175684599101	1001.0261241412039	2257.4380981110844	558.4422929730977	1520.938212596476	0.0
212	848.848457686411	631.7586501226009	1050.5483971849008	2540.7576429356654	585.0430095077081	1799.8471217870208	6.0
617	160.0537240193339	54.622255484293476	279.85825226649484	1298.157674756354	18.485438761983886	1211.2932193857305	200.0
433	851.6823485722945	654.4422991243547	1024.669508187979	2513.7008747441105	583.7273094285158	1756.634883555886	8.0
398	189.83679985182619	46.68351603925677	305.9331235803207	1609.1826182281961	21.913990065691998	1418.6951962835894	156.0
145	848.6138690882126	623.9450537138473	1055.9834224136946	2543.715688276708	579.382191782689	1763.9117455131964	10.0
3	407.15487444466964	220.40335003739327	580.5103343791076	1686.1635243160215	252.98233291518372	1230.4308065629377	80.0
316	168.16692143222278	19.49311440457119	248.76329186182588	1209.764107620872	25.872669607140217	1051.045950113062	140.0
153	847.9123561134373	659.6098105297062	1028.5628636853967	2625.778983256781	565.6762543835262	1842.155423788132	8.0
616	192.24416713052284	25.96360183708108	289.8349767425175	1308.4698572170187	14.187997755028736	1180.4384396810117	180.0
284	296.8957592713791	126.890716357872	441.22640543561647	1862.1368761271026	105.51609819367323	1418.5450511893564	98.0
494	264.38975256647996	62.008184697853316	405.77124034295025	1750.4451400128664	98.53870178465256	1357.6953668453607	112.0
84	231.78493214989808	58.01338486348753	362.50284239212334	1804.5531671510187	91.89337231137884	1496.1044262345572	120.0
567	808.9223154362464	616.8298438373675	989.0512064462202	2044.553804775344	548.9764915411298	1590.597292861807	11.0
79	862.3418339722191	633.2138547908735	1021.7328262061577	2675.7083995048743	591.6372561622416	1812.1260413519108	21.0
412	806.4460716527535	619.6737595598892	875.0628997754834	1998.2442227655088	519.040228918956	1577.0514794187468	10.0
121	200.33069538580895	60.11685984332241	299.76585664379957	1195.681146335508	101.93446638134552	893.3021462450306	80.0
431	173.54139221350323	32.20334155705625	290.54723323937	1484.8429682698204	26.723474175576676	1408.2293107059834	130.0
330	845.8310816064627	620.5607452062131	1021.3353632744048	2655.230537321362	557.149233179	1779.8752465344521	24.0
14	819.2402649881808	606.2200042718157	1018.63569620667	2380.4043472808908	556.8899143022611	1626.5813506281663	0.0
486	834.7684603139069	598.0191501481409	976.3798339101162	2529.569249962341	566.9187514435846	1742.4079407966478	0.0
269	842.7978322987958	582.5627261637165	1006.5237290187614	2454.3501700660354	557.7447640675817	1742.6118235030383	1.0
0	375.46482234903283	208.61788067434838	547.2175431550958	2106.483331546584	178.15405138770512	1345.0637568214681	36.0
358	163.67408678530524	99.7500461164395	283.5197186536995	1587.9554210611996	12.60646740615706	1478.4827097270736	195.0
220	680.844220096375	470.17299257501935	796.8532308043762	2094.316145107446	448.21248875110865	1502.2192732067272	50.0
117	183.59951942616368	71.0041851364241	274.09551805557464	1520.2074304696182	44.10217694460667	1456.8662077530105	130.0
184	826.8759544749336	578.003205991054	1039.6424154213555	2393.124810368891	563.5562826881912	1627.1147109371732	11.0
586	177.13916964223674	58.301537513745394	265.30903137378107	1622.5997447741606	29.733228987576695	1444.6129829267857	108.0
536	210.96723250981077	43.03022942193529	340.0938659097775	1778.8882703032489	32.782492851684275	1510.5322058664492	108.0
348	580.8388843302946	410.84035475656816	736.4048390327217	1811.0806417054985	382.043859808167	1397.4330557962178	68.0
103	839.0605451021021	644.970071710645	1064.2783928177753	2602.6960185165685	557.6018720813288	1801.7373769071419	0.0
155	166.54945503338496	20.048609289317294	268.92970504672115	1525.0026049247178	12.247594223257504	1380.2573099226668	195.0
452	829.7629148006403	607.3382171594436	1022.8442140361174	2462.415999316071	561.953309170771	1647.0779953371684	22.0
589	303.80128927511913	174.43369167976365	431.98033162747356	2183.9329496837054	100.0986443492375	1683.543091440812	77.0
276	725.4307264814034	550.6232598303361	923.1596870928803	2456.523190439905	476.73797254022145	1678.0527844329804	45.0
614	177.04446823716475	73.46167087880912	253.4440221607204	1754.853290814069	40.72728083449226	1453.5909755124014	96.0
444	822.0711222424923	599.2516312083194	994.4934398249643	2319.8266460027367	551.727151848433	1499.3884977308912	30.0
560	612.1261912659124	430.0964478475596	767.4849713130797	2101.918032328957	380.39405692669476	1475.9076115704447	52.0
527	166.65154263982717	31.33437517768865	275.51194862929805	1235.6606856926862	29.783822839719072	1111.6528240426826	224.0
239	629.2287792791439	477.43850030716885	748.3392594540595	1911.096000697286	425.3098069864737	1477.1067935569279	70.0
274	231.60734432592244	66.7970158196395	336.51003835461256	1663.884978034861	118.24752143805303	1370.8471209419836	98.0
478	846.354225429809	664.149508398793	1049.819809912781	2468.3234061347794	569.1828500626747	1772.818386401307	0.0
118	651.7283741918419	440.44220529185696	779.1054868622931	2042.0287208669397	438.46146828672295	1471.8869385239213	55.0
425	837.4293962791888	600.0066345889388	1054.4462746103693	2462.1679896493133	565.371328417304	1642.7300722258733	24.0
604	706.9187232064558	499.5999446221814	810.1174861406879	2014.2422943062604	472.4478708370955	1477.6898241500128	44.0
146	150.8639173860132	16.428625522961955	200.0219792470932	828.7642413061196	14.103528955130615	822.8517093014516	300.0
60	811.0027884045547	623.3573132665458	951.7104377156958	1937.8037047809166	571.0378197789165	1611.105693569608	30.0
506	839.8188066682385	609.0773157051775	1047.762838909455	2342.587581451385	559.8247469550113	1571.898735950865	13.0
113	309.6964812036448	131.9332542576727	423.8753586911159	2013.1764944900635	127.83563195606663	1535.055793865622	77.0
42	241.5401758143968	105.73967237306924	390.13703029212104	1676.294573675238	105.0109018478037	1356.293000883363	98.0
334	322.1405353997119	171.70358646611118	500.49557591485984	2092.8554055898303	185.6131417390876	1586.9487118812071	80.0
298	786.2284317650063	570.8683361405346	973.3226966148168	2484.2445358797863	527.0397233547819	1623.954315758178	36.0
253	838.8065271674222	640.1568187865681	1015.8152090638616	2655.94053817187	552.4822851916548	1794.465988764143	30.0
488	717.4789327920103	502.4359899678216	887.9808431855571	2395.346472581293	447.9291774746018	1644.189518838568	44.0
67	179.29506621530302	95.63115377314554	322.16111693780954	1718.457151030452	20.195291369482064	1532.0653158634414	117.0
241	478.10608843768915	304.71161321880976	507.26184557541484	2119.7747297995083	258.4304748531068	1584.1863548290341	64.0
462	853.2830090491029	607.7432465954523	1054.6502574211102	2656.6196177870074	562.5676412219857	1818.2558022559347	9.0
34	178.05167753252607	29.514088429298205	278.5618724424696	1227.4779598663708	22.802271073039314	1086.804197763244	182.0
165	814.0733813973383	585.1407654721926	1022.5377473761663	2548.694597607651	529.4067406926391	1696.63468284392	35.0
409	835.0418550484939	596.336622654794	1051.726644802242	2475.526400449682	582.5574734336075	1657.7294489999292	20.0
11	226.0300580319606	82.68212104466733	312.2045292655781	1667.2186042944816	26.95771180341722	1239.048474206343	84.0
207	163.06981148319164	25.45306260367819	351.700729281361	1610.5956140518642	32.644066269539	1467.9008325181203	140.0
602	841.9850005116938	623.8036009768539	1065.3147132501251	2501.9376164785813	579.887659554063	1806.7315483074635	0.0
363	838.4952849562121	624.1793312584235	1052.759486845987	2616.2232807544287	566.5797762325731	1763.3308433141995	20.0
367	840.5037985763695	638.7059920698397	1019.2826762694885	2575.174644675777	566.0534601784908	1809.9890092911473	2.0
135	208.18016583183697	80.95132341393884	363.10166787535616	1473.8338876721523	81.17584681969693	1038.6908779250616	75.0
397	469.74280766887176	315.9679618969891	558.9440745904861	1513.5547130320044	292.7160082536169	1248.5002751969294	48.0
271	827.9684402193594	614.3244808314344	1036.6148897753008	2544.280805447147	527.439965872783	1744.1253821166674	21.0
396	264.9091366908309	97.52454306458174	349.57877962008297	1696.9246924431907	122.69629750273023	1156.035868842401	54.0
552	827.4555610309462	630.0497646696648	923.2744427360719	2337.693007087581	569.8901050875355	1709.0187520591298	16.0
518	796.155606653246	577.2201289428647	828.1594463569451	1856.4062863851036	501.28369006201524	1563.3056823743111	0.0
54	732.6315928393075	550.0610090882674	854.1231718009533	1519.99292289575	477.8818643110628	1446.7274017868021	0.0
344	372.7356579799939	249.23773427109649	562.6422458245468	2127.1034744276903	136.8653852294369	1387.541923904276	30.0
329	347.62252193694803	184.0210781871131	488.44514034300977	2005.6749338224663	131.53972665751084	1298.426487840224	30.0
134	266.63693094513076	156.64181544696322	469.27372744564826	1999.7131218184416	122.45267774256133	1271.31090008476	36.0
48	167.13432915883368	19.670718781522083	290.3550668294297	1577.837184105815	7.829799151108275	1489.315541259996	144.0
73	836.6748875300456	608.5653367122027	1034.4450922539322	2104.623647754736	567.738786062957	1634.454361033777	10.0
98	149.9040265378176	29.03721374706082	191.71193406742034	880.6592939123075	13.540583677276244	840.9889867387562	285.0
229	820.186213747239	601.4598610697274	1020.0015463670592	2167.7232048753426	525.2636682741246	1634.9371591711192	0.0
570	166.06801213855746	71.94520424510651	252.50331762203336	1265.3943064416585	25.39899203661564	1119.1378023038062	140.0
548	664.8117275774426	436.9249213376354	838.2475102429811	2288.2412883850902	430.68837766271787	1711.4667797030654	70.0
169	266.6931996195617	100.05248603428107	406.6242288003274	1535.7747108238486	77.18629806806992	1060.5364472625718	90.0
133	830.9132490957674	606.4717637378424	1057.3887431731823	2497.1818008205555	565.9724306152638	1718.1960844304797	7.0
89	183.68873477177118	40.198728073040584	309.0796512529964	1305.3375921295537	21.89317151859852	1165.3757494707668	160.0
21	261.1480401586718	87.81497319363301	367.2275743063437	1563.8441276123006	80.32411047660835	1253.92103353527	119.0
100	815.4067713702616	586.8976472191339	1010.6895600430179	2408.098530567832	557.7456619887367	1691.8057401891583	0.0
256	710.4864113351213	487.0496694742428	890.1481729821367	2411.128736905636	460.28324670345233	1686.7845436050968	55.0
95	229.8802162114567	34.9898057880107	363.3707077512842	1696.5396553148728	56.79037422052968	1489.8411054272522	132.0
568	694.9850970190122	490.86148650789875	875.057638604611	2406.237756582425	465.6811843587831	1725.186902671536	55.0
189	844.0783409767279	598.0142138814401	1021.5979644776271	2497.5375014788556	559.6490619351604	1762.2351106812798	1.0
198	221.44154250327284	82.48289059526647	328.47833523298107	1863.2088030866778	98.1554039881728	1604.3709711880226	99.0
612	743.2404529753088	521.5741964609833	842.1132422482842	2087.443936896362	488.33693156021667	1533.8028632728285	40.0
556	186.9682869691875	81.98018324340518	303.03059088820316	1678.9022688625116	40.62392847343958	1507.916509434074	108.0
609	711.7345456977796	500.69613615202	891.551204952299	2189.8594227266863	447.83877588132697	1554.37167517037	50.0
475	152.77475583241386	37.3919481742834	288.2136442587583	1609.5073623005758	19.01070629275108	1505.5943186816282	165.0
467	210.30345995245526	53.22616002503033	338.7831262955288	1358.9087516426707	60.61481434296055	1120.592323639627	140.0
65	839.9421929565634	650.5739429533352	1024.7126424945102	2467.5488316600226	561.0247777149374	1758.4366782517143	0.0
97	824.1933262758628	583.7161313416117	1039.3705048135962	2457.7994581929333	558.4746915607069	1648.1767717016048	24.0
378	182.26120155445534	29.644509962504223	214.71881769437334	1148.8995285335193	30.17244747154058	977.2303797613957	210.0
335	196.90171677577098	88.90490226592891	287.589763133528	1356.0454238706234	37.84302326672567	1163.6938992133714	135.0
562	819.7691676388389	597.9478801984636	1053.416693903615	2375.6590171582516	556.2326934302537	1715.6710579341038	0.0
295	699.5716498546636	531.4879340023765	895.9372310658891	2357.340741001407	497.87165864910895	1572.339050211367	52.0
326	818.1351583286887	599.13438501304	1029.2020902573768	2261.2386818893697	565.3594604582682	1490.2286789181044	0.0
195	779.0692951146464	628.4186548141411	1013.1213512242731	1851.872709798821	549.3478889877639	1593.820254886071	16.0
446	863.432494024815	612.3016225366529	1048.634268239032	2617.5601152617464	575.6727827346818	1827.3107394692865	6.0
251	188.7168722630552	77.84117941235948	299.75064877424643	1620.2658105551664	12.233337848932686	1365.8835195345466	104.0
338	179.3858042930811	12.48574051024643	287.42539121664095	1503.2995434941984	20.185365212353176	1413.7405496401598	209.0
285	838.3807957184554	604.8722306717185	1049.009350828541	2535.454947759753	559.0113439816364	1794.9533358433794	6.0
171	811.474978587436	580.0027610208912	960.2695050759392	2401.426101703933	555.7743690462586	1672.0548950142309	7.0
201	233.5064294924244	92.86223338538862	386.932244037889	1912.750863707909	74.2728691866537	1422.8055017413988	72.0
297	203.77064122075956	38.98125697814917	258.7266277929178	1189.4921260826081	29.976368415611127	1034.2989714451567	165.0
61	196.06912074760245	56.82196209863012	293.51074696772025	1305.0163287851917	64.42140101579676	1200.4901206802015	160.0
125	197.63287180259206	84.92174016321508	341.8580425053767	1448.855809966575	90.6265073352763	1259.3197266361508	180.0
243	839.49601112476	583.765520666178	1037.1231778127553	2492.2006232335357	555.151645695005	1617.6973578851846	39.0
245	631.3751558171814	426.2193421739897	832.3244420135837	2417.852449677259	375.6838494642026	1902.9648055797695	80.0
430	815.0543860260166	602.9502792312767	989.2102782309646	2321.821302409511	558.9205914289597	1659.0769738667107	36.0
521	640.1344164325134	425.91170198384657	798.604730075651	2395.3466573693895	401.8141336456144	1786.4648678141596	64.0
385	608.4249660688877	420.0604052793983	812.2541318612467	1896.8542637620747	416.3712416622704	1433.9435285712482	60.0
283	501.6743581649565	314.29504592797974	630.1057181047722	2282.5472442387486	314.36917604016264	1709.6987288353675	70.0
406	258.37809148748937	120.2437486280989	377.14118448412626	2116.240760075079	109.02541826352785	1622.4855895152116	77.0
119	818.1942373621363	601.4894861803351	1041.7312796094498	2429.1613365757335	556.7074495083824	1660.5797906717855	11.0
597	172.9691625768392	31.05123455963518	267.4036916076619	1339.863207839738	22.465844209480387	1139.5413045957653	133.0
196	169.92472186261108	64.7378901054323	286.2130019197157	1616.331398092694	38.0861491933238	1480.4730136827757	192.0
187	847.9121593330931	641.7817644233758	1008.901066206916	2601.8541999791137	550.931713246239	1780.3618084398947	6.0
543	613.2392228022619	467.9902724554325	799.6061729753364	2318.7792920630873	402.05903953270075	1622.5409750927304	60.0
539	213.75517657742486	79.10879909259583	336.21479367660856	1723.2168609171629	49.0314942995466	1289.6511208330635	98.0
223	171.44614837878154	104.71545872822813	338.45974827012407	1711.2173181627227	26.026962745771847	1573.6127412576225	192.0
535	819.723536492077	591.223758757334	1028.0895384752544	2232.950118838071	526.058631423034	1681.3501490547783	20.0
249	783.2017409268382	591.6648204931932	937.363374433402	1789.2614492291552	532.1618267940996	1534.0260967303745	38.0
191	751.1930013884011	542.3908479350953	886.0548224466808	2444.7847772561295	492.356018733772	1674.5545297919664	44.0
628	252.72097826416527	144.95845180399758	459.0098956224699	1654.479728211951	147.09199621340252	1164.3338816837668	75.0
393	746.307541317217	565.1890704281088	829.3501980193073	1553.7201363979814	474.4814752193045	1431.0141056557954	0.0
70	163.28123769911733	97.33144676817753	316.69092438701324	1627.9397127692528	10.593548104414438	1525.4779735358838	208.0
341	872.1686365938104	626.5436419158373	1022.1871747463081	2675.7153518960504	583.865519978568	1825.877686377216	18.0
142	836.6951961717124	633.6291173274359	1025.9069022169817	2589.9405552568383	550.7127849428919	1817.6254341388237	0.0
180	800.6303766139554	581.7637058997235	1001.4980066906255	2414.131946928125	546.9394778418672	1623.9940697001475	10.0
498	270.63510837871416	122.27487780686303	436.788601881933	1855.4681829967003	87.28467133325192	1373.7185397900905	70.0
90	171.34651823833815	41.72964708101212	291.209565464851	1527.1845251990962	43.586936483257745	1418.9786489022615	182.0
439	703.9590614797954	518.0110230549917	894.6703112354375	1989.4638556446457	459.23932516807486	1562.373919304407	56.0
574	799.1728957829777	594.6319229859905	1019.1216246356101	2585.9061881218445	527.0665699404589	1727.4364993960514	35.0
257	640.259093683827	439.9172155878489	773.2774105735533	2144.5845492166136	411.5294588324583	1528.8197105087745	52.0
304	834.3134908135577	589.8675587606398	1011.209051395693	2444.210304781234	554.0733743118356	1743.1240014223206	0.0
124	810.1892082792579	581.1408700080298	983.2082003753119	2433.2803725188123	552.7644485637	1736.7683241810648	0.0
547	836.4951273052459	611.7716125526763	1022.8750327575315	2568.0072853597044	554.9269462034821	1744.9780579552091	16.0
356	170.39504994381312	20.33547259190982	261.8784634587183	1511.1419748314015	2.1995555555555555	1336.5514157313264	180.0
482	206.79110777585353	60.62798087522398	272.9560152467622	1166.7421725772979	91.6712387744225	876.9105585843112	120.0
384	830.111275389245	641.6970327167267	1052.6699780057381	2623.9535285003853	557.4301315573875	1788.3954109263232	21.0
419	173.72970787405708	30.892550948836874	310.65203424677645	1267.824843022088	27.65128761517107	1117.0034210624276	182.0
116	165.12047865203257	27.584937367321192	283.6586074491844	1467.923866206184	25.608979419791943	1389.186223260701	221.0
571	167.01113481443966	19.752690205093266	211.93423512628146	944.7783482578445	13.903275885289679	898.3366161123658	255.0
603	199.82751159473258	24.794142638898542	242.0494650207561	1220.4997155690776	54.366263531861655	1000.8350615310802	210.0
138	829.1305500622283	638.0945132370264	1044.2766041636605	2478.9422750020203	551.9672577750235	1727.264432937937	10.0
311	804.7031478293126	579.2710891730392	1013.4059568377149	2010.6100010641785	529.5665676621182	1578.6268566702772	54.0
140	774.439546316304	547.9546165938899	982.573371425594	1952.8576232356008	509.1180719126483	1526.925146045444	57.0
168	783.4858859085679	575.4498740710123	985.3184199961672	2009.2559719750263	511.16169737612205	1581.384447784393	51.0
247	229.48329084200842	60.797001327356654	419.2198262321642	1886.9084607610089	70.65613196180023	1697.0391642613135	121.0
16	168.77041173785182	32.08280783903619	241.5186300306467	959.688704478796	16.756642940993228	899.0556210181765	285.0
327	831.897025439209	605.4236101993491	1048.537635331117	2461.6790240203	560.6130327779559	1766.7630019450216	0.0
630	731.1426842961142	513.2332326770116	904.8987379436851	2098.276752451152	472.61024010662385	1557.7694574101617	65.0
558	653.7292640842932	457.6471776158051	805.1872499814755	2432.51248097756	405.2706248924983	1879.8458756003229	77.0
40	828.0984235966692	638.5915666564925	1039.9835349556542	2721.748129701278	555.1734482343045	1844.340327188332	35.0
350	648.8089639920327	455.5898109631098	842.1530374142483	2056.758298221563	424.23591259866004	1496.8762796686703	60.0
262	615.1609767741035	409.2186713662898	825.7393484192512	2478.020122169707	387.32459228398403	1793.2172134893094	63.0
76	764.0890651923495	543.3249903046903	906.6611453935503	2192.438160645545	509.8296861153493	1599.6748083855516	40.0
590	833.6899455947723	646.3843041899428	1070.3953728948222	2536.2500411790998	554.9116918941967	1801.6887644009494	0.0
179	192.03919749911412	33.643503109533384	343.4383499689602	1482.5457067290406	52.88535028105874	1349.5050943162005	152.0
301	824.303364633905	597.5059847347115	1016.923127661056	2681.693449579407	528.9661497929267	1808.852312802215	28.0
553	238.14004130422123	103.38453292334228	358.1904719580873	1870.3378467096975	57.896571264929364	1438.7482052095263	91.0
479	606.8471225195885	420.53199115167246	685.2128038969164	2237.276727068623	382.2928800654184	1580.4792914904456	54.0
429	220.53351502361684	63.49679485060694	346.00725809082155	1649.0613911630026	56.910254820524095	1434.5478740741803	140.0
592	340.21197433822607	202.09768789875736	456.6039671274582	2072.832745420751	143.22992857574505	1670.3577772404678	80.0
225	843.435320196204	652.825184634987	1052.819187167736	2753.8472706590096	560.1489767225543	1905.952378484783	6.0
457	296.45549173842033	205.36126905513285	370.9432256053245	1984.1310107038862	116.81874791918861	1540.652164328516	66.0
317	838.3883447006649	598.6316820171703	968.7496593536788	2579.8588759110407	542.8658158308376	1782.2380767299105	15.0
267	174.1469138373554	25.321968001358638	304.0710152108066	1568.6569940918955	17.982062030147866	1473.779477695185	120.0
328	785.2863432704602	640.0221940951076	883.6211911175565	2104.08821459616	495.75053131545457	1670.0813545563858	20.0
154	194.708417805514	23.65316845107865	312.82252955963634	1644.0166661467845	15.914761663549477	1566.335279369592	143.0
131	796.2195842201489	563.1511977948048	992.2070977552615	2323.3679595643107	528.4725682898168	1504.615444969558	30.0
584	281.76007235516255	98.17400785721107	474.28983981405656	1690.881774818041	136.45993598009434	1139.6985804259853	72.0
27	213.15884573091293	71.00033335999751	301.4810933785454	1401.1245091079643	29.885836382278356	1242.1212476018843	140.0
600	195.5452669068417	112.97189633606813	338.7776231309036	1832.194713956571	23.052764059146355	1725.6126168486087	121.0
523	805.2241975210537	594.221296727074	925.5425332468412	2088.778528750818	550.2459308354609	1623.3190822628276	22.0
529	823.6265805596366	600.8187619774421	1053.8167857730778	2574.854357707696	529.7129702769226	1782.081837372511	6.0
38	172.60539345388818	48.34341633160444	264.9791223318555	1470.9779743591953	21.6957397663335	1326.6942032306963	216.0
45	192.69866728578273	67.05233527803684	311.5460861951998	1745.6103603123443	42.95707727910254	1526.0238510300687	176.0
557	810.4824848823204	605.9322107683229	934.6423634861675	2098.3880673886893	531.0209838423154	1605.4079988517835	36.0
349	821.7517406984466	580.3113485258274	1038.745749016217	2597.34815327981	524.403215724413	1774.7733804349784	44.0
346	817.7357639095657	587.3804314465992	960.8509526462832	2110.2118186249722	553.2729739649825	1631.868691618086	10.0
489	179.36108228778792	49.46644604202616	337.85454482913144	1519.0873732572898	28.093546982475274	1398.4431099942356	152.0
598	863.7631877672512	603.9591368040311	1053.3305521546702	2704.3755214584953	550.9939728958246	1815.1245826478305	32.0
263	835.258224401073	613.082612195447	1050.0615348168633	2684.9718580212557	549.6106051926379	1851.1483533871753	12.0
226	203.17090446075704	54.58988101029461	327.20838135894223	1590.9549378956337	52.404512718360735	1395.198832303103	171.0
321	755.0984874362617	649.4177097851529	909.3678493575301	1843.078335167459	551.0295624678489	1570.8462202489518	0.0
629	167.2221457929408	33.99536897415317	374.44587487938963	1634.553003568844	41.45966410738832	1502.162090497251	180.0
126	683.6038988331168	479.7306014328917	832.1655455693476	2362.291457125093	412.25425361757675	1781.9738657952653	70.0
91	836.6522333100412	589.4987426866167	1045.8697200665652	2547.098834818683	552.7615344851957	1800.8144728476668	0.0
265	797.6980526803005	559.200614118687	995.5981893201757	2420.1324413564353	553.1792370853194	1641.9890492933616	10.0
544	807.6615869425399	555.713517961506	994.468822147855	2569.43087705958	510.33376055448906	1735.0613722258893	28.0
459	172.0299795758535	33.88717764859896	232.55816133097483	1220.1745555343332	3.4774475662663584	1128.086471757346	234.0
621	599.8282350411625	440.7235057869267	729.2808369688469	1771.8727318771405	398.91286026459807	1383.344342372795	72.0
266	835.8686946318819	602.9252437553486	1034.4814855957256	2498.355613113661	552.7944119701364	1779.0266147013615	0.0
217	197.3656145474967	39.65224872282436	288.01187035555233	1734.2735802355185	50.24423925088998	1534.7544173217855	120.0
401	159.52023437561874	33.17893389197912	321.4821883864339	1594.6486292716907	40.261169077868125	1484.6114345281035	208.0
324	843.4130399567244	625.0788095387238	1051.0127211673043	2506.5119722299373	559.0311402712445	1808.4693717788455	0.0
417	806.7301903729496	599.8543284167115	1006.0117009683717	2459.25419769482	568.9453674816488	1676.4162193209813	11.0
308	251.48336073799348	78.44067407281298	376.91351075465843	1988.0878432980778	108.39326595828356	1614.579424956734	88.0
445	200.05413417289185	74.69383985816904	344.47934713490275	1716.331508503331	32.7345400359605	1344.2144496484264	98.0
458	160.66397794414115	33.51926315394384	219.8517393958959	1123.8023580690542	35.91242615760808	960.1427447991415	225.0
376	199.08362625978577	59.0777654927391	285.91671746156356	1294.2856862739766	39.34776425337222	1154.8758023313183	228.0
371	833.5152774247166	620.0452326369547	1053.9193081036506	2751.635870977746	554.7795807343249	1873.3309624631534	42.0
312	225.8121753870745	104.4028093109122	366.24195994394927	1732.0874644301566	40.592620254726924	1599.8522006358419	130.0
545	823.8573167102873	598.0136593784825	1041.021742279827	2493.510035761685	557.1415956191788	1682.7835640774115	22.0
504	169.38368833850507	41.729018555594166	372.3022570563736	1727.3088451735264	45.04049265824495	1580.9428431505755	156.0
404	843.7627698112866	615.6383237134021	1044.8974399806436	2697.601825156234	545.2397814590076	1827.8062008009297	36.0
246	189.42229101350418	55.64577906429907	232.05954206472387	1301.4444991193004	50.31801678767981	1120.8757246868768	135.0
420	835.8347379327716	602.8353824611714	1049.6005252455868	2636.6481166752	548.3439670861567	1816.9297518166547	0.0
206	157.46083345279513	29.108891144253285	210.04510446142936	929.7535786505268	13.888856583251973	893.3795431514235	285.0
231	795.2317051950099	593.0583466176163	951.4549671245891	1885.5744543614599	547.2932230938542	1599.6061089006243	16.0
546	272.4144272307839	100.95139156920324	402.79313340944014	1926.7310978209373	87.17726574695152	1591.967114570574	117.0
490	827.8035720729149	598.8643660116943	1044.328522324438	2449.8260652161716	554.9211155410171	1696.7301147095607	9.0
25	199.4899662923406	76.71199231498912	327.08278697238063	1716.6810191305376	60.35154284469184	1592.7769058477372	120.0
320	799.1589623382083	563.9146720163222	1027.9498908301916	2428.1173798514415	538.283165770824	1651.5157092260165	10.0
62	821.7605815520533	638.9668018713503	1023.269281565776	2543.032658937751	546.5017203656766	1802.822135010827	0.0
77	821.2226135083381	629.5350382949351	1002.1272209892716	2593.2686082768296	561.0430353854309	1808.430829147837	7.0
455	200.66214114797847	106.13148915981155	366.6075145392431	1838.0299613284867	26.03080331747079	1628.3884429400805	108.0
626	799.3068944383174	615.1775258324236	996.4437251016631	2491.01424758788	531.8141954654758	1665.816739443316	22.0
216	557.8150337779331	422.73903646338164	735.2417679665165	2062.785585329089	363.03634271068444	1371.0914872630929	45.0
438	196.34308618099882	33.79719677750763	334.365991050564	1528.153779758376	14.827446668468058	1339.6113223197124	136.0
581	267.9220136158857	105.36606834740888	397.3158025524111	1484.0936064181967	84.70124297934933	1081.1429068400043	84.0
47	819.1655628818045	580.3129263087872	1041.2033005612236	2432.9240039915103	551.1027318062373	1722.4234640945385	0.0
83	700.6434700076961	499.26459033375335	848.0526006626731	2370.939712338157	465.2832444827468	1622.8963429988567	36.0
580	205.0173297116721	48.44920510611151	356.6791629096235	1711.2206822364467	41.13012096232626	1505.6811286905686	112.0
78	263.26181760919025	143.65627865275937	367.87166855620757	1963.0778741702022	43.24411470621458	1500.2357966512157	80.0
391	827.5313554929221	593.3968667941024	1048.043616426069	2689.5709970137054	548.3357888314489	1828.54427519727	21.0
585	805.5615618181038	607.1852476651907	1038.3618712465584	2192.7614693073633	555.8339424526935	1706.843779020374	20.0
468	156.72427740626293	42.49464057087466	320.1350738858582	1491.7795979448538	13.88693185392985	1410.2483974218806	216.0
525	211.79042376455962	76.48810917121541	421.24489283823044	1842.795335562866	23.891641383892548	1635.824654343271	120.0
333	337.62630897991585	117.71339331702269	497.93385367333394	2029.4688641651458	144.9769753371072	1614.051278876249	90.0
147	797.9518940019148	596.4293215892541	994.609079270735	2158.819289709102	501.15363157154263	1631.833642802367	36.0
382	258.0117993226254	82.62760652329969	461.9812947536648	2097.0615867755882	85.10991563472052	1655.5757651937245	88.0
306	819.7391578138403	596.4638369735503	1029.2211093951607	2501.5639575758487	556.7138893095643	1678.5209120568072	20.0
555	687.7539096248198	483.39198339157906	900.2873689571222	2106.8101778914775	430.13875400082884	1515.589824612869	44.0
192	830.7229107339248	608.9947008290734	1017.7245316255968	2574.707266500934	546.029983308475	1843.8927287523459	2.0
594	797.1208278500344	565.939700745079	893.6685514972768	2399.2176959013746	528.0743486968154	1702.911950810531	6.0
71	726.1322498255388	501.9132254383827	912.0693526633227	2495.546386835023	445.5781872013332	1665.8107446186189	30.0
209	792.8128281965957	562.7601012538199	988.3510982926736	2452.517435223541	510.97474512860754	1637.132110546464	18.0
286	311.90040952626487	187.20331301415294	477.2022671903664	2009.061255603224	138.66031583286656	1292.7385747010258	40.0
92	205.23386369357948	51.27853406334691	230.25398295401232	1474.7905092306557	14.325252858448236	1162.2442405920967	90.0
63	750.0199875124326	562.6340440779078	879.6696115457039	1727.1851561650105	541.2999852498754	1527.5070977412656	16.0
101	183.8528178998997	45.45692902462754	226.37551799983297	1278.6238169052672	38.44673776085873	1117.353071065557	154.0
157	826.7641500582348	596.9142559894724	1067.3499763259595	2569.6083210393685	555.8581487120969	1807.3900720814838	0.0
279	497.1884869608654	328.3539056716973	630.2172659715281	2218.812106168938	230.60851570854302	1558.4897830983016	48.0
579	189.44286128483782	56.918860030675894	301.9676367100946	1651.261338740395	34.264357411316	1476.6737634442313	144.0
473	774.8140990339901	584.0550084846813	894.0042336581349	1715.1374414766883	519.5768186464746	1514.44737180485	19.0
182	161.945518762839	46.2887604157104	344.0851880422281	1736.9554315103053	47.178453205374375	1579.8883662878166	150.0
240	840.0426124822287	629.2538548646498	1050.2365965463143	2725.35048963741	555.2415360720145	1870.9057832988713	16.0
565	840.6034553933996	603.0989558859644	1041.5915055412434	2677.1703265687647	545.357117536006	1811.1282907375191	18.0
128	171.9797897517596	45.858831483206956	214.58496453948723	1257.9425942263565	27.764474229594178	1087.4067518900874	135.0
534	196.71287112182634	97.92222436977325	310.1441977166546	1609.0468574667202	19.991035652783182	1537.4957942321967	117.0
233	832.8479976888038	608.7042707064326	1051.9448935594562	2708.1664087718655	560.0170400773945	1861.3707222084186	9.0
450	841.700830098028	600.6884313944607	1048.5239905419232	2633.3643938018668	545.2559984465851	1802.0584762036733	15.0
441	271.4458904722333	129.4588415257056	424.22170199300757	1578.2882994747706	112.04346871693093	1149.2119451130106	64.0
32	220.34096240965127	66.91734422366828	331.2256223466271	1634.3026998033706	23.13916223355784	1340.8688758978744	112.0
537	159.80841068929044	46.4943727883873	280.6551786898988	1183.2546655710255	17.494067751260644	1095.7534947714794	238.0
160	830.4518295744026	593.8821783236269	1050.0484049510255	2629.4199841522823	547.275387760258	1800.642086016802	0.0
200	176.47600016332092	44.23296263302854	325.2047911045841	1730.5724487151838	52.13532160838343	1549.0330898200068	160.0
395	773.1782582630606	555.0878839512837	995.2296670696835	2543.6381144806583	487.4447588445827	1708.6093790962116	48.0
163	195.78466668682495	56.622925505015026	291.96752900626143	1346.8118068037459	45.57168979182277	1247.7107125929763	160.0
305	200.3198510622339	43.626378991325325	286.74940330576345	1370.6341637647224	30.103195086209617	1259.6386931141815	180.0
541	751.1733733492592	551.7905920295572	961.6314902476831	2118.492144003395	482.3598049438675	1613.0963827521832	60.0
13	818.9613617192992	591.2664844978365	1015.7056522527812	2565.4627763094854	539.9221399371409	1774.2763344207488	14.0
299	825.5893794721004	606.6389328919207	1060.9201626491085	2614.0738037619294	545.7837957369818	1808.8405345996844	14.0
162	162.32401201909414	17.323751467118978	369.8545117827024	1735.1945218730625	40.099110441793165	1604.8595883452826	143.0
106	156.18086438711495	49.64325401548882	221.65015574240687	1109.4587464232666	23.121314662148187	1083.289701039441	240.0
51	178.50708505904362	29.80028291384909	216.1410054719956	958.621809361088	30.624470882974933	910.524810371924	285.0
161	416.4592722352454	239.37821475415677	578.1851737685647	2102.108870537224	228.20459135025214	1850.1017344413976	144.0
244	765.7685938099086	548.8689945939998	979.6274461543493	2481.508240526782	497.8548840343944	1683.5937605139732	70.0
415	826.7699269013706	594.6586314854536	1056.3537172806411	2633.417552349115	541.3827956452691	1814.8672911429114	0.0
502	620.6923809080288	424.6975280949024	891.6151367002133	2562.270271424716	407.7096809201937	1924.5323603495274	80.0
493	163.33490672609665	34.77831515931766	213.57192081509123	979.1308206027792	20.089689641201794	922.8672812841072	255.0
277	723.2121298335508	535.2812781005299	948.562697892986	2506.702781622511	451.9772109325835	1947.5574873034193	84.0
447	825.4987988395061	646.9239018653651	1048.1836036292807	2667.847345061226	544.5227070331372	1873.4063938218667	8.0
222	836.4001988496778	598.0395131038858	1059.7182010681274	2661.2053168178386	535.3737586254719	1820.6369910761377	4.0
52	198.4195401962738	71.1169752215696	284.7851169928951	1317.7164357656425	23.1162017203784	1137.8166556830183	140.0
464	785.0076153176324	567.8267359400005	978.4816651613367	2058.1316622000018	505.0894947786851	1630.7016690046858	48.0
588	258.26997532875976	79.61471151272845	486.0831152095338	1995.7509609437075	65.3184321845132	1620.678033294353	90.0
599	843.5478412354721	604.7729810036232	1024.8409073912637	2514.3552387860595	559.2586305283712	1763.7894159118782	5.0
623	758.4097486243015	628.5760035311216	856.2793884303319	1658.7685067360806	494.37720969971105	1522.156604079038	0.0
59	833.4770631051467	591.1621701753377	1060.0459688515352	2513.0425660542774	541.730826099345	1814.4856290010482	0.0
620	271.47875072094877	105.73539659296925	351.9065970485931	1221.2546142059502	54.51189398433049	985.3406388705407	57.0
476	823.1230705056444	600.8532326870588	1052.7083266271989	2707.7075276101987	556.1079068969273	1878.28102477013	8.0
122	258.4671167864672	94.63223053581757	406.0882144766869	1431.685273986962	85.35836593901112	1083.2906337292059	56.0
474	214.74846768572226	100.26803410831437	316.3492780308262	1786.1801340176544	20.00605179602104	1327.871526315712	72.0
440	190.5199756568038	18.664039459400346	348.0812294972559	1694.694501361252	33.90257848585381	1489.2587587541846	120.0
466	808.6143349615455	570.7734529217487	1043.3811379232932	2547.711518699154	542.3980292035868	1784.2020234706038	6.0
211	777.2606913594807	568.2108127181262	939.2870928443984	2341.062936934009	473.2983281637382	1702.2100484469804	0.0
46	741.5442121554564	573.3780307937071	986.8080313359227	2160.884438924601	481.47651830715864	1644.8031820647816	0.0
510	830.4804589526894	592.5564707424578	1027.57534782995	2520.640235826929	536.1248048835178	1811.5775797997405	0.0
6	797.0872985201759	541.2192785380889	996.9657458486606	2462.0414656518083	540.7187741264926	1699.813900436854	0.0
381	196.63336501293784	90.81770142005327	340.6134331300146	1562.5184220119224	79.71901096994691	1363.4388490459767	98.0
23	677.4769099677221	476.5627789530112	828.578894347668	2188.561841413132	418.8921147336731	1501.8238749535046	26.0
472	201.6731344269533	50.40293884631375	307.3273428028693	1703.7464629005735	30.86995059605792	1618.1589623321956	110.0
141	778.2879636820807	583.4915061765191	948.405104464262	2246.705320897484	470.3422296918386	1658.4820999914236	0.0
618	192.87625762383047	37.272717714361654	307.95527678929255	1602.032518085757	32.54669374341791	1507.0477119893262	140.0
615	492.98683858637514	333.5782024978311	694.8365260032585	2173.427816218746	265.92796398404636	1556.0507942385982	54.0
362	229.2164733949366	67.86866132443365	360.0239460838916	2010.352644044266	44.89633063951254	1504.533556387885	84.0
374	245.62399595925118	134.51992625387058	319.0940610487685	1579.914683435855	74.46619651909052	1140.0506722665914	78.0
508	834.043100610988	633.5881155529536	1042.716991887508	2612.913753025175	550.1381910831805	1839.5368932625781	7.0
186	723.58296486778	546.9683580965587	839.1541993967543	1567.5239917864924	499.05300752213327	1436.9225835265554	0.0
369	781.063508494361	599.7135073344105	900.5876027427591	2036.8995197257195	491.1562230210369	1632.2280384126811	9.0
41	791.7445130853134	585.5307696982834	939.8288475982587	1785.0019807507374	531.1935816063201	1549.957026516897	14.0
416	177.37846879812457	24.45810773228057	253.49852743335504	1400.0413916942266	6.39787664772092	1256.4899594901917	144.0
442	161.13741571352088	38.40964948154208	307.0712151482532	1650.889892948663	23.052981041446756	1558.0579911502152	132.0
281	496.0375811801491	314.6168218955799	631.1338137834405	2092.251247890018	283.74399246305217	1595.7114667190044	65.0
292	787.5929812022625	582.082467445591	914.8487817508726	1868.1759164611206	520.594291255917	1574.0266484799015	30.0
422	801.7579783555179	566.9239840958592	1031.2514705063275	2367.065065929158	537.3251274787501	1573.2981749493308	13.0
400	829.3379256512061	585.8878136709823	1044.7137718336678	2510.1706587726594	540.3127740425074	1705.0217363276763	20.0
300	210.56226535793235	67.13639050414459	295.0153721788574	1452.314313125691	44.33348061740304	1278.8993257836157	112.0
314	166.3562518363365	33.73837869882661	236.52718023634537	1291.3983598680795	13.888952128281389	1146.3694514121241	154.0
342	731.6425480731757	570.6434348206662	838.6289381333315	1599.2448207195991	494.9662594556663	1454.326599835565	0.0
343	230.5256024586765	60.2969525007467	344.69036232339533	1778.2529022613573	48.1905230753547	1664.6865739064647	121.0
427	730.5905429762339	523.6479648174557	919.8879086277378	2608.5618146093684	444.7490744111932	1798.495656869253	49.0
75	192.77889746106086	104.52815334248326	301.2129739341025	1635.6270269811268	31.97638002727223	1581.4529202872639	130.0
366	259.2173642284533	101.25091187573946	384.0022630099279	1980.5069783096892	80.07324521127497	1645.935781193528	90.0
37	752.3640663518246	608.3895064894781	901.6629743008197	1761.4279902897695	537.1306591465076	1553.7006059236498	0.0
208	812.2112500224393	586.593892581288	1023.8576361664306	2516.2116035860336	506.25305973181474	1763.524320605571	0.0
357	803.8164905888214	581.6943120230842	988.6215042599455	2420.620798660864	543.1338841790763	1626.5047160304994	12.0
434	597.110286262983	458.59013660652255	804.2302716067286	2367.910645872076	378.63828130165257	1564.5441605797507	40.0
389	832.2586384968026	609.8221166114541	1048.6322714017263	2585.50061699806	538.1724557468307	1859.1848982378776	2.0
282	210.30471295491157	87.40603994511294	235.97122426443343	1530.309133412592	30.62968149164054	1217.9640561906272	90.0
595	229.77290506533242	108.89621372713624	330.25053075029865	1712.0427118668094	43.82702948183687	1345.2458304345635	65.0
522	191.06477243074485	51.40348841439645	258.2060992447408	1264.8458495975754	26.95284969563697	1116.8835493404533	150.0
250	258.20121106308017	107.42761158412661	401.1825327845812	1753.8607841011803	24.958644099688534	1413.6099296516923	91.0
309	826.2471100807576	591.4801563281711	1001.9284758809149	2619.7248626420183	536.0683689954301	1840.2825506369877	8.0
485	168.59893506595054	38.55754451678195	373.4091327608169	1667.1821003322038	13.890456106891637	1580.8380329663996	198.0
149	833.7656868083599	604.8953035326614	1047.3952301711054	2592.926426544381	535.0603856784141	1863.7904626219288	2.0
481	180.61263971573368	74.57287772910324	384.9148709155523	1795.8245220793294	54.663849392601485	1608.2257718114386	144.0
611	407.40305366151955	220.0042639318407	548.1970614689042	1703.0560997527916	202.71337720271333	1240.4085375963261	84.0
372	238.81599551949688	114.97491836572156	334.5641558818357	1467.5205293987235	27.082118685397386	1231.095846152007	120.0
188	793.1600697811912	572.9347843537302	999.984584521552	1913.9408838606582	496.231560662056	1582.4440568735617	0.0
495	652.3458861811765	460.01040057516224	849.9775254383596	2382.7072733032064	412.00673848418063	1712.28936174505	54.0
453	553.507540174872	385.7090798387179	693.0582313460188	2217.2784023328772	344.9543068022686	1549.3933638759106	60.0
307	167.22755858802415	29.60950571426535	225.31188401431993	1071.7670146398434	13.888750411820956	1068.5991821289256	240.0
170	839.2545311306916	620.3743236459314	1063.3269198981056	2732.1831661375672	535.0656724436961	1869.9158188538393	9.0
505	771.7521480151153	602.1622016872384	859.9836507813689	1699.9507535398693	451.43833418813944	1536.441569649952	0.0
370	808.1165936479246	569.7856136539145	999.8385895838857	2651.414519375719	512.0067466964175	1800.1048490420987	36.0
542	575.5832012566783	364.77438285338417	737.1688710209387	2264.0570388415667	290.8274995512035	1612.3244948778922	54.0
497	823.006266964214	585.9050111898575	1045.7411906739876	2576.6483461562266	536.9617538559738	1837.4742847447644	4.0
563	298.31906168692643	137.2819451761297	455.5885601057282	1782.0938259249667	91.21928271975248	1225.7073564711727	60.0
68	195.80170705453418	35.82816242569895	373.38993983481	1716.1561615040507	73.52405595175716	1495.3931522547578	135.0
43	194.8865344807074	54.03373057398808	302.23856446995313	1612.0868655447493	20.205672574778596	1503.0462842603783	153.0
20	789.4662203404874	591.6148813050412	929.4633253220901	1759.917933361054	542.5335718337044	1544.5687506124398	19.0
515	261.86884416992194	90.94422843531729	412.7692128584511	1993.9069258139139	63.75793157401828	1697.6083977839567	99.0
633	779.1768627467558	526.1695449863292	959.600183773543	2538.4133087776713	503.3706687266528	1656.8107750860288	36.0
619	239.55202936854968	70.95324086830254	400.80376571321034	1970.719640960579	39.36629226134206	1693.7697205609259	99.0
575	807.9001398016425	590.1218861661307	963.5666478686805	2614.936197149638	552.0039772185785	1820.6333253344844	5.0
273	565.9091516097027	400.1974049118854	691.3802308909322	1881.8994791796424	342.0132046284937	1435.1414287831924	52.0
351	229.48535314518435	42.85420549652156	334.95940075390286	1918.9126215155768	16.214172535615628	1609.0097796325445	88.0
500	200.65280491478163	105.0476142199381	264.95692467771386	1872.1500766991878	19.50064763605257	1627.7713340732107	99.0
280	201.05791570434718	62.41827090746411	280.30677591483845	1432.0462824673202	13.893470536911705	1289.0057158417858	140.0
583	187.69661858967876	48.71661394951669	262.2027854851822	1601.5357596061428	14.8139917773682	1447.1098303038827	208.0
49	785.0944390780975	574.0192074917633	884.6153031300627	1865.0037214296435	503.0221450902052	1568.1900762584637	0.0
394	792.9540197359079	628.0447244500741	915.1329812078914	1890.5768877112703	547.9317183796815	1631.9301096208467	16.0
136	619.577177735838	414.398122549425	764.1167454008976	1928.6316443622463	361.70705890907715	1489.4578022364349	64.0
109	793.8707568061095	561.4160367276952	901.9563540236006	2259.9706725369515	531.587085511424	1666.2320950843778	0.0
219	233.34909887371978	73.37711698759057	309.8865179056855	1730.0144256761082	31.974934095877195	1347.9158369958411	84.0
173	166.3666311691385	21.955111433108836	215.64949959394008	935.4933074688929	12.171120551988187	903.2207787733569	260.0
69	290.39685905499124	119.37572548438028	500.77823407797547	2031.2174085377635	83.64604880902623	1678.1014613973039	104.0
288	823.8894409284657	596.4039894846675	1041.4296918542386	2535.662659486824	528.8509594355584	1813.3803064171786	0.0
564	810.391179735176	577.1126338395587	1022.7300312600577	2480.9591831647385	502.02101342620614	1769.084514864192	16.0
405	848.4221685949066	604.7905813459206	1048.007036318818	2724.314880416076	541.6119944089822	1868.0889941638748	9.0
80	187.7274064903278	34.81543246385238	307.65672986821505	1638.8601755070572	27.774135275350226	1527.9512315655027	192.0
461	770.1782031959003	568.8647897190901	888.147951115351	1894.0335362486699	454.6582974429661	1574.7306268225498	0.0
144	638.6615836811533	441.9060239701049	744.2630532853041	2029.7065200339264	386.82339797909543	1499.4049475164993	55.0
205	807.5482936841483	575.1602690433601	1018.7003519590655	2466.0668172285764	487.71026789593265	1780.5507746412684	16.0
313	831.0562336513218	626.756795113132	1053.785486372811	2639.4762875593933	535.9346487538902	1874.3298403951937	3.0
166	796.9196912751692	531.4142012171728	980.6114158252908	2444.853058062635	527.5054992354075	1654.7675629101325	10.0
8	207.3479418220157	41.89255506435078	315.8363858592403	1281.740857258433	29.128189880825765	968.4296793805199	95.0
255	752.79512184961	535.5422554872283	875.2748337772656	1894.8730636448745	474.1899276577165	1567.858751474829	26.0
258	761.2248322843394	562.0687808554736	986.864558406793	2194.3729857045746	463.0031271829695	1680.0624831423422	0.0
151	209.54791071789376	139.09888185189166	323.99621168877604	2001.3360164431356	49.33020692735453	1534.9364126153464	77.0
199	227.93382958523682	35.37312827607004	295.6484612776489	1427.3312899568732	85.51240904557852	1040.105629727964	75.0
587	839.6235375866456	623.2135215090145	994.7204214276177	2753.995090124936	517.9375615201784	1912.915402510758	6.0
53	683.6164457828729	453.7025546697357	852.5732189903699	2458.7192528133846	426.26829400103605	1646.0487371825259	30.0
252	761.3286122501287	520.6169824065431	980.5528448540136	2378.704273103821	522.6244582599955	1606.6845131912564	0.0
99	744.8223582739788	556.7248474842374	823.9701379448544	1489.8167198023302	445.10061997713245	1418.5944328727905	0.0
410	166.31866771688294	43.206109694229355	205.1476456523632	1085.555169326479	1.8467843137254905	962.94458407597	240.0
465	789.5292366727773	598.9126902855019	982.5840392387164	1954.0099731954374	459.3860480518839	1628.672386179076	13.0
437	799.3147555619926	572.6442782357352	918.008892385789	2303.1077569657214	518.654189335813	1675.6815116534394	8.0
293	202.95755061661188	98.47339414455281	347.07104268357153	1695.8442825420343	26.521669689553114	1387.8229661942678	112.0
105	758.691486440573	530.3907898478019	957.7047434080977	2330.3131568126355	460.8505896862705	1667.597595449937	36.0
50	220.1756272143443	88.67713217751913	326.465688934342	1683.2703297312253	20.99538770867933	1276.921132860983	98.0
572	215.44631719096708	84.31662711940012	329.83580382120783	1723.8209609912446	61.212783773423375	1370.8834304091292	98.0
591	288.4184120957895	140.68987896378894	435.9556717964833	1508.4851768822741	104.31658545602991	1102.4265317200447	76.0
193	763.1430241401406	523.2610942615387	885.4753537343375	2445.0193955987434	452.1671190566471	1658.1874756807015	40.0
435	824.1702908080655	633.2718506681106	1040.4345639865485	2637.5544737759656	527.3698013225576	1890.0948685315477	4.0
260	177.2009171400752	38.91804124628988	266.89402435710025	1331.1282471194907	33.42666445486078	1270.0771704580284	200.0
318	824.5363153352823	622.8898600375129	1006.7987727085343	2623.2016812278507	527.9486400233551	1884.9208194918158	2.0
454	800.2535174834202	528.3744090068013	987.2475211928875	2417.6141082892786	528.3977553815224	1651.7898950594692	0.0
624	814.0867166112248	581.3504827501838	1006.3779200929547	2674.71406302642	495.82646777065725	1816.8159190523713	25.0
87	820.1144477167687	576.0603034136008	1023.6873630245278	2669.834069250527	508.12114969177134	1823.8635823181485	18.0
601	413.93498769931847	229.8281432192644	428.9981717476172	2042.7464420337342	187.14330041867333	1398.5630215316148	40.0
291	238.34662844635798	121.4741027395729	307.27360702178254	1882.0849645573026	39.867808645765216	1491.6477238963014	91.0
111	173.42737144948615	34.01347990282034	221.10269532859712	1152.0754107179448	14.597603292353387	987.9325120092675	180.0
302	819.2735725246283	573.6129370066716	1040.6877457236417	2662.3596437013184	527.2539965276414	1848.1249835038236	5.0
19	483.2410748218023	321.84300100590036	533.0277813688385	1909.5488599349292	280.27319841940704	1351.7175380331223	56.0
287	823.8314622782351	591.992145160988	1015.0457902629747	2668.452639955543	525.9246602567205	1885.5404682513943	4.0
4	717.5959531213165	514.3058052849395	905.0863031802337	2500.254337881529	451.9555736446251	1692.6671931106937	30.0
66	267.73145931924796	118.1839714653395	402.2086985056482	1751.3630607507203	65.27762750652249	1211.609877526247	60.0
471	238.6014170597632	63.418465054884145	297.1195426061594	1207.9831657693967	59.63096630124039	929.4122528356078	80.0
289	733.9708069185242	497.21829271979277	933.4233756492933	2332.742648988977	471.1128578352679	1516.043639141544	28.0
213	822.4762607402776	589.5286309139625	1037.7746917621332	2737.829811491122	519.6619168234047	1913.4869549553885	6.0
528	279.53155600991	190.2305366677013	386.1566754130546	1738.4098630341994	95.77962617498741	1217.6988706618288	42.0
380	313.0092998408725	187.19056745970886	414.9725931163096	1374.4272116280804	113.47633808874484	1128.4981087960743	42.0
428	187.82514647001832	60.52555551363065	278.2373262131207	1677.9737723785868	27.364423366677038	1430.0912062639184	104.0
158	573.5468239461001	398.41835641476786	697.14980706315	1731.8737855755064	339.2395596089166	1398.0342248841548	45.0
39	801.3114545126195	581.6866383623585	1030.413399278143	2505.4513082735994	526.5610437864138	1744.1643683775576	0.0
36	695.8954773479886	553.8048596848336	820.4058945613795	1519.3859952852736	441.95594922484077	1444.711706852254	0.0
156	250.37908497370475	64.0003151937869	340.29605105727484	1327.4432832021337	71.32870465828276	1028.313853536194	68.0
24	185.07274495025888	60.66332138362149	295.98873659326387	1644.3798887700468	19.805574663402695	1525.3534777132138	144.0
108	800.8868767157068	560.9707071082604	990.8471310277483	2395.4143540387804	521.4906042910994	1719.6847412948025	0.0
635	824.011986673425	569.7659753059692	1042.6661077906979	2524.9440108097133	526.5327321016861	1818.050703749726	0.0
152	271.99303703187314	127.2737417710038	441.46516463600045	1708.8910042306536	107.36104124042296	1174.5624195022376	44.0
377	801.0169224103628	567.1783498103322	893.7449316370689	2426.238850182243	510.74985212025916	1731.4298712538905	14.0
559	262.3201453659573	103.4936867342485	405.03330119222653	1876.7607614581273	97.61299046427452	1213.5367615245398	42.0
451	210.5912838055229	65.42398624552104	286.58610568912013	1323.6867075134946	32.935216494920724	837.9793288293595	60.0
323	207.89071536705657	39.44657368008887	332.1675470870227	1453.698100378658	86.36604740061739	939.748091226864	66.0
337	629.0053762948926	445.16051934203375	715.9915112103947	1784.3055083739905	418.0266002595426	1338.1706894404347	33.0
484	283.5297031590058	137.967214158768	369.49214624856296	1646.83202620956	120.35934774539564	1144.077160611531	48.0
411	189.0949437949495	77.50805912567968	267.0741733292369	1806.7979751956773	49.11033982606866	1415.5562525191713	77.0
294	715.6634425119665	537.1319092631664	879.900924645416	1564.0066664828876	430.39413559817615	1366.775389397148	18.0
345	158.03324137415686	28.943060843342913	252.77344496928856	1426.7892882678707	13.932490662939385	1270.9790214819934	170.0
202	261.4828760914028	104.91286646256833	408.24788411818963	1360.2600207291566	119.94364105700329	938.2709601603664	76.0
15	251.33094669415226	104.1850515791385	397.7458827828587	1854.8810727688715	118.20818708851216	1402.3337469415167	80.0
332	714.1165687007226	542.0361967267863	836.2054982911376	1713.191130218866	499.2666959135833	1381.4263980701512	0.0
268	748.5746263295605	552.0003359159303	953.5230757798233	2029.9253550591952	505.49582333427526	1543.3233220389639	20.0
114	619.2624993914912	434.44899064257703	785.5899397166311	1763.8778378423726	391.88189357786257	1357.45120400009	39.0
230	206.93137171326924	83.32694048583942	307.63613521241365	1436.2960244520668	40.97665843425192	920.8870583806258	60.0
264	700.9264789735538	524.4341083820648	774.7451875245737	1712.2291966047233	429.86150152712565	1410.4431863650893	0.0
355	286.6300533618901	142.3882008531171	457.6231139669895	1539.023821440636	91.30132860699769	1019.7328467392847	44.0
503	289.0126125160225	130.1196801442535	398.53743903561684	1810.9323984500647	58.72852704302033	1236.592437991878	48.0
322	730.0474551324453	550.1032393061375	932.0379654225973	2166.747749967131	505.97002538160507	1402.424279460541	13.0
112	176.72596324800395	70.09001946631825	235.0034265765831	1299.9020977341852	36.26908107016811	1087.6960081809407	112.0
593	218.93609318388192	44.329470482068636	330.0363718446885	1346.977711917076	74.98174752819382	1081.596766165901	133.0
278	276.9625284262404	133.7165748285187	397.83634143536875	1806.0830902520222	102.57459835573411	1304.1716752924387	72.0
218	189.59435435100715	43.99151532071187	227.45221420740108	1558.5468135819713	37.52758137692357	1351.235934799765	100.0
347	755.8263708343009	540.4824596593678	939.3298299494265	2426.1281829629183	500.8676103709312	1600.0819950152018	30.0
259	632.7183831967805	463.2858399758074	803.1961423008203	1949.9513956408475	411.2923034239011	1380.1954628207181	44.0
360	167.8440226817828	29.801799096341064	261.76482224648976	1511.8177578158084	14.699869572601274	1340.6442861817366	165.0
228	695.6746917073347	509.1944994864638	861.076229752551	2010.3467284547517	441.5077278551304	1435.9930271362707	44.0
82	725.7480193126208	544.0484982700399	812.0468625108938	1680.0138906480452	467.4209774961968	1394.2966823669792	28.0
368	766.3822764725206	564.448915773222	963.4498238320989	2412.792140261593	503.21878520014445	1662.411425308951	12.0
18	766.9749146233287	553.5717477721316	963.2444104139629	2491.4053792499735	505.71159439156264	1696.909758387385	6.0
74	762.86796028428	564.4857230087431	963.2416487075894	2383.3948586172446	512.4624587905481	1643.4505011468127	0.0
203	752.8836699412791	553.4709582654622	844.0237313385344	2298.2634886201004	514.2944263138432	1597.8972284731626	12.0
610	157.9624491296163	45.13100524501618	232.7957467702401	1274.50394394388	19.801905996634154	1207.4735335689195	144.0
115	148.937431883882	21.190268137495543	248.84376962414603	1436.6932943603317	16.15316986808829	1328.6888260433532	198.0
10	703.4173957485104	549.4749731347968	895.9547086662126	1699.669945650207	439.12609586675524	1424.310266831746	0.0
418	192.73056901401335	70.22127672522029	252.17039790878323	1219.4707856097768	74.9725768036693	871.2814027004854	102.0
608	725.5573004346879	526.7148375473048	869.0845782833328	2294.9611401603343	478.01868629729336	1536.3478040161476	40.0
636	547.3045240511661	368.0612932311283	705.0056145464849	2151.7388801023008	326.72283723911653	1487.8853581635929	56.0
107	752.4892349877989	555.3684962980124	900.2272868941611	2336.8734356694026	492.41485362890324	1599.840185983984	6.0
530	161.7097106731924	99.26523278261425	249.36554771234353	1501.9659374731662	10.965408998255064	1398.8374832850516	169.0
532	189.3697709085703	105.35341960945017	280.02258343383767	1332.40008795196	15.175210253139973	1170.6604589878382	140.0
631	668.293627834553	472.7948757663219	813.65704293939	2286.2509576030593	410.94259113978814	1577.1859498208005	60.0
129	162.0735063651596	58.75632714564235	232.91874180730014	1086.3753805981366	13.00393586376345	959.3437470261686	238.0
55	679.1571673369128	475.80102604772327	872.3789542261037	2248.473151466806	450.6594349592305	1609.0618138394868	63.0
538	239.2569277326237	97.77337180462082	431.69878887832976	1806.483521450892	71.27789344967039	1601.189322991803	121.0
627	742.1671309467316	575.7271006568276	890.5786540076167	1732.209757640925	513.1504504495297	1444.411350093632	36.0
407	780.7356053489733	533.4939380175437	977.6707792825778	2478.1972095429483	494.7876473046579	1677.2668412424114	24.0
215	145.77679972860233	14.556274698301827	173.609808059914	815.5004690559894	22.276494020524062	773.0421979394121	266.0
175	184.8147020122327	88.30083680541202	298.0950157503296	1536.1037224186255	37.022421180411335	1340.6441023884825	190.0
197	772.7975375743486	562.0672876153902	964.6306122681494	2467.031958942569	499.86199422699616	1672.0523551226097	15.0
159	144.1712172821978	25.313586177057026	209.22322712132853	957.2344637258184	36.783712806000835	966.108148987973	240.0
550	779.4859151287301	574.5257084482379	959.9147021470662	2309.4072177539438	511.52370387114354	1478.148640954908	45.0
58	513.0136970429674	350.8044401952622	689.57923465109	2142.296364605587	303.64704898661813	1797.204309298039	100.0
242	559.2558124713148	414.97413167798567	690.577113039188	1799.5987201798823	355.57319529031923	1325.0040299277343	90.0
254	764.6766318703058	540.7616516718507	957.1376796206729	2402.4616260357157	492.0801804301227	1556.4532919151634	40.0
164	757.0597040499559	529.5184189200733	928.6265868128795	2414.2212417533124	476.05906632317027	1603.8797012514285	40.0
359	200.2129674928366	100.07807304604653	371.0709970853661	1685.2845094834422	64.4636664260838	1414.2926562935784	120.0
551	576.8522175043804	404.1927914590016	674.770339658003	1804.3973871123708	373.68991277324994	1352.8600994144563	65.0
150	510.5822631652679	349.67633616734526	599.2190887172949	1921.1510795382228	319.8008133967385	1405.065704539545	70.0
364	758.620036939142	535.7387779889108	950.829962116553	2243.2337295377984	495.0777393160613	1488.3165869105535	12.0
331	533.3611128133261	372.13232273306704	640.6180441956751	1527.9432037814452	343.36972105524376	1213.702372968737	54.0
139	610.3627455287221	411.1289867262203	791.7699372145714	2303.562420625709	369.1204221837355	1569.1665255223331	49.0
336	183.59415764599134	45.289386996920854	253.4124801676746	1016.5141455244376	25.221849537058624	770.6741653940247	120.0
86	207.53455594218966	30.444520431905637	390.07211833545426	1661.5252649131771	61.61768047525587	1427.9276259883288	117.0
487	770.8103987460514	560.054254975764	973.9838161063109	2452.0838522022077	506.4154507318537	1709.8759361936848	4.0
270	160.93022140399802	47.98267782182567	208.0857184232327	1146.8152490633406	21.650375623647843	1010.2832716719449	135.0
130	686.6108351826356	523.167949119874	781.2454092605775	1564.3001253292464	430.66192646162256	1356.1611553897374	38.0
81	746.38565412614	535.9351715152733	938.9965467345596	1835.2297805251214	471.8969007518818	1449.0055597018784	12.0
513	777.5858725751178	554.1414778245828	964.362013489483	2418.5713474050895	491.9508579974013	1638.5193098805184	15.0
577	196.0950388686565	82.80789659906128	299.54104953241267	1546.3855809932159	50.39341684574535	1346.974695294194	104.0
148	143.582064217925	32.22134731464847	214.04345990823455	1134.2031101290552	25.018504300100403	1120.8086160197624	200.0
176	497.4223080275062	375.58343261779015	652.7303986772865	1616.664233440496	326.87039763790904	1233.1105931592745	76.0
94	729.9718226543356	510.7283018082379	953.8740599724186	2108.822976679223	501.7001832102832	1389.9595249817569	0.0
319	159.6825687193384	19.312397149587916	271.32190782813416	1452.6932204948143	13.941982667396461	1333.616507772812	195.0
408	163.7797088649851	29.69414272739576	232.81178061245902	1012.0231670817219	16.19053811976689	864.8311793307118	240.0
56	739.3790787101225	525.4617325635364	975.1486389718395	2406.42931459831	482.19570617237906	1647.6003526961229	54.0
637	189.8694289575602	63.32758044808028	302.40571875030435	1275.4487876154503	19.665297532487116	1113.4143883788377	160.0
127	726.9052069492107	534.0098343729304	935.2411955575716	1694.676560577556	474.51053848270936	1404.0216032388457	40.0
143	768.9786338665886	555.1082470441793	971.0692960095158	2383.4664699192617	514.0097315549765	1623.6058818819401	32.0
509	749.3426553464342	527.780603189343	937.7859101351762	2421.4436397289687	475.11499539197575	1618.2157818602905	40.0
386	643.2307147995641	453.39044716769786	846.2734453965396	2227.8297524242603	388.57400501076216	1551.372868292479	50.0
7	165.1278836892677	43.631705090011614	322.40316712347357	1514.8229687497392	17.887109856287793	1421.94537592483	169.0
463	744.688773401982	523.8975563133522	947.9173735538873	2276.5078212208873	475.65167410873215	1470.5369845280588	42.0
17	758.3596832664238	542.6616362136964	973.2239338851934	2430.1606023329027	500.65558967046684	1656.4887015514419	0.0
85	742.4668480122418	523.0888010291773	860.2515667965583	2208.8600798462317	497.4432187541408	1582.9966413326174	16.0
72	559.5709702038912	370.5837989093446	694.8328459094074	2112.885446679965	322.47616034550265	1416.2894913181233	48.0
33	172.80602119374043	45.08691871937808	238.76879975002953	1323.6873023695666	45.81436836034171	1105.9798866334158	119.0
634	741.2602631899699	556.4072387156567	943.1985620966445	2458.7958660065133	472.76137617012574	1641.4110182513923	30.0
93	177.67353103063363	29.730707370119415	256.61403791661206	1213.4352532721095	13.937031609195403	1047.3408141757811	168.0
185	148.99282139180815	28.841019562376317	186.06685364557282	852.0947837837687	15.992276099553534	811.0925193231986	270.0
181	219.14879899020437	54.23390657931506	310.6316669810262	1568.9288763500736	22.359516519719605	1398.6119280411313	168.0
235	615.1754080094548	433.5834947621631	838.5966331603024	2366.0989940024947	410.5724566624595	1879.7133877160868	88.0
28	148.45301631488394	33.06304453792968	184.64289825959202	909.7676560706935	13.903947507812914	842.6738718202926	247.0
469	745.5882981155451	515.5213711545136	957.6263635174225	2142.2164707101715	500.04692897782127	1447.3483298328754	0.0
339	766.6575478552298	544.7637125224611	970.2525629667373	2383.539593628995	506.45926353437557	1630.9560099240891	16.0
1	506.0733828515647	335.9419727795338	575.0782091250746	1996.5368028737932	294.528618083418	1488.363646819717	84.0
354	213.8428273916132	48.522541786479124	370.67297301824533	1707.0994285053578	77.89217323905012	1487.9419976671147	126.0
573	186.7421243368015	35.640296152068636	269.2538252212146	1461.4281491075305	20.884448007404522	1326.5385964021903	209.0
365	646.767955260608	438.8961180953578	801.0991058250412	1777.161947308822	394.4233974191532	1342.304447164204	76.0
496	747.2646097512742	527.3314361468385	850.200418457623	1976.5021376500079	499.40940497140036	1490.003417446008	10.0
423	712.9863112638727	477.894769280225	898.2769205064017	2333.0312833807675	454.66412629053656	1556.5889913942872	48.0
516	716.0227742576931	514.1384699915786	915.6030879490377	1706.6997437626364	470.8392133482495	1405.0786048329705	38.0
549	189.61019950038963	36.83294051398068	295.698958553023	1553.747634932837	30.912396578352208	1403.5973934459744	144.0
373	211.70412391237303	76.36274243913188	306.9086289275691	1595.1323064805354	50.53637711294819	1434.085557318175	144.0
492	671.1592730283164	492.012629549323	853.105083153654	2077.80602922068	433.29842329691485	1487.432464720039	55.0
57	722.2684465317976	549.503479890568	860.4550112589397	1712.403586886021	500.6883251153655	1448.76531345222	34.0
436	221.95278959166913	83.46020388432622	399.32045964562843	1888.8646169326848	116.6121191702854	1458.8556340578555	81.0
210	205.87008805173798	51.299373690805346	322.52816034585663	1420.4708277131424	48.90047476324048	1182.7021947531855	112.0
531	696.793148370641	555.6729901716013	845.3723773434477	1671.9222006816242	424.1196775579583	1442.783094482077	0.0
132	187.32196583570624	30.37009347672192	370.9792286127907	1615.8573596700162	64.72404467545647	1408.96599620176	126.0
524	195.49984794759112	58.7717236280236	298.52446116538846	1118.0307725808618	21.92165108042967	811.362601093516	120.0
392	540.9701179169983	339.418862596012	650.4538849176369	1582.8301738053333	324.70523600082686	1224.9915427118553	72.0
5	754.8784661534171	544.2272140244282	966.6090336438281	2330.079947227611	488.863388402066	1593.7329415401748	7.0
275	169.14708805960294	34.311315939034	270.71832493947966	1429.5279211398554	15.441959671872313	1278.3310346850753	190.0
596	180.05782750124675	18.531182071231132	258.48532680071463	1066.874694490502	24.542013931496907	886.0167162054285	180.0
361	771.5105130898359	581.4170021583254	974.8249760764625	2519.1135128835544	502.0179758621352	1703.1969718115533	20.0
352	756.6513422445983	555.4452998483612	957.7716755266358	2484.9870051225444	506.58001246962897	1663.77650049723	18.0
526	729.162859157403	521.0079897400731	927.3074671579548	2177.695585150315	459.4961517567444	1526.8952188330627	36.0
414	248.527803069261	57.356621350110935	371.3448509029017	1418.341555385581	49.391965540872114	1000.8121095192986	75.0
237	518.4601778356346	381.52815826084776	712.6493588042302	1719.896968624237	335.1453003579768	1314.0724484579519	56.0
204	277.7395548725179	85.92488421890947	410.75732026153963	1853.0891529454054	95.62907553515343	1387.616828474413	77.0
12	207.17713422249224	90.62490578039319	302.439526298247	1606.5670405410533	36.515379164602756	1444.1413478032923	112.0
232	201.97175244657097	49.866858227570255	278.6758901161031	1339.5122814592319	78.2287010905087	1093.3300523350783	133.0
514	756.4475295811917	528.8644534113588	961.9784977929775	2247.7966030835996	498.1380401480646	1519.8927787416912	12.0
172	458.5233221351473	289.19686096640817	591.6887062219585	2086.9590915219073	273.8970509325111	1547.563534566951	64.0
174	201.84447574168595	100.64606238531726	304.238783136814	1804.9768337517355	81.17117393029989	1397.9880705246906	80.0
403	761.5642857116989	558.4473269169863	978.0918463710053	2435.81106914071	502.62923756810955	1679.6762752839106	0.0
315	200.74607019619404	68.86010023743252	333.54733645787275	1719.6888461722147	20.7549949895821	1464.5773690918572	99.0
44	197.64869672909995	28.933563834559003	293.39407578081114	1535.7059355289168	18.459857355717496	1385.125782061054	144.0
480	368.7237494978632	251.73841686186427	409.39370413923194	2109.3943199967575	217.1785259128751	1597.9809632490349	77.0
30	194.09996685398664	60.14413026639258	267.57751453716685	1476.4791080681537	34.07303822852147	1389.0998207705254	117.0
501	173.22556451211636	26.569595760531154	290.31802612342256	1239.8896524925187	37.278147752603104	1106.4457199463027	154.0
379	763.0302721287906	535.1332760362768	975.8030841686999	2138.0876386706937	497.5660617657797	1567.6734742465003	9.0
578	174.5152774617525	28.93530471683723	283.2611808987893	1242.1061421680029	13.902724955703967	1101.4809686254346	168.0
533	752.0785294050844	538.3244635785508	963.0427260146321	2244.5991094668243	496.85618307074134	1546.567517885	0.0
167	760.6462101359539	532.0402076025221	970.8354118206097	2327.540973801942	498.06497417589725	1656.7707817041996	0.0
110	757.3863952386132	575.4096625460428	987.5992685490451	2477.238969854868	498.9697784306877	1684.6270786862813	0.0
520	642.7668398808808	461.38271017091625	755.8601096876266	1566.4580613687747	425.1185201574551	1330.036199614331	34.0
449	233.72620189109648	112.91267308780746	253.6436402650592	1539.6058475158839	61.01509736417439	1070.8434724157028	52.0
88	227.6161446366686	50.39442875171132	364.5087367237329	1354.5893593730868	70.09823359568392	977.8197003369448	70.0
383	278.8239134015808	115.70146514632572	402.2949010647569	1562.789722962882	98.46813588024087	1057.503896684436	56.0
561	193.52435443732963	79.84885009177725	317.79323885673017	1661.5989512275362	18.25473822218689	1353.5030403755356	96.0
375	734.5322491644637	528.0821007775941	924.8895456109288	2244.0640448176077	484.74207762763734	1462.7183165081076	26.0
177	704.5217422372845	475.20496337504557	901.7078080562525	2378.9163320314756	438.9643149434507	1576.9153219495	30.0
424	185.04586453571676	19.190750870743475	289.8853633731024	1294.7668986303506	56.81389164897035	1120.3927298799217	133.0
413	406.50208611030683	246.7010878176409	470.28783430765264	1628.3367393403907	238.47351535717118	1182.1966762515801	60.0
248	693.0968570724016	513.8140811238985	786.9479655214872	1892.7434793890243	412.73299197574374	1438.10337264744	33.0
491	772.5463267670632	550.5106169712336	980.6382644672267	2461.6110852472366	494.0540346839828	1639.330446135212	20.0
35	760.0756075910938	519.0203152984633	905.9354054029465	2483.3264872682967	488.1166298463216	1675.6897426968678	12.0
402	621.0515265866389	413.7013642377189	753.1618694239356	2190.2444165981565	392.08292886505905	1456.7254660191888	30.0
517	151.40491973744025	38.65477189989376	188.2109142956012	1614.1137731909948	32.18881670932641	1327.547732074908	88.0
511	143.16295904055346	37.062339915719086	214.44399782141042	1202.110788531666	22.451792812181246	1181.1980400584434	220.0
290	206.70329561150245	46.71770111804965	353.9992729609672	1537.3687515439412	77.29576289262943	1334.447904105477	136.0
310	211.264154699382	65.1655535215694	307.9487646848688	1468.995216025498	17.880980013743567	1254.6728136996612	152.0
194	205.22121880040552	58.03068566538315	339.20005571265676	1762.6620111678303	46.600273123434675	1645.1947227775345	121.0
519	196.2843465592796	51.694943459408556	352.46222065605116	1624.1193431456445	54.400841543587475	1402.3238307155243	153.0
607	723.4915914380473	528.3177563866349	954.95483335321	1808.5249889063598	492.14393542914684	1465.83980317833	14.0
512	198.79355019437887	63.62814732146785	306.0655235069777	1341.1210643765285	42.98411586003802	1091.4348838096507	120.0
340	165.19625443756522	35.12104196204753	205.40999184532734	1084.408625826308	18.547043181267995	910.4580231613382	210.0
123	325.00260051292196	156.4584302709006	515.2424433699817	1869.9415132551412	122.59759314816192	1644.3992316820531	120.0
303	782.7781711597246	551.3514232932653	967.9129871216405	2458.8794661387474	509.53514394257644	1704.9862793258505	8.0
190	187.29886926531157	63.32614089490689	337.31350229607284	1574.3289460325054	29.534803857165663	1400.7881724347294	171.0
102	780.8406478192796	550.6734072244594	933.6230548027464	2470.633220654309	508.0387554717771	1709.4083630896826	14.0
569	620.400032175439	459.2419212901259	801.0246077324097	2277.4883242677415	378.50746437600776	1590.749391942712	60.0
426	181.73322223987307	84.25295713506495	335.54602635730646	1622.373991434123	19.049985865594024	1460.7082450408266	170.0
613	200.19845567657134	14.329826733776063	295.9041885810294	1632.1312051802217	37.176088617342565	1438.7491556371215	176.0
296	764.2503175110636	541.2019367484603	958.7107954841936	2255.8976962544907	494.1953570568545	1490.465668478547	28.0
470	746.2167322763399	532.3906709794556	959.3505106281891	2292.0114663458385	492.87570410471085	1554.0033558206833	10.0
224	680.7005656475095	517.7422729158866	807.057245123291	1608.505967984713	422.6190821202346	1400.7550923045894	0.0
236	728.1297720488482	531.1432950268402	972.7658569605561	2176.332101441801	488.5265199697684	1431.5127764728509	0.0
353	660.0528083800888	444.95291181282505	858.3022594957157	2288.464601933144	409.37859678238567	1520.6759110085816	35.0
238	196.11161452312174	27.128118663635238	309.78156266018954	1562.9643456277713	22.174602437355187	1401.1298131968078	120.0
566	504.2264461758497	370.7731135055349	681.7794481637966	1995.0639470373828	325.2736606840626	1341.1686463476015	52.0
632	230.866607804627	73.05475790586199	421.7571001503097	1726.4717102643124	69.86446235520103	1416.6653880725905	96.0
448	703.7919542695076	495.615970215717	827.7297961498016	1925.408523912793	452.63711500580473	1440.5306448686033	33.0
227	193.51190866554953	70.7511090295965	297.0878837968306	1511.4050682915633	35.743059193713925	1060.795136522665	75.0
540	753.994278287493	570.5068692054875	977.0426686036707	2506.5533896202887	498.11665952217396	1707.9985681852006	4.0
625	670.7953566871452	502.811434600045	883.9386817668453	1571.4838334021465	427.6185597112256	1408.2321731104662	0.0
432	174.65440883378784	36.21581325986938	280.2213165209202	1468.213510600202	8.399849371209847	1402.7082787302147	169.0
221	189.9178427974537	68.26915514645088	336.4090517302044	1627.7217995275626	62.70320123373211	1442.190280046294	132.0
390	782.4890243241052	556.5068752493767	969.943222900683	2584.6278811702064	499.42167481060005	1740.7544089502644	28.0
9	752.1502809049622	532.8243446287062	967.2717641267049	2437.532842359752	489.40512087742997	1670.6946631834282	0.0
554	362.67646852871354	211.97362389723648	527.4206221921776	1904.9811263589972	129.65858566947563	1331.9568435994543	54.0
26	190.69193201231775	71.51057671752413	345.7384011810901	1752.249013760413	67.76421424983107	1460.7943682219088	88.0
22	743.3259621572545	527.4399831037857	959.8793381632647	2366.8136773014176	489.2688581376124	1649.0854735198686	0.0
31	188.8070582259962	67.979149405126	207.36286405123388	1687.79043974486	24.628772065565578	1247.4376785620314	70.0
325	710.8768861344208	504.3160701942226	896.3142317099515	2317.256610761208	510.2036936263452	1606.779940680817	0.0
104	144.9610064492863	62.63002331088401	219.17882740343498	1195.4780668815506	16.472866902187064	1173.5190019494974	200.0
605	647.481665668282	453.3714067974871	862.1170593925583	2418.613057881694	411.47642765628984	1647.138684998027	49.0
234	733.3482099501147	500.6627928653178	957.367319276015	2127.7966005951766	494.69420681847157	1413.05337055521	0.0
272	759.7703808967698	532.6163978376471	967.0108617379931	2336.4775110462638	499.4313645035164	1649.2523466857583	0.0
456	225.81654404457987	66.58281529077578	329.5692982451403	1337.1664544756577	74.4573692866086	982.0870480215731	70.0
2	736.8342249453128	528.4057714366261	926.0882154896447	1763.6414948298636	474.820792073351	1454.2883546314738	13.0
622	151.68840815857018	28.378517851512832	248.34339040788143	1145.7131297916835	20.497622126712542	1084.7402840259663	228.0
443	537.5933437920814	356.90408636654433	666.4185446564594	2053.5749981995973	330.59399209703093	1550.4513267351083	65.0
399	470.2834791987967	320.7613862392486	622.5856862483461	1686.0703574205236	289.12005807881803	1274.3020655235405	68.0
29	234.76271471356407	91.30157566893342	319.47512419381246	1291.8159706213478	97.57502504911817	934.8809509263682	95.0
499	228.34031314469075	36.63429797285025	374.25386042224426	1375.0927750336275	83.26507974544802	970.2613637942139	96.0
96	160.31501216656025	34.27785835230774	351.933645360594	1544.1269914988477	34.393791598594525	1444.4158297419071	204.0
214	755.6482058547633	564.76772247302	933.1824827894128	2510.3499873542814	498.07157581411894	1706.7086376005432	4.0
388	422.7131432922288	268.78317781155323	582.4352068394094	2003.2360347621739	250.17857162522606	1556.67633094836	78.0
483	189.4025943595125	35.93716800048142	332.68665922128343	1634.1720288347972	39.14663777577027	1496.258110347343	144.0
460	667.5809099680987	460.42316310978816	872.9960465602234	2069.0365475604594	423.7685662859963	1477.8940535754025	55.0
507	241.25857129842328	101.7634021123956	373.25313367399013	1839.0643828943062	87.54853691021168	1521.3962060527049	90.0
120	163.9258333747438	99.6722934364816	285.2070662057447	1565.754657647296	13.906677089421391	1472.2796998093006	195.0
261	674.7606362632158	485.38481508433375	879.6445489975656	1813.8866836224813	444.7460192839097	1394.9784996211556	60.0
64	207.81790058007624	53.63063867719173	401.0057966872925	1753.3999121526645	87.59202280029976	1508.1125379945108	126.0
582	635.1896081525427	435.9226361063198	863.8420939837347	2285.9625968862397	415.1905202990569	1645.4634518767293	65.0
137	753.9894849510271	564.5435764759194	940.0605268957482	2023.321635160338	495.5008613998168	1557.3946172844849	24.0
