InstanceID	N1	N2	N3	N4	N5	X	Z	Class
477	132.01601623353903	79.73699820888388	203.3480894377996	137.78986240809422	88.44083935171231	304.70785672586794	871.1798430957782	5.2
421	355.87772462859436	249.47434735907103	387.33822057283584	305.7480638832995	285.77021134755756	514.0603038007637	1066.8381317624917	0.2
178	177.1125398229118	73.13075753273222	206.4423429546893	165.77071626086357	91.23236877992306	346.0818866036027	891.4031792064694	4.3
576	252.72298509721224	151.57531557271764	272.64937520746946	259.5027104708089	217.4667371502978	428.89734245217056	836.3908012243173	2.8
387	300.6962776632602	214.5883074830849	308.1137997941839	297.91492046005794	250.0562613752621	473.7215642950102	891.9276034657897	2.1
183	101.55231340633011	49.521150573160305	140.60296609114317	127.40525622559464	51.86062512503443	286.4820997815992	810.449123434618	5.9
606	296.0677324844297	189.70980938740013	274.81535406838236	256.9719226584303	216.77014985614127	455.26178219910315	860.8026668968022	2.5
212	247.05838522503507	141.374483191282	204.12721101977314	222.22499260378748	174.31848552114502	421.801680868357	832.8654564819317	3.2
617	327.239198009625	234.15253901995024	304.6482576434649	315.0135146445111	288.272231407856	496.9357089592857	929.5640775966747	1.6
433	193.2748898080516	102.37151488590982	176.35866003793504	176.197101523783	122.81258054369485	369.76458526954195	791.3783003112638	3.3
398	308.95037805678066	229.23254144131008	377.8104333776276	292.25889374135556	257.12105412466497	455.1120354997547	983.4806402106641	1.0
145	285.5712264629997	226.59180913836164	372.5191597486697	288.9899222188684	265.22194408288624	445.7446831472209	942.3162672386079	0.9
3	173.71965754023577	85.90832376356984	140.44802697524702	169.44953462880716	99.2068571977673	350.8555017403241	760.6945476293813	3.2
316	121.93501259380734	54.092719171829614	142.51175762351122	121.46610613996971	44.61993634147988	288.3630526455381	828.2883525187768	5.2
153	339.75910891167496	234.38547646766574	420.26613682327155	315.2396225814982	265.21668409752203	506.9150258625181	1071.695055932752	0.6
616	281.7688602266939	221.8462690125248	385.9345255735479	286.1883125039383	256.64871959987727	475.77107236278187	1002.6195243593935	0.6
284	154.5550256085439	84.71272353737429	134.54942961262563	144.46615831053913	77.73935409643754	309.9120925404666	713.6420398178589	3.5
494	106.10845860374877	41.4018691625708	150.44200001915647	113.23939607150858	57.182823113802044	272.05997014614155	840.9673756559782	5.3
84	218.29549000163385	151.61143238484334	208.18902289786405	201.78847140365073	181.9992618785543	356.88773540751083	766.4797260108692	3.0
567	132.704980549568	50.007015405622695	147.22930787954124	124.75755541984873	47.96447379621568	282.27127731780706	844.45197090884	5.1
79	121.67443912734852	56.93034828391459	141.35049705690187	109.5204985212574	61.82823894385479	301.3908731217018	828.3858334509988	5.2
412	152.29794641731954	77.25406635964853	227.20245271671322	176.94584912179354	97.13427747452867	353.1579928177117	896.3298793390541	4.5
121	247.65777252618335	147.0094424525177	216.18398690324565	207.79004561429434	171.2113012164783	410.9448435312044	832.4164520048021	3.4
431	142.63833504958305	56.12988929702701	174.50032867574063	149.6033948724839	61.42132746647205	310.7947610482418	829.5765605052684	4.9
330	328.5846199164348	237.8601409326647	335.33544934630515	309.9169456335324	253.74123096749256	486.03985019918747	945.4624365905445	1.1
14	298.9917017198487	193.84183447597266	274.7839387167266	263.672701736015	240.46242695109618	454.4026233970273	860.2868514216218	2.2
486	162.41056126231058	74.02599525883252	187.15950822753575	147.42357500881266	80.82866053788409	310.6409730361117	853.599025319681	4.1
269	130.58104164198713	51.73108683782124	141.72594459932185	114.95745400033074	55.57501515482735	296.1730330128665	831.7419663948807	5.3
0	210.8602785001347	144.51752486377114	225.7615469966645	236.12617000805716	163.09243011759963	382.8524629157048	808.5709719259423	3.4
358	293.5441716501221	214.4447559002	282.1180580992907	260.4999243224342	239.54464985675193	449.520527649148	860.4579922475913	2.2
220	283.90692770614805	198.97816412505995	278.5151558185034	254.2978042045193	247.29857186378143	363.18848507887174	756.6591983297571	2.0
117	274.39598115964935	219.53787827720492	309.4916654486493	276.0718573108814	260.3404403090699	456.87929284577467	879.1406197520151	1.9
184	217.84903685889648	148.49629473554506	228.33965332344437	227.00804049404778	182.01297890877464	389.1842461654289	791.3402296640245	2.5
586	186.46237914805917	96.79564789055588	150.5346958082432	159.35512557020996	117.55464579698402	345.5405161700419	754.5764710533363	3.4
536	95.79936960909635	42.409127841714295	132.30211164486408	120.27450699261784	46.4275162866661	273.7131740769312	800.8157585536487	5.9
348	326.65073952030957	241.49770417115332	387.54989851626345	312.08359171179893	271.0807222593131	506.1476654183875	1045.9146574531646	0.9
103	297.88404529842114	205.31780465819358	371.15587140654577	262.5656450729569	249.06204330330408	475.8154883720607	988.9554092330995	0.6
155	122.04818176502033	44.02089254364086	126.39279494055226	101.75188794608627	40.97028582528681	298.7994806171799	820.1977263194316	5.7
452	98.28716227032855	44.84307877914831	162.3910794666243	128.41736337508436	48.726452801427314	270.50353114324895	844.9886198843583	5.3
589	331.35160169944174	233.18164023118595	312.78696167546286	321.7328591228592	262.8642080600149	509.69211502126393	935.2764132729917	1.3
276	289.7317268930706	182.2133725945927	243.0059760260381	250.47863954963663	214.66316574741757	451.3387186753159	840.2833502007056	2.3
614	115.13270992505403	52.45677706985401	166.9790980503547	141.17112401716986	51.42953383783801	299.0113904824079	830.4348589678482	4.7
444	282.3083132801496	219.26702254605368	299.7053892867875	269.2749083150715	259.2373273262267	469.6814836920692	879.4073784084899	1.7
560	270.3743639145983	212.18429745053228	382.79164890221057	269.62993460422274	247.70280957732288	489.65012992290167	1016.1230481081278	0.4
527	284.7731500401282	214.27964429100615	332.60023155542973	283.13359979516883	247.13413983298418	454.8690813089527	921.6052153812527	1.0
239	108.42555430646598	52.01878774067551	123.19836847032136	130.0644352814958	42.90338582683093	295.49564308403967	770.2940031737202	4.8
274	120.99131216452339	53.68182396405786	155.7032900785136	109.7560543208416	55.22750534234378	316.88417199148233	847.4013351265321	4.4
478	123.45649100891495	57.66279766382877	139.84865262481566	111.43230150914697	51.38718442661186	304.07326319094284	832.3003892365194	4.5
118	141.16871930020997	73.74913286174798	156.51812258202662	125.99001492353	83.95496518081224	318.40886273594083	829.4232545398546	4.2
425	270.86684695284606	204.00713224043244	391.8757627690143	339.2541820807765	270.2567318991739	478.47050890149114	1016.9560916419521	0.6
604	226.86787163990047	127.33992888569163	184.96586284698412	188.32410581640468	153.3298088887553	387.4160320635071	815.7262045903973	3.1
146	276.764451537095	182.7797784175121	263.43684758826873	230.91587907701833	200.1289628272025	435.8391271846823	855.0580391446705	2.3
60	115.98010860411615	40.96729859354157	124.68937162654662	91.84281648521613	56.55479063881339	290.10776426157975	830.9357391695538	5.6
506	274.2945430688342	219.99513820945083	299.3755219438594	294.60579443405527	254.08594706191832	481.4679930035237	949.5107340075093	0.3
113	124.3602353853049	52.5401799411439	89.95366353310027	110.44267099245995	48.55042332947365	302.3480570396162	803.7143509192908	5.7
42	265.8777610706776	202.341275974605	375.6743980501815	311.57084148617196	256.87229234918476	492.2678185018607	1003.0265256119577	0.4
334	140.64075003203277	53.651502880518485	115.0209189166022	110.35196180647397	57.72356657532501	308.226680461954	797.9919199061285	4.5
298	341.69002895984465	241.64528435912734	340.6043251829177	311.20087647696096	269.7045917249378	494.59256513941835	1017.6924192664043	0.9
253	95.34519770190434	43.13638671659227	130.41213822675545	103.13591069256375	48.7458653094308	295.49525567529605	817.3503080747535	5.7
488	256.4276896754054	212.9111233943937	358.49889503901136	293.05485629806424	251.080220909946	473.55688867449277	983.4140241667463	0.3
67	239.18308079276176	155.02116892253792	236.88011010028777	221.21290136529288	170.70444944573032	404.1922906182101	821.4253700892174	2.9
241	126.73598210414484	45.01635188422072	109.04921798764201	131.01712732577485	88.634831694894	286.7532438626633	681.4676840885875	3.8
462	154.81658872534803	74.15651568914004	157.5366382956098	155.72392186226054	117.66989619948063	313.52130221328747	732.7618144256263	3.8
34	155.86286519420406	74.49311359103811	192.50991873192842	137.8947760016078	91.6058691073345	321.2685766840838	862.5125562400341	4.2
165	324.85730983495324	229.14897349038114	348.41159739310666	296.8544414625322	257.0678970101438	501.80517720694854	1023.8983691948806	0.2
409	117.65270925862616	48.155799353857695	148.7717751492852	148.078783166347	80.98052882324902	304.9575801299331	795.1623302325506	4.1
11	274.31542010925534	216.13342254805104	392.91805776694576	280.1617053689986	250.55769125994232	485.0841474916124	1031.8941846250557	0.5
207	244.01221057165912	148.56708270130483	237.47459372505952	224.13351533983325	170.10938733915248	405.47239704808544	843.9897971900458	2.6
602	274.48475955520126	217.67876268094716	360.7373082726703	259.65263519402873	250.49775160541284	471.85059355880895	986.4967141982731	0.8
363	140.24662736710238	57.771432698484915	92.00217537258627	112.05870891777649	48.79589136725021	276.8609787431228	691.0663789798413	3.9
367	127.31672999031302	55.49467270523763	95.3893885768498	113.36178425876246	47.61438482440963	293.40582185244267	799.6318057298874	5.8
135	120.50644563670856	51.736962280073854	153.74819762813485	126.36758071299401	56.101106866754435	287.2792351934451	847.4022121002755	5.8
397	237.35770717860808	143.61401701330485	175.78010779930267	204.4231438509034	158.44774587068346	390.29129273633896	790.6421297248462	3.6
271	274.88722370115835	209.45119052500388	287.617699854424	269.41577852495425	254.8291339247194	452.58851019463305	870.9543077373771	2.2
396	218.1250275354245	141.21313284703777	190.33053127603077	191.07279856291814	154.79021390574897	382.2420527241775	784.8058787067265	3.0
552	337.0190700225721	240.74723679253384	413.4850074216682	314.1545558061497	266.4692720749279	515.0947811033782	1092.9096635219453	0.8
518	97.00513071026408	41.98255353480202	129.1408827967728	122.66893169574605	46.96607811754863	286.5913079062156	819.2658846402121	5.8
54	283.1061894782366	203.3476056621898	267.3159011611361	278.89667092559756	243.75258062625014	468.7934868106567	850.1193203295389	2.1
344	116.25399221035467	46.643648070371874	97.48738988507189	89.12130591346282	46.43822791445014	299.3107045758795	780.0032251584796	4.6
329	134.8022539341096	56.133028090525656	155.18660179811417	119.161133268265	57.98842429366986	290.1657007532841	842.4103143503925	5.0
134	311.3622405586982	205.1164256068203	341.3469795000359	284.3085382618124	253.4573395188441	479.2291421905828	949.0228628730981	1.8
48	253.01524205012947	141.9775020159011	259.2957376574315	236.42434269325148	189.6418098208752	424.3181881798653	842.6640884847466	2.8
73	275.01534038768256	215.807086627963	390.5037438751427	283.05454662470584	263.21544472626914	476.02830738113045	1040.3843564859283	0.3
98	201.9719757107807	135.18257089606362	181.5054690740776	213.02108143606895	162.66341555019935	365.99586446466816	746.3688905706615	2.6
229	133.0591769200699	47.29936814410095	138.42306557434597	112.31685560944842	52.58020397659084	291.2141904972823	843.5074850982978	5.3
570	90.39408705977434	33.10150238169769	145.57274445116676	100.59219635247555	48.82581740164188	285.45507840641017	837.4377959809833	5.6
548	152.16456985825505	59.09044968692084	107.3057830313144	111.93189461823393	62.14457760139575	303.31084520236976	803.0999353897981	4.8
169	301.10660187545807	213.4226750660509	268.7314746840422	273.5229775562664	235.56921031176475	466.54799425369515	866.1513680595785	2.2
133	131.52595497093404	49.88022456703332	143.46358922255033	117.3888680466344	53.12368618243889	306.22922293876724	850.3515674386474	5.5
89	278.356439163009	204.82717980276092	402.59395032169056	280.42581439034103	262.4771247925473	467.8150903262367	1026.0676755102984	0.6
21	199.1458603442199	100.39365316004512	185.58926834692645	167.6191766898912	120.67597722176968	368.4588525080716	802.8935562270627	3.5
100	294.48974612057947	226.18639284377443	322.16429644969605	308.6956763465829	270.69606524577154	490.835166570327	920.1707324380762	1.6
256	330.60119743313254	224.2707137545719	386.2444753286344	267.9778019458483	257.29155253808943	493.78493400403624	1056.9778877072022	0.8
95	294.78684134461673	210.51881103410435	319.05805763960905	272.2582869900878	239.26392051080148	473.482477703556	927.74591463043	1.7
568	109.76460205739657	61.063090784627626	182.53273226240057	125.73824350937976	50.84171039382937	306.8821260662531	882.107605035556	5.7
189	273.7097382290036	200.28304351219882	400.7566585003406	281.95163382658063	245.91926193674206	484.5042450579224	1025.959601492153	0.5
198	234.6708294176225	163.40591309736791	256.3795067761443	235.52753009285593	192.39060424526957	417.3549434677622	835.7612702488791	2.3
612	145.50379334172194	76.06922243408036	162.07079356866936	179.23035551039126	83.57431110281387	330.6626289186692	757.1304946586484	3.5
556	107.9009657383782	54.28727191289126	102.78113963938848	110.83948059985894	49.87563420955485	297.5911419844472	788.7821821175544	4.4
609	253.76549929683713	202.21632678114366	279.0466510434382	266.33834676762984	238.19730640492386	457.6287754246156	857.6295178288078	2.2
475	171.7645745683412	74.34038151565328	138.2173833200409	148.9566124038246	79.54352587088438	327.2813944313332	741.9437468820477	3.8
467	288.8550757092977	216.24019554559217	326.8315046058856	278.08302323662724	265.29848529999623	470.33271318374454	934.7577245801248	1.8
65	293.9652418310042	212.4404304897601	394.7930784187721	281.7044821289413	238.67195689598026	502.39727410553706	1049.1295523147492	0.4
97	189.80939788939932	106.64106207214788	159.41034474417262	175.28961064856244	119.9442770152801	353.7792211463684	787.4533589766459	3.1
378	303.24715597105967	195.48245259006964	285.56377252565983	272.65325732750046	243.15330819325754	475.74086614004113	890.3891609410082	1.3
335	311.89741761142244	210.5242263650739	279.9096215192732	270.8084212592908	238.43801200941485	487.3510550061099	899.9161017109872	1.8
562	119.00414916685146	54.197667706105	109.58221333176428	117.9673368978926	52.45107725266353	278.63286663481847	679.3286229440746	3.8
295	121.44464772529554	51.00952419053278	114.21602082327068	125.87378483745194	59.71958418804982	306.6012859934267	800.8751650518947	4.2
326	327.5561640041321	218.44121346370721	335.3398201738551	296.8252309942019	249.59791875374273	494.21794329191914	965.6284325686157	1.5
195	265.60581001470166	211.42364997911278	373.7303140336838	265.8788458517867	234.88382728020557	470.99448361345804	1012.7701897344267	0.2
446	124.52701922880793	50.419205390976465	201.81190696267018	148.38652765588145	63.138611141861055	312.3877271633982	877.4841756391027	4.2
251	259.84816528113697	160.6277679851727	254.87478958813776	241.04285735690206	197.1688626246064	411.83005111426127	863.0057024785734	2.2
338	193.7067585032165	171.6416164814507	373.0918579040641	244.70146990322903	206.99369997398676	335.96391228858965	827.769730140348	0.0
285	305.918607376126	203.1947898293477	334.3170684886172	282.41045530765007	249.65263781284668	488.09293918251893	942.6868561067356	1.5
171	316.4700373097469	220.4157336034087	337.5438420987493	280.06442109335836	239.51367504609868	501.0584375239956	1010.8626009565282	0.3
201	209.796727549319	158.6075098082597	294.85584200499073	195.5852902737317	181.8831995792163	266.1091165210366	684.7111918378308	0.0
297	252.99044510592117	200.46958075729194	371.8872796885587	306.1175311335495	251.1558858039559	473.5832703559468	989.041358272988	0.6
61	120.6465788446548	56.548076942958815	140.8904553149276	117.90850434093406	53.19962525280703	304.00499211635145	844.8393383655057	5.3
125	184.64605335053972	107.58379568380427	162.1342056901026	175.60166159986377	142.61640207426072	352.89856930387526	734.3974665273955	2.6
243	250.72693699561367	201.70264103071617	377.8175412498152	286.8043909734524	250.21540418009153	466.5142344737219	1000.2051356074242	0.7
245	230.56460599664837	167.7848257367317	268.7295690289752	233.02438056441179	205.6587135251779	419.0592233561987	835.8798213361603	2.0
430	108.65097866890864	49.20754223458682	185.56550529536761	141.75687204635673	58.11819763443953	294.61847429964314	846.232753769867	4.1
521	144.4700805042017	77.29473235133992	131.46493040683484	160.5642326785726	86.85356049791146	335.8341835195803	752.4220378998892	3.3
385	97.02416482457193	41.321113160327144	141.32512860890856	126.44512678274683	46.44988006104927	286.4855137069874	829.2949017451849	5.9
283	297.32978435705724	185.80588045064079	267.8887536844703	236.7247186889833	211.06959765267672	444.88332974750506	877.8667891056042	2.3
406	280.6904934697296	222.5895573027434	313.97118852912746	316.94913576588647	264.6455103737641	492.53912217875524	915.0332145914196	1.4
119	256.1950068021317	141.93203115377244	229.38307245647835	222.7770619454452	168.83358195565341	419.85667221912263	846.6591419474308	2.5
597	211.67960857787924	124.10727609440116	215.3520992781331	202.85037049169054	148.08813003725137	380.8492302600732	814.9257131396736	2.8
196	115.01383952442194	47.0783654500166	142.6621927470577	128.2204910985743	49.71598397324995	289.0251389748141	844.6966534345428	5.8
187	101.29814851589975	41.07964184134779	181.65791447635397	124.70473508501524	51.92833391496082	293.61489579642137	880.5156391347414	5.2
543	263.8481059780706	204.38701153608594	395.1693370825943	337.53827937902065	269.67001466480383	493.7128374321409	1044.0617244157243	0.5
539	259.4245939345519	164.73204025550453	222.77804954822068	207.94053906075615	170.40528908283886	418.66003255195665	825.7231054034855	2.7
223	114.63351252302705	43.86689616443441	136.8368734107202	121.08496108107613	55.49753561562233	287.45755391215704	839.217682844003	5.8
535	117.38509574755331	57.022589852122664	184.70201873968222	153.3874453309528	64.23243165903253	312.7178929028238	874.4375894921734	4.6
249	125.48368843161835	55.781795796692144	171.27652633444688	114.16740888033664	62.691416329870194	306.15127877467063	881.439583624776	5.2
191	288.45012196651044	227.3621127925504	352.1235105148729	300.25242384226516	268.4532471451569	484.0944547206461	955.9431309435416	1.7
628	267.0814367439346	203.2461156264554	331.6880849070868	287.69024055804977	266.9540877939539	485.78863781486774	980.0733174117348	0.5
393	113.54603640934587	48.53073301860062	138.32402927790127	111.70598297848125	53.74628539168546	282.59303178041654	813.3374006896446	6.0
70	313.74247247912405	206.6933589022075	315.72096632994777	293.40131639441785	269.5427372065009	470.730251392394	934.9339404639236	2.0
341	280.82531606148115	217.27289648657083	419.5831618899835	306.314178406968	252.00577174010627	487.94830938128536	1072.683547851529	0.5
142	269.3085507516684	195.7544128007544	361.3776617699019	295.0750832023049	249.8275196134573	479.0733085528935	1006.6821117886662	0.4
180	263.42158688063563	168.30147499666666	253.0276277316771	244.86532041843347	190.20386753169757	440.50937845837115	877.3821262205252	2.4
498	190.96603555124912	108.33260781794122	176.05796583557117	199.51761492920824	126.84033177923158	381.5178619444775	820.7945121156723	3.2
90	320.6043820221568	225.0446283498395	372.6535948445415	304.396991828227	242.49488545636012	505.1085216970339	1053.308119106265	0.1
439	121.5858883804836	42.67657196718316	135.8051316086985	124.06704547175542	46.08876848755483	296.1346431675447	829.5156576394714	6.0
574	106.78118961603894	43.790310418901825	186.04463010969778	144.35392217469263	47.26513931256119	322.5808839804468	907.8864533713189	5.6
257	304.96908263969584	191.5549361706735	291.5167775135673	282.7550595486739	249.35265550651138	485.495386878765	914.3577197002934	1.7
304	271.40029973166867	214.2066240565355	284.9922461860774	267.25339052550567	246.31497688127766	480.02077743844814	937.261426273393	0.5
124	257.4198945353897	147.47529817263595	226.16071350694435	236.27045652163886	175.84700306069757	425.2668103625651	848.0288101367375	2.6
547	128.0324212512972	51.333183916275715	189.70907035789864	145.3533746670948	45.966088773872976	331.6666368199282	915.0572284810701	5.7
356	115.89276055774482	46.13986514065899	87.41774815219547	109.73188299311904	49.60251962189636	293.92905263341027	805.1153875702566	5.5
482	144.37394753408793	86.9546593710487	211.09633569770787	164.77195226867477	91.61511098352432	334.4276534592697	898.928475906321	4.3
384	317.7339265009088	209.03347892017015	340.2844910031895	293.360118492955	273.42618719827067	506.75568202767795	970.0386521262302	1.7
419	292.4417830099673	210.5699808575404	425.16207433685514	323.2780062837179	251.6792032908779	508.88105217938056	1072.581616564836	0.6
116	177.48957394548856	111.18875167810738	184.8152417188358	205.3166776429384	128.9687910253346	375.99707866773286	822.5077519947844	3.2
571	297.6706380935852	200.44558118050494	380.01925145129593	292.7984791602999	247.74382099800354	498.13868810208123	1040.4654636686314	0.7
603	148.45947083266526	49.4721504834914	115.63639166955477	119.68730642699308	54.43685305260956	323.6025538895908	818.7366959710089	4.3
138	299.3585359503363	198.40750844026283	287.2282512595765	268.55288761402477	251.55647229187	479.6824973080548	939.8546202019531	0.7
311	297.6235629091704	206.14927306776787	277.68268033843344	285.0451940510187	258.5852132288916	483.46262066022007	917.1588189592363	1.9
140	105.07415579765605	45.64975691731433	96.76928028735631	94.52478449217351	45.8722668742842	299.37816616200985	772.7634229050775	4.8
168	130.54159062579325	48.46374960108507	131.91820466252295	116.1594004062658	52.88577337324437	320.20411591259216	862.8690055079891	5.4
247	318.69081878779537	216.99295965826644	307.9480299746461	296.42474034532836	253.14896751680428	499.0469013909105	942.472799437221	1.5
16	198.95336845987836	122.14709070030763	226.30405975341847	189.6100631874356	154.13458531471875	370.2722584508953	806.8082052476196	3.0
327	304.55153319026374	215.43892640812686	310.5589271269829	280.25331599962254	273.0287737926457	487.79567157961003	940.2017653328298	1.3
630	280.9623924864912	216.17468285332265	278.2827337378222	292.6124682766144	256.4325076302887	485.19713879273644	890.0748244766895	1.6
558	112.43448524054915	49.78868797651722	107.29668205455428	95.37473970359625	51.32355783194356	285.5587401587294	678.63776443838	4.0
40	100.96141005265156	21.690689864216196	168.03731206669076	117.38962260554815	52.70057595664798	290.0254506530508	872.340860586127	5.2
350	317.5833629434979	219.13671818234377	326.21184788907993	280.48036216714803	250.4256778854207	499.134028749635	963.8255290986021	1.5
262	109.54877809193036	42.129195664704476	156.58347367635503	142.47857978476972	54.05946687371889	321.5143217159515	876.6777218560521	5.7
76	108.05884821228932	43.94537170823249	137.538680435862	103.65804657659211	50.94795528456482	293.85869187461327	820.3882303373233	4.8
590	335.14463443228374	225.79145146624535	397.58219668377774	302.3300121694804	261.0613555873836	510.50479032367775	1105.0479989406874	0.1
179	251.21765939618888	143.67835523561425	218.6085564124103	227.12830064528336	175.96965730592225	421.82034337440564	846.703369415544	2.9
301	131.95308661496045	49.55844849453149	129.40092108690655	121.29598031386197	46.60670246018507	308.87882429762624	842.2843911818134	5.9
553	180.57715598303903	99.79848971079284	143.8309993887321	158.66563069646068	124.24732164214035	347.9971707809698	764.8240136108582	3.8
479	323.4215852101592	220.0183220730347	262.92985762487626	279.0855199145559	250.24502721121434	494.2055172072513	899.698735717523	2.1
429	283.22592566574303	217.61852165881953	379.22798287548756	309.38005881303803	250.61342312743895	496.12827204294985	1028.482613502506	0.7
592	290.57291425709406	199.72538934000934	303.0032241982166	277.44336122028926	245.46145894131334	489.54031608575696	920.7898737395166	1.9
225	304.9286375893417	194.87785578337443	352.77586561716345	301.0867978249414	260.43958241821014	505.5028243226232	976.1899037502551	1.2
457	252.74991980662327	142.0302838710037	187.81032343514602	208.501261823391	158.7122881854833	402.5061595599321	804.3581946712376	2.3
317	187.76663774657226	117.2158225829257	201.47681831328634	186.02925502186517	146.55946571841545	375.20459178878883	805.1323937664229	2.5
267	150.79212450862417	64.32393951772139	151.01371785846615	138.48097371434298	60.369582716981014	323.76003731803365	765.8909450049891	3.7
328	99.9769421932024	28.321685502464316	99.7153995950478	113.04701475675873	57.47126714076456	277.11174994341764	695.8009140714423	3.9
154	224.04151985198797	120.690912642059	196.02934948490815	183.26962833377613	147.86816970419397	379.53976932739477	816.8370020565754	2.9
131	125.24793660119818	49.104095196456946	173.56326979774062	135.03552881640763	57.846709264620124	316.86809968062903	874.2119137241085	4.2
584	134.12110667201543	49.20728948495554	142.92442086232828	119.33326617852437	54.20363813399814	328.23197928332866	873.6488825471912	5.4
27	305.9587942259857	201.14786487115745	413.06764776139073	303.8144719627202	257.8284449001354	490.94903333929005	1076.1172870734704	0.9
600	271.30815289430217	206.95959628955012	294.5109878836833	293.11756918076173	259.8774852433491	480.4590556498592	909.2866973265081	1.8
523	276.3652143758881	206.7590277579184	324.89046343117457	278.67980024605873	258.70130846826333	477.68336438709395	938.3285007267759	1.4
529	130.7912587090852	54.55639215196148	120.35465853783992	124.10706206985019	55.99370630789188	295.204073260959	723.3903542784002	3.8
38	150.246344402353	54.66706930114039	201.05376278316282	143.4871146742414	62.86192845266928	305.2572059585673	881.0774764093611	4.0
45	135.29215254689356	51.907476149920896	125.40688045888773	123.07595677481439	53.45564652632365	312.2983525216516	854.0970798027269	5.1
557	272.63593576929526	212.50569272479504	310.1529047563364	293.79751647346313	249.35796137859202	486.70884493846876	967.5553061020669	0.0
349	306.2974207480252	214.1902658918776	286.7577723316071	278.7773689579588	254.00640347633893	489.8417103557197	931.7661696953651	1.8
346	97.2307617073358	31.48976460098567	134.6413488053849	110.49698828692698	45.3583659025375	302.22397247136564	836.7898904131763	5.7
489	149.9987455770027	73.8907319159225	173.67503874845158	140.99527754696788	79.30587425543408	338.27202193988506	875.5443904802204	4.3
598	251.68198292128392	198.08752641909734	411.34963776670884	301.46816878077635	242.3317740689835	474.30840149680887	1050.4089440149962	0.0
263	197.1302133050848	101.23978581562132	158.66177064876265	172.92954860829946	108.5290428355034	369.9061975839208	792.2943171606095	3.6
226	300.6124134686321	190.24297369497535	283.96714509336886	264.26842208272933	228.3158011515174	476.95588562257893	922.4235276859107	2.2
321	131.72053558010407	48.112251644062674	152.11394625630825	132.87597513740764	49.12375583385496	313.80409328908206	878.6913447839889	5.8
629	274.14258451452093	208.826029870486	301.16417843503297	300.44644883278784	267.93250918957887	486.6098371559636	924.395591812979	1.6
126	281.19337379781564	205.71640838072287	305.66546909234523	300.2951509366511	256.50797279953593	493.23880815414145	923.6809580672673	1.5
91	295.52279304434524	201.81546040738957	400.68391894930426	305.0894643029369	245.53630881903186	499.1622982792775	1063.027799350137	0.9
265	98.5492750103209	41.69729413589129	164.40315855109515	128.9062761328887	50.039947675060965	311.9705840936176	898.9961310700158	5.6
544	320.53644628520937	215.81916871154522	341.2542126193903	303.28185379043214	249.46022107717522	520.956209106476	993.082938329312	1.3
459	122.55544436284242	50.99311061401411	132.27951788565767	142.1629656318248	61.88093576096951	330.1763817097365	841.0677282336069	4.2
621	170.35147402276837	97.20160237702011	172.8148500658567	173.56113851826186	117.71624387446076	350.83436209383586	788.0815174274221	3.5
266	304.0301417011823	199.5624825469612	393.32150387246395	297.72136951297455	260.8030384444813	483.7680330773222	1053.144856835856	0.9
217	291.4279841095431	192.56586984063136	332.07616822294364	263.41621126773674	246.85196795281936	480.81608201307023	1000.570357471071	0.7
401	302.48766382063076	200.62278759113946	270.1974883372701	276.75256135604405	260.86209503235614	488.99406092925557	911.0700402460443	1.2
324	315.1113642932821	218.35910583137328	371.7605908577482	308.8209891970886	243.06007604953854	515.3179158007955	1072.5103305029072	0.4
417	161.28480892083934	100.25453313662031	169.98326916454502	160.46249387314396	114.95631023831865	352.9359874194922	755.9017505951831	2.4
308	112.94300144492104	40.09622344756353	84.09368555998726	63.31725883916886	34.37143058767074	224.26215525155618	651.8207856532379	4.9
445	170.80460930516324	85.99377274513192	147.55014215358926	144.73595733168338	90.54598693565087	344.94420707287264	780.8572914881967	3.5
458	269.9488243254634	205.1473066583959	316.4553338760945	276.99183883130803	275.08856365691526	486.5977195070019	959.2063806234775	1.4
376	267.5636241884323	203.74521257259002	397.99456185970047	301.7492837976919	253.04621827386825	493.6600316022708	1065.2182084488293	0.6
371	111.30834079025014	42.67698424473164	174.42815188217676	129.8806582865369	50.494028370647804	306.184921254581	859.2665381791272	4.1
312	264.9717871624504	183.5270756392665	301.6049865852456	292.0014855827626	246.0405833163391	481.6485000583668	912.2603587828753	1.7
545	287.4485299083166	207.36695559056767	266.1366193458267	259.1074365521329	243.2917614518091	479.43883636242305	894.3768126664672	1.6
504	157.0333312388356	83.6711432769483	133.52359796317887	143.30432409185633	78.49610179508366	342.2251224842696	758.6322082666247	3.4
404	226.22769514190375	148.33007587340768	201.52103366189343	225.86177250691452	189.40729911184425	400.4106102276636	802.4872218089919	2.1
246	260.4603561481669	206.9181260937275	308.2487438638141	298.13037848147604	251.1408190382903	467.7584640380644	923.4256252353018	1.5
420	303.3855050172832	203.9570039480791	282.3075444338424	288.3431906750482	236.84964078558963	486.37637203271777	932.3440596155472	1.3
206	102.83535945403102	42.95656401111047	135.59720564599922	114.79884716413292	45.59135196647112	304.5697079755544	821.0359791474352	4.8
231	101.71900025522795	41.63481225801906	138.7385658511549	112.99909710884641	51.707162137039965	305.4211296884695	837.9788454907523	5.0
546	267.9274337924212	211.29467228301522	365.4243608545973	260.7127452698516	241.03739106756018	506.5125287422911	1041.081894267784	0.4
490	111.63168023913595	41.40403857830098	173.49008313620553	127.14018178440897	58.51196847075083	314.735354495311	915.6148718809862	5.4
25	266.81390186645035	166.84307322532825	259.28314148128624	221.0247027633442	198.02246713758993	441.50168354921715	891.2250595082	2.5
320	291.8777347745207	197.0690660690071	386.49176861228284	269.67826169232563	235.74946642967905	506.90190526428705	1065.2198223353917	0.1
62	149.86346057319454	74.62266933021485	128.70489896571735	129.71107355280697	83.6333478614497	323.0630931339725	748.2745525060477	3.7
77	203.02324061802355	130.83790822455302	247.87720953420234	229.10543510683507	173.32775412622178	418.73336286553683	850.6214949386568	2.6
455	249.59427279274576	195.66055476417617	358.5330283909432	312.1383380546353	246.05327033776433	484.1891134211018	1026.3707347955642	0.3
626	253.04386388133048	190.10414360168457	339.5681974082672	289.764711194841	235.3820480012859	485.23054244850874	992.2427531026913	0.2
216	108.36457746521656	51.966353673542955	162.20233430080384	129.64777137130963	47.16592720713227	312.400647956614	887.8803259745424	5.8
438	289.693746276747	184.86634782710408	282.39457150779924	268.08427462481075	244.45171935566844	484.01731349171126	910.5788448824622	2.1
581	303.1302283510962	191.7832952407781	305.6995544388779	293.54604329314714	243.2308179677557	501.7861561956055	961.0118983316294	1.9
47	257.7870545186844	207.85645209516755	324.2657716536705	275.32230818265606	246.19878110299402	479.46590004975377	996.7074672425535	0.0
83	296.5916169219588	206.86258783226748	282.56772163430054	279.8687018484272	242.47395011740744	492.28401850742466	932.7618268374539	1.6
580	291.332800262204	193.5050294334049	371.67109354009966	291.074522590014	253.78815124465254	466.53681462829127	1004.0509106446964	0.9
78	131.11337227422197	49.987183661325375	153.08552604509907	125.49242062181835	39.36297248247131	316.81160055716794	884.7228691670564	5.2
391	108.98869058968795	43.50977372456984	164.22392309534948	107.84491878019158	48.73246537500154	312.19912671802655	887.7853111597396	5.3
585	269.16614753030063	180.07676706929647	276.9422894188105	265.6820343378963	206.19601144291994	462.3794555695154	904.9066384406832	2.2
468	118.38192887578923	46.87398628060117	135.07913066708383	132.21301645583614	45.294578968780684	332.3159589536295	880.167765274595	5.5
525	283.7617339044001	224.94005700382297	364.2709450787939	304.21697627696835	237.15971126754275	509.88728703493956	1053.8758393494572	0.2
333	151.10504043556043	50.858485539998	185.81300225544007	144.99484773235483	59.43692072305876	344.3462945339004	921.305267712627	4.7
147	297.40966937878693	208.8959304617628	306.8549021316374	275.581807906489	244.97326384594479	488.4739472859062	958.3402353784849	2.0
382	225.2381527758427	162.392184895823	211.8854506451758	231.76113623189804	194.5211146827477	435.3466539994178	816.3385663004734	2.3
306	133.42623376574548	48.86451539845625	89.23521600687415	96.67398974201355	43.23613005651586	327.36958849817813	833.7739018762632	5.4
555	326.3969086173058	230.4379501052122	380.7159605785585	279.57823245687484	258.44989386401915	528.9532711260797	1095.5135174658822	0.6
192	320.1543974497292	218.5134472975948	333.8005016376907	297.94604678065673	249.08763510347114	526.7030264559208	1060.6687460073135	0.4
594	106.09649650230212	43.4444847395012	170.7728773602404	152.07203575927397	48.88788114315938	319.27245361149267	864.7945967858163	4.9
71	130.83727836111206	48.18661764765094	127.85882115982652	123.702679210221	46.617138788439355	312.91322658002747	862.3393021962779	5.9
209	164.38546537067126	75.23631920455007	127.8252233884288	142.47637016670456	91.2447993744467	367.42153413977275	858.7771947592613	4.2
286	256.3330853639478	145.32362364722974	200.50556278859398	199.6274919339843	172.89359446057668	412.09099959635	836.3097508965176	3.0
92	200.12056526885465	110.8417650676184	173.75629190865993	195.17036302949052	120.80169480059399	386.08824301841065	833.3913554909949	3.6
63	147.7999688679981	52.5677943888378	122.13278043568016	133.74577786724151	54.7122542606287	340.14558204933354	826.5610066542403	5.0
101	217.32030668421828	113.85320743523468	193.43023351071653	188.94704189822042	136.602719847886	395.52451506187066	861.0057522973058	3.6
157	147.50709933156574	75.31834448001618	222.8602699121658	165.8220541290283	91.59069264294807	371.1182232801324	933.2008709862163	4.3
279	161.0993294610854	77.78912700390804	240.70017566281663	192.2329694571898	121.61658584667758	377.542388474273	946.5006996784782	4.2
579	179.70358461908936	81.39810168974307	132.43436736388034	144.4986901521475	86.80876956500077	366.9999667526958	864.7373272295903	4.3
473	286.14782554690413	178.1529237473747	263.05416700771644	251.07983080570372	230.18536218983263	471.28788404688544	892.7491667182335	2.2
182	142.2006938493146	57.178113339426	140.66167466323117	140.81496750036715	54.18222047621785	320.1096101689039	868.2901325001421	5.0
240	160.0172079794669	69.38508430936619	218.3137584128541	192.14826739474748	116.50704253239718	370.73262300184643	936.515260979874	4.1
565	231.0568074466166	124.68724021812498	186.9173893540703	210.99334194441806	144.76163784208862	425.6044147289744	854.6029643198813	3.6
128	283.29017418046675	166.35615334998423	216.61106655418922	240.0142249030481	198.56053561100083	453.0103137366754	873.2552428672244	2.6
534	285.29912945816125	172.48147884058972	263.6419914081741	262.9374900571035	204.10585684360163	470.58955874064543	923.7854839824935	2.7
233	280.565957300191	174.28202690957133	252.68717492444873	243.90220215377133	202.00092074835777	465.5069012766393	908.1821484086698	2.4
450	275.250888784636	207.4458758720145	283.84347432746904	306.63514724264786	255.2763585375225	497.1662571467359	927.5360452372554	1.1
441	181.39724019920908	96.62661670443528	157.73221264927386	174.67951596267577	119.67370335698814	363.7303512382296	808.0954107298325	3.0
32	120.51984801203227	56.264502884659066	98.75133069852343	99.67000471699384	54.00742121613919	325.8877420882963	831.9578055007901	4.3
537	259.14318485244684	152.04001062117106	225.94083388375788	228.52628724522492	169.206863710691	441.1002468997508	874.1445831348958	2.6
160	103.28394545415162	27.289651151665463	163.76345895557535	109.12680727093455	53.549024528137814	322.7570184661396	905.1191093477539	5.6
200	300.3555887884852	190.09190102051585	316.379203192247	309.6198795060618	248.25153127497546	518.6436154400475	980.8533765509657	1.3
395	258.51040661760794	191.1066667081015	370.44168259174546	287.72996505233056	248.73561077105117	485.7556283572334	1030.0787381220953	0.6
163	298.63860386850286	207.17993742236214	287.03424454852825	288.8979000170871	241.7641274538696	503.44841859698784	954.9712924326119	1.8
305	241.89072225959427	185.04963090826422	273.18785886470505	261.16221054013135	235.5487334124701	496.14233228817807	947.1209263589051	0.4
541	265.14994070242534	205.59756767416445	332.19119571558826	287.6106858268759	244.0610708950608	472.2655129255885	961.5385327583213	0.9
13	137.54800555242852	46.56459627985284	143.1255752716234	115.25658179483835	45.340141760626324	339.9950518194415	884.1576179373657	4.5
299	282.049514357191	205.5747980615286	366.3911350318567	310.7428598183189	244.96392317119606	506.30097030356364	1064.8944516451443	0.5
162	249.69268167402933	183.70755520594426	282.40749107780306	293.30632222219816	263.72788425045485	498.3993930043009	923.2979265817158	1.5
106	154.61011429291625	59.47692164151352	130.8016556086375	132.38951069358973	53.75186595240471	338.1016842934191	775.9544724183025	3.7
51	109.67142311540293	32.36797699241239	149.90395976510234	118.01788780943632	53.13103054256556	313.7479739025817	898.8263939275045	5.5
161	177.58138496893207	86.56261726747566	169.04034584190617	192.7588854408059	95.35299340845332	382.84670040515834	834.1715919196051	3.6
244	187.29626149615078	99.1971781251044	157.6184363957012	180.40004258361333	121.82243912399835	384.08096975999206	823.5648800945859	3.5
415	281.550328924268	189.21791181311573	387.86244623695825	301.27109250386764	260.68655380011523	516.1085698617818	1080.5878660518679	0.5
502	321.27114723085435	210.89469657855452	354.69693526747557	300.7848562413764	248.06490322658726	519.4566276343414	1073.4651219014715	0.6
493	261.417571836999	190.0679628055026	276.7266720329464	266.20787648445423	243.96991621672612	485.24319540926257	922.2386975153099	1.8
277	112.66995361080714	43.99638586580785	107.0293924771966	109.9264983710853	50.96538494649396	323.8830952248005	820.1292593992075	4.7
447	286.4893933892771	191.8427187367171	389.545909585128	284.74193559659557	232.51768350014478	508.2986168454422	1091.9637653233356	0.1
222	141.82834470686578	56.01591102286622	138.26623887438998	142.45748046412308	47.65548027427343	365.3458980843005	861.8857839063002	4.8
52	273.9370834124917	196.52845952838405	278.00898610101063	251.84160448676266	237.88986417979078	476.7484928213331	917.5774972563773	1.6
464	274.7554019340844	204.27487621286738	386.808882512606	306.0061806422809	258.13898025348556	501.7046703713612	1087.6182652277023	0.8
588	153.5439654473508	56.49168610529247	189.53257992432464	136.72175137206762	64.44913715638482	324.7464285092018	897.4401083407764	4.0
599	306.63125055905226	208.99743370761973	302.4449083845098	301.4482045250244	247.07806035607172	507.4544451073216	987.2051596076756	1.4
623	141.95401858757128	53.31903035524933	172.69804237285666	131.04702280703233	53.51570106139863	350.74694309160225	904.459685439487	4.6
59	133.35622400286084	50.35464803172991	118.68895650212868	130.285176537024	59.423064336095116	342.00333706456286	848.8345906772374	4.2
620	133.44592250122264	49.75815313053819	182.02996964471473	149.38428707759826	58.631622402120236	339.88691913899885	919.8777271870629	4.2
476	254.6101429623352	188.11369967051712	415.20468403449564	306.3650945435348	227.23249938802812	501.3797645213515	1091.6581779940027	0.1
122	213.91610513026882	108.06399354097574	166.6131828465922	190.75756237085264	122.3968860017187	404.29872275015947	858.9320530122377	3.1
474	232.1384010968822	176.35602762740345	223.98945166362745	265.3799334328918	214.17155717160725	442.64017289404046	846.2456561616505	2.1
440	134.44220130946735	50.50237166171863	161.21993415223878	119.52428710650356	50.35346700886625	330.99471168361384	916.5796881007828	5.3
466	226.76547692332068	135.6107324735338	162.63970122779267	172.54200282439828	152.97257803652712	316.5432991404495	691.6139184326506	3.0
211	333.31851054807754	215.34756369165012	278.86334984809287	275.93271829067174	261.96553426888295	508.3451445897225	971.572964523576	1.4
46	125.2982362959481	51.845255780964514	145.866229597699	114.78106055753868	55.37308450542423	328.49204280135814	857.0533351889982	4.9
510	241.90694599350533	176.3468798381096	267.882480292928	259.2483071674961	225.68579558003117	465.40855778638013	893.2040940263217	2.1
6	247.13635545516723	188.7933594051211	329.87780291985405	284.5662725133847	248.30160923355473	491.1858852448145	1011.0800258096856	0.1
381	147.83672488723627	52.845241604438925	223.2514776048158	179.74210090452792	57.844671275166036	375.86376972438256	974.0254207195921	4.5
23	164.9489184454746	80.03374182539888	149.11309869812277	149.37096710671582	85.47657776959893	342.15903810413073	791.3794402130276	3.7
472	111.73389147538434	47.06509542083671	85.2439858122868	99.28397468968649	44.15940754666019	323.3789558356438	836.5348475095451	5.7
141	118.80905265178764	48.007652367939926	146.95480782283718	125.94420327541543	50.883452523456874	323.7321054900035	907.9400449650859	5.3
618	280.2324499596398	165.68171278308427	244.98901174640778	231.86964978126156	202.7968545038744	459.4380563828025	911.8541401692279	2.9
615	278.0953873443744	207.98878897231128	318.4667608329807	285.0474697809399	252.46964091901	502.326652482761	964.4248413190436	1.6
362	186.9605809766159	107.2904322913188	175.3028741064612	195.6850363646396	118.07256371031652	392.7969503288175	844.5010030766168	3.3
374	189.15386473183833	82.83086333488384	138.7415099963906	151.92403175727182	77.0410591068434	376.7631621998799	889.2143141287416	4.1
508	147.4501174111352	55.04614349153646	139.27921856411453	119.83710260603029	53.32263522167764	333.38159861850454	866.3496199803199	4.9
186	136.00373069802777	69.23719385078707	124.2104609537542	124.05430302400588	77.68934226950985	359.9042577399637	864.6927219538484	4.6
369	177.59365990965185	75.89039557479472	137.19675126937415	139.66940385630147	84.56722653607511	376.8194831594453	901.9152068489625	4.5
41	302.3727443752827	187.41486998019025	338.4105707890828	297.34337282192496	251.82108952568925	489.9829230342537	1051.1225043243762	1.0
416	148.65078636587583	73.89862502894223	159.40082535650987	158.7133004709499	85.62584395852862	348.46098747376396	806.3248378678837	3.9
442	138.06516840886022	52.33627548306463	162.91984800791226	130.98395058692975	57.96468623268647	323.0597694932705	922.7593759474111	5.9
281	269.2029233905413	157.4277650094772	242.334021294266	225.8093869526388	208.13488695966348	453.69897291325185	895.8083947495567	2.9
292	265.7343123106005	220.84871109465533	375.52411563692675	319.3131030401682	239.3742447123594	515.3291335584227	1065.7433030191758	0.6
422	302.3234012966018	190.86895723129632	404.54546871162825	296.19047800546065	258.9268253610788	507.5153409923645	1110.8400523683918	0.7
400	115.57269015002537	54.40551913663416	139.89716527809605	128.5323829007166	52.48657425313482	338.58968506750097	874.9835207953236	4.5
300	120.45321023190775	53.134635525715936	186.3152028579321	121.51121046732094	51.13900409157912	367.7297016780239	921.5990800782679	4.4
314	129.5605836488922	50.02344424108042	131.25855543351517	136.8692239368698	56.389412526081045	329.7246656794857	906.3007304660626	5.1
342	275.6905235434586	207.086212353906	314.8632150432715	312.23916210756863	273.10956918065347	515.3031808640918	987.9492414099713	1.4
343	169.93748814817206	88.08400871936831	171.6665298200562	165.62796183306526	84.1552472280094	359.1399862020677	828.1587991834823	3.8
427	246.45474048114266	146.06758904920224	223.97480780942922	242.01295262502475	171.28101940139132	442.5854121022656	904.1681648844859	3.0
75	138.55051410613302	50.07751422396165	100.91523686749946	120.6930073876968	44.90231431469097	338.000861181205	872.1437758279333	5.5
366	315.6034135131115	206.19870339310367	308.2346910567684	287.671981747029	276.68902992124464	525.9744657155052	1001.363287845307	1.7
37	297.27043593690365	186.92172283982015	381.18906154769655	281.58704647426885	250.4881072698277	517.3311704391084	1097.5427969376988	0.3
208	120.34251494210444	52.67635797251173	181.79755332340983	142.66437853749056	61.35816729668347	334.2752318592845	903.2383139505067	4.9
357	177.51160127998114	79.58015766136268	128.64825556398657	143.43315209532628	89.8243420942656	355.283795155133	793.9206899958715	3.9
434	118.3076623083861	52.50422085878095	132.1664050034336	137.96954568340308	51.88100790914761	325.9854510859562	903.1596311212834	5.2
389	249.1301727516356	145.3258044912689	269.6039786582025	255.77493117858845	199.75741671904998	461.28752910501095	916.5477146690633	2.6
282	140.31017100833378	62.96569720147963	160.2331478971289	124.37246842426332	53.736076727177085	337.88709390368325	909.2139958020422	5.1
595	310.279318516091	207.48597216026363	319.48183116800726	305.09736617456844	262.11400621338146	513.1017082186531	1004.0255124315868	1.7
522	282.167506619325	191.53659501235575	335.184211025108	313.34103881022435	250.62062512604436	518.8147499426717	997.878342595619	1.3
250	267.18202172527555	215.29849153864137	367.7851285017938	303.0299422256316	245.8324640027546	518.7485564130892	1065.9235896214768	0.7
309	119.27417743934087	45.145636059178166	188.68189117523997	148.71818719450758	49.27868056841144	364.7290788326145	967.8018319403482	5.6
485	225.29992746733208	141.4551770342123	223.9009935496614	204.95228045947943	146.7704784358583	427.38877167100327	857.0418758271047	2.8
149	241.92483304347664	182.39255714736964	283.6137722680195	266.9017096725343	241.06182177518957	489.24821779944546	956.8113262276987	0.3
481	261.3677052592051	149.8606869599056	231.29388160087393	227.1112424782192	181.53352687695784	459.0865838057862	889.1518256118821	2.3
611	119.39789085400919	47.532735969197795	122.46248179234475	127.17068737708733	57.430102708987	316.21620567008193	766.2138506149345	3.8
372	138.12727500019736	56.0733837408897	174.88060304396785	129.54758313557724	57.66990571815268	322.3993395624973	913.2041188872987	6.0
188	286.72246858999523	202.6655199977615	285.1395513661602	274.59695329789423	228.28284710141523	496.4476953230288	952.2382543561632	2.1
495	130.66924047875096	52.73710247635995	129.514328129244	142.50722037288273	91.31522916493523	327.4869781478249	756.9049037411049	3.9
453	269.40025123613515	158.0342246002346	210.3984392623509	231.03342846520886	185.46011876880974	462.05239708609935	878.0387908297872	2.5
307	182.81982053983054	87.75356017841517	156.65520218544202	174.69099000117254	136.28831967545054	383.951475359225	829.0814278354693	3.0
170	247.31301528162902	167.86506986702662	269.99351395875067	261.90856240106115	208.60251814005795	468.3881162460541	910.7296202437312	2.2
505	261.75325938918417	203.51367790459273	375.88944978411496	292.66673850167035	238.5052141871425	493.09831437315813	1069.251391030498	0.6
370	125.10568488261441	49.92875557145844	154.65133392679502	129.46001392687467	53.596425565478995	329.574845131898	892.9071516383049	4.2
542	101.68912120451833	30.63247034610925	161.9311230264832	136.56926431254837	51.045335793709334	322.82340105135074	879.6666886995637	4.8
497	254.8661273751046	198.2413306407452	397.4511861658777	315.4664582144881	245.40959309785737	518.2339876460021	1086.0092707248457	0.8
563	154.41530456289746	61.97539966673004	139.5192530303516	128.5475994307772	56.67463290735322	337.48861704693064	779.3926312848889	4.0
68	220.26216317902964	118.78733710332244	144.18943360922663	173.58750598696986	127.70094789641958	408.68472174828236	786.9841332936957	2.9
43	158.4845181372364	74.39683584216377	100.0071691529042	138.68480640216518	80.45328509580989	348.6989484091232	762.1434322550219	3.8
20	271.77356272133164	204.02924477931973	275.4606930659206	271.7170256300031	247.5815061451308	486.38108747070163	926.0370239604345	1.4
515	204.3369233890511	102.63146021560429	161.32255040926253	171.87533244041774	111.22345242984375	398.5906026879977	845.9587535745521	3.3
633	119.24957688675829	54.51873336820131	177.55315674066023	138.68903418512483	55.29621760107657	359.7016721028717	937.719637104134	4.4
619	252.140006010068	141.95975104492135	218.9262533484913	210.59900544606975	175.4642416158959	434.58543264968597	880.2593959208169	2.9
575	234.06584857683262	182.67382048569596	357.9461837899981	297.6996300080237	237.03368946220323	500.45857812419257	1033.5958020190108	0.1
273	280.3526806039951	181.57262380005923	270.04548348983656	251.2852256680674	236.53529202002514	472.5618809580629	927.4636062167813	1.0
351	143.7977257783044	54.172890730668755	152.6328293486646	132.5308315207919	47.81319690348329	365.8244416644594	909.2895303899686	4.4
500	164.6854903548017	91.20814763937909	173.461596515763	165.95341964782486	112.79468586069642	380.5189792827888	843.1198373403291	3.4
280	156.1057509556946	54.354365508481514	122.3698854501645	131.44559618092183	52.3236861464332	358.94909644917675	885.0534563613477	4.6
583	287.4062703362208	206.18722583062197	300.220849059912	294.71469578108145	250.20363301282234	512.940952477254	960.4209024408434	1.1
49	129.71405711410642	51.38879483166684	108.4488093804313	110.5504688023337	53.23439865239734	342.4506041437523	856.8600976495024	4.2
394	121.18253450741877	51.71979596488773	96.52074688946838	105.35311487356485	55.51178365331696	328.69134678076614	834.2764275108018	4.1
136	175.32188387118893	98.65896223981096	186.39570508848067	190.86243319052588	119.75853091280231	393.1834893374546	878.0776265723115	3.3
109	255.42411088818784	216.90692215501878	364.0130350671587	315.3259169251897	230.369832526388	514.4494943062834	1066.0386890119987	0.3
219	274.9926572436178	213.1519856712253	316.2186526305237	291.06818959737217	229.11108802872832	492.73756117057764	964.2105157760574	1.1
173	292.7884461269184	207.59519181777603	276.55611018688853	274.179850711983	254.81077777127464	506.9840853192654	975.5333838094531	1.4
69	142.86157466978344	56.30857988219555	109.0334262399366	103.75426316775537	50.74138322827853	368.4503542293072	871.9521293035657	4.4
288	262.9394304396164	204.77929928493262	362.23258841594	291.3104740591993	253.14108819791554	501.1780518377596	1050.2534216851645	0.8
564	129.4622657682288	56.16194959965652	165.52396784782138	114.59162056360128	64.05936825427037	329.09430289273615	941.9625828947029	5.5
405	204.40733285677533	105.25342371974241	174.27466605713906	200.84679286587317	117.90926519346345	412.36196801308483	883.6544704189588	3.2
80	126.84001992865552	46.599177883549764	137.5043384426479	110.03884261447236	51.43710486466676	353.47806384458715	908.8051991093918	5.2
461	304.3320661700798	190.5886547576623	318.5514902326587	283.48873776449625	280.3753390103611	527.5747059200488	1017.3494657952432	1.4
144	201.71589137718018	156.97502366215917	320.17492160177386	209.47530002865474	211.77399271183498	345.32017038638276	843.4696057040815	0.0
205	127.88470113401183	55.52530694689482	156.71898073125698	144.33280734706105	60.347739330625856	341.3705379889707	946.4431143648688	5.4
313	142.34021569118468	53.86120474852843	163.449614498014	111.95229974581173	50.284998769137346	332.1464219512086	933.2505146523566	5.3
166	126.18347160389109	53.63740324828666	162.85099250640585	147.78157795459336	53.739388351721026	363.5751156370099	941.390520515329	5.8
8	307.4621388046557	209.43300615724564	281.56445086136256	274.2505860554618	246.54817303515745	510.16602384788337	967.6436942778623	2.0
255	165.2427969373769	84.31452098759378	158.29809954251627	167.58896173100987	99.60160199729816	389.84391315132973	918.3507450763257	4.1
258	155.98535684958867	72.53972382004196	127.92986450474118	137.60551166118438	84.6510616665191	377.0480732272135	892.3601154021661	4.5
151	277.0761241668532	197.38840288338713	402.2983931213837	300.41748992446543	238.8300398253973	525.1176574645632	1111.8175632423606	0.8
199	278.4534525271175	191.4768577180592	409.16403055581947	312.9203734926341	241.47095590845987	528.7434680545155	1108.1987647236206	0.8
587	125.44484131722169	47.276613836002724	173.5657746189856	114.31041122147397	52.28577646560383	343.02773609475247	949.8047212702755	5.2
53	100.64461385477678	29.13987133737948	167.86011019847297	131.91440263505444	57.143748518721935	341.072026888044	897.6294555563455	4.6
252	110.29696824041959	63.49613365023549	197.2752734172003	143.09827945556077	52.00635796475599	343.6005949620732	953.797915970675	5.8
99	150.39137396172222	65.05495233455389	128.73851208018675	137.04233739042627	59.419325149262264	361.89533187821445	868.5366137063572	5.0
410	115.45002055956728	48.561098937722505	133.6628668165225	114.87471366250676	58.419231843488774	343.6716413425256	908.1747667599019	5.5
465	304.72300941972117	205.3854135862976	360.60226587542235	274.36101707610555	238.7713093329788	508.0608507505561	1090.0835796248402	0.7
437	243.8527774820417	171.51929061644947	253.16308163082397	239.26623508980694	208.17492359804862	459.031902717867	901.337207742581	2.5
293	123.40369430797968	57.16362553654771	154.20007220997272	106.60765485174804	52.52206280917259	322.8393680584169	900.3443381146457	6.0
105	277.2360253972492	191.0661394829595	288.1609221608712	260.8852692303598	225.90042484719774	491.80405449473363	950.7354303721737	2.3
50	129.1658588887528	50.82296010603134	124.28993245842545	114.00069368891731	51.3006014297004	348.8572039203581	905.8173329180537	5.2
572	147.51829010200962	53.20534211684742	142.59099841699935	119.07774646899495	57.03206110931557	333.7890080641245	900.418686004818	5.0
591	276.31392018014833	192.7806075927009	304.76958686453247	293.7960450692707	229.61993562648524	517.5191259032409	971.2914071115974	2.3
193	118.01796335424952	49.06285738963543	148.23211437992006	129.54827546290323	58.01008314303844	331.05709672287657	925.7498189303908	5.1
435	115.0889627474208	48.19968105957379	145.15956027545334	134.44340107774732	53.4971088944145	339.8536724055306	924.5025651976748	5.7
260	280.999294176473	175.85574948818393	264.96141785259914	260.1433507157862	213.97688909220423	473.76075890864416	939.9015622199588	2.6
318	112.54306116740632	46.62014546777403	96.44746732860848	119.14396684204793	58.262665305702036	325.9525072237973	872.6175080643812	5.8
454	281.66686099358725	205.6301953156065	277.04494062963454	288.11498003220845	248.43219846906564	514.6826268825931	947.7669875268195	1.3
624	275.94570951812017	159.62896287875708	241.63945561593613	231.38544261295476	196.05068048785293	456.98576558026446	921.1534601269291	2.9
87	130.4465848685424	59.59437388921652	144.17509359123696	157.54302055176365	63.86761996572515	376.65701708595014	908.7007439523908	4.7
601	252.12836395938925	160.07575607778065	208.16547782994832	236.65879481799337	188.88260374337278	450.7098542625551	884.3762555209138	2.8
291	135.16682536984743	51.39423615651022	97.73854930265242	119.59962513083383	64.25004362448503	317.649418584602	882.1748125083086	5.9
111	151.26993693397546	53.33755933887003	148.96458027816257	128.06248988453245	69.8925196218901	343.7150984295353	929.4421888102135	5.0
302	291.85119449158935	185.4947757472987	253.40447174746018	240.15979492803567	208.80477797235562	491.2440197849255	936.4774072296302	2.5
19	284.5902366632516	201.70068455258823	278.41747175172503	270.56850908371615	254.09412894043663	504.26174240183536	963.643543626581	1.8
287	166.86433089461687	75.95941927001819	138.35966413864244	136.18247434845773	92.08768650769282	374.6650085478805	907.0226043398146	4.1
4	162.76512596355445	83.5414192505519	137.25903384058503	138.07188350152373	84.34431960513884	375.3002012793353	907.7741726241491	4.1
66	302.42907928068666	204.8183215297013	308.34043492127734	267.60405291114625	250.94645117357362	509.41894313113687	1009.9098475295939	1.7
471	311.82597489964337	210.2541235964427	306.59654280921444	284.7254002307746	246.93443458526147	503.4369485329482	1003.1239212226687	1.1
289	143.24965187185845	50.087286366856134	138.30060853337227	105.25484527807052	48.93095308008867	336.9403607149547	898.0110695233601	4.9
213	145.4005242737258	54.28161861526023	170.99659950679956	104.96099683997522	54.57510719617475	331.62796089462245	929.1667208566314	5.0
528	298.5318838313055	198.56773057985072	269.19923708588607	286.18338404283054	257.0031611405465	503.84300943418566	969.7413978059421	1.8
380	143.33608343948595	54.33561972465114	184.85652268628883	137.53517207153024	55.93733268820779	346.3908403023329	980.1423321422967	5.5
428	172.93612948796968	77.56075534225783	147.05573394430877	153.31148409601758	93.56824218573824	384.1976614223255	920.5192820814628	4.2
158	256.2245783234192	185.73008578847578	355.45871399102515	277.55802790379806	234.14887227462557	493.96420540748073	1064.968891977508	0.6
39	144.65135722931242	55.507904469794084	178.42123459531547	132.95102481724027	54.7765973126377	350.7928229585218	977.5468241047678	5.7
36	296.56852495586713	195.03398103780924	428.767300100661	329.93793364109024	260.05138287184656	546.2593083864505	1164.7941558476357	0.8
156	290.16645867163606	181.41049453355927	289.92906985018874	297.08372833414944	237.32475281740162	522.7175698274372	976.4146874981942	1.2
24	281.3577034463369	197.5924999703315	298.36662110225353	284.9155244701081	240.74438267522703	509.2750966283439	971.9418190484593	1.5
108	291.53159953754493	181.9286868748958	350.42904362767956	279.02069264417196	249.4044989486089	492.61982989919557	1046.2320773623576	0.8
635	140.40660128021173	57.35798453038672	207.1052118752617	160.29176262925733	61.62572584432746	353.8647059310655	962.384310945943	4.9
152	143.96780798611414	52.57871330393364	148.23017461481342	124.41973129646802	57.26065145553057	344.0862368964106	942.7934077054573	5.1
377	159.34256940764448	53.90460755360385	181.14126063467964	160.79158831733284	63.24921074087668	373.1119385033027	967.689338924048	4.5
559	262.9914040431904	193.14693535319742	367.20470781002905	273.403928471218	224.9304500375243	505.5228737383918	1083.019135668191	0.2
451	286.64315508936954	203.2660555732492	305.3469343908322	260.6413197134386	227.54576743864973	478.1284976548875	975.5880428675273	2.0
323	200.85771928349192	144.66679465187104	215.70557842681742	208.50757821698352	160.71111653904543	428.1535181282372	847.2725605193332	2.5
337	139.3073913086376	53.032771959997454	202.69901608658827	159.04120073736954	63.670790656922904	392.88361931843923	981.8143595943332	4.4
484	162.84981947618948	60.352546638893095	204.0187667377221	161.615748823599	65.38542989800246	371.14306699330035	982.3540652649696	4.3
411	151.02703043020364	55.3465169277884	107.810127695236	111.44727736384729	56.91610693719342	346.9480013884592	878.6542423269909	5.0
294	173.4496092897665	81.48185241538876	137.62492693269155	187.45149312392888	126.6783841438352	406.1875687894031	841.1243120665434	3.3
345	324.4196439126262	214.2423141997296	324.23406716036163	281.4389165217331	249.4682106146878	537.0257592047648	1101.22525921622	0.3
202	141.54111025244663	59.5234985873896	194.07305142379292	151.6750456656715	52.66344965184672	350.75963563137395	976.3083671498301	5.9
15	164.62330411766638	57.976275615155764	123.53099937523562	118.11359347361993	65.14559265465348	368.9203698840861	920.8193163828427	4.4
332	198.42999761132964	102.06308285433714	182.82617232556305	185.0234766384091	124.8960209182833	405.62115713255315	874.5460694435368	3.6
268	242.3145280751146	186.02146667041902	312.52505812463	246.41170507333865	236.42675682062625	498.0653496793824	1014.5013041503843	0.1
114	173.09041469362873	93.91434019299477	163.81926767213514	179.06810542103352	122.0036682199859	373.5770364391731	848.0271165425843	3.5
230	102.9373219445762	25.37583255602582	138.39836650074	124.8444929260619	53.4674825981664	326.9666554535844	916.7118270273553	5.4
264	147.0232795335778	57.019839818853505	160.7121697585436	143.46080708885341	58.53041561922904	354.336754663939	963.3325040770919	5.4
355	208.37979410293235	114.97030210542637	176.83733907246554	196.49932462896552	118.50474118490736	401.54164351777496	876.5610733303087	3.8
503	288.8055000163536	187.75720489712916	272.07956867126836	263.20783344400746	198.66099669650336	499.2827900572951	961.8404223429534	2.5
322	156.36243590788106	61.583900034030485	136.82370321757102	117.18516038075951	65.41478526543598	340.93288397625867	908.779105856978	5.0
112	178.1626229510462	99.36526602071672	212.75248965466307	163.1778010227729	107.22234247297858	385.2892000307127	963.877382028071	4.1
593	152.75349337768378	66.24654147092734	160.03597183884256	130.6452305929828	66.79817581149794	338.2630285308578	924.4509336357713	5.0
278	269.6907456590306	210.1720464550861	299.0252253106267	300.38702001075677	246.71773423587888	495.4727085369109	966.8040771615149	1.2
218	298.6256433800661	195.8402572416125	339.7749827899472	247.56549710226244	243.65540037272672	489.2116104661137	1040.9640628120292	0.9
347	259.9912320199711	200.40152431863652	352.3412570831115	280.5229201515137	237.73835316542247	481.1678755392061	1016.6333233378531	0.9
259	112.79548419761389	55.16715683145331	173.38767141166076	119.66779590180107	54.39933346541778	341.34662134113876	945.3690671070151	5.4
360	205.02803765520403	100.2639853827639	150.49862272433276	157.13175020311374	113.66345487382422	396.20919327923355	848.2492011568966	3.5
228	150.79968663311396	57.466194084792285	190.3101359427476	148.59446835723304	61.12423469974117	349.95998039825594	936.8549944022708	5.0
82	160.17953986483735	75.84058771790993	200.43332643043027	154.88034647777764	96.13469550275582	374.7349836873461	960.1216895254673	4.2
368	128.4544681781121	59.96034264199675	130.96683782259547	126.32575317017485	62.3328829912413	355.1556194967887	915.5045134419177	5.4
18	186.39978095449553	77.91726784870772	248.91663036534973	201.74282411700906	95.8020269636586	414.1259796016851	1044.3374371740977	4.5
74	148.02284820586638	55.64351095925621	189.3916709097842	140.58462102506613	59.79153538399535	348.3355993909248	993.9784036358728	5.5
203	299.48579695171685	207.92472851409218	288.7939308519214	304.44297082252643	253.1012268594731	516.0852077342472	988.0093734281523	1.4
610	118.52920045461681	49.836374331899876	101.2085791472363	112.7784734195243	54.78486811282517	333.7966281211821	859.268605735833	5.0
115	172.00766850213878	104.09934223231988	149.0143329814844	166.87697140508337	119.62206198228662	376.5855148929757	830.2376852113206	3.8
10	316.3305832892332	205.86984172806794	330.3306527069784	277.4874516694273	250.8756044774561	516.9559841285956	1037.497546140188	1.4
418	280.833534679799	204.3226127595442	375.602586698864	293.76114677527323	244.17995232488158	500.5190315937413	1096.4002602887244	0.9
608	133.8946720720189	48.84120680328276	184.66428131794552	134.192675122341	54.917351583870705	345.8901627263942	978.8377556420427	5.1
636	227.1399807423513	164.91786483048213	248.79341335803556	245.1747600773994	192.14190821828242	449.2079459225444	903.2484811564347	2.5
107	153.70822667555692	77.53340816839801	162.33545457531775	186.0472186578176	90.49280998598381	375.4019501160975	846.0643384977094	3.6
530	177.69251124662625	85.20716299996161	142.03224375505113	191.60236230042037	121.04649660772604	419.37284003819633	852.5805249364479	3.2
532	265.0351926640988	201.9249805886349	300.21200485400414	293.16952327077115	265.46661727860055	491.24891926686496	995.8637075871876	1.4
631	280.8332583573404	215.57967777118142	331.0105916794581	275.94077888024685	243.31005724600192	515.9651627097885	1071.8562404483282	0.2
129	231.928669937683	176.63355684515722	329.42888657533643	274.4711449687344	223.23011243213026	480.4521678462692	1015.9497918413915	0.8
55	157.19194730364663	63.85507080226192	185.00223535003124	139.37153947139754	58.491953793060695	386.1435521752694	975.1504198860099	4.4
538	183.20556359804894	81.30811791654261	141.8740887783823	149.1739316243462	94.0922036395894	373.09034907521186	842.7396313563926	3.5
627	259.41828238103733	198.53437222552355	283.94837744621435	266.48673388819606	264.43127281692045	500.10074835869966	975.8181232528794	1.5
407	268.52526077563783	205.9704506853976	332.21589034161826	296.7190505493391	246.07215091382776	513.7778436098367	1008.9713573720954	1.3
215	292.0437400828416	202.15863889141286	293.2158208583023	289.48880085204365	224.9848759851416	511.9742978429029	994.7898523980592	1.3
175	201.91937728017885	140.56545899611748	216.75548588361494	179.460909707009	177.06171894396658	288.83374262342284	677.1654380894015	0.1
197	159.7185953412606	107.0220237027564	180.14426568460146	173.1595647112733	126.71041128808245	375.544992753929	822.9551241251575	2.2
159	154.06489280205264	56.00846636700798	200.43063471734857	148.55426996737853	53.42689775708741	382.1270173160389	970.4732856376756	4.3
550	283.9229899683212	171.79913094736082	287.67222858252984	254.90202995693852	228.16649766566638	496.1631906074666	965.9103340410878	1.8
58	150.7039829492995	63.358918426683154	182.32491744131016	136.03995425253436	55.66255453486663	370.89808827129787	945.1229856327896	4.6
242	182.55362173726755	120.59453033427407	220.83379275482986	210.3511977509129	152.87564386937288	414.54182008338984	867.4883064704526	2.5
254	207.39699665548596	115.28692955741543	184.23732519181178	183.57932279470353	125.03448755263607	396.6741229137499	870.5091707246405	2.8
164	142.3649304139533	55.889436390174474	176.6346053918864	135.57991856774126	52.16633754819037	330.0539035890647	959.9237824681951	6.0
359	164.93218114405445	55.774504248265636	116.58503608081352	122.1208477878295	56.54376559649322	362.2553635595951	908.3153026064721	4.6
551	209.55432185717936	109.98541921261977	187.38779806735383	176.89362323104692	111.72405037056483	412.4660210720632	887.5099086668441	3.6
150	123.70114100041573	45.99469146398111	133.9153581413439	135.91358060213543	63.985596693506814	370.59319669443505	901.0159290165834	4.4
364	293.1915083875241	205.52870423052744	334.9364050765829	285.2667930270119	265.6037394773802	507.3338850435795	1047.442753112179	1.1
331	127.78497034813071	48.85504743749901	173.07280905232088	138.20128967121096	60.34813441435197	342.75149020004477	937.6645490331458	4.1
139	256.49995047699645	202.53040583314825	373.59547504223417	275.73142921967207	228.40009510848728	508.84209984780415	1103.0633305886058	0.3
336	211.37103106496417	153.412777299426	230.45590345659673	224.2495168123204	185.75244958447811	443.6926818726985	887.247833348241	2.3
86	162.46204262235477	63.302955631885425	185.99627666622226	146.35481524086296	60.50541678135743	407.04324847787416	1001.2177586731653	4.4
487	246.50156990645704	187.68360638287504	309.3859552250744	236.86964300392466	226.07675092875027	504.9802587707441	1029.6242247583957	0.4
270	298.4107237775059	204.052124573162	295.53612933840805	285.3089314970258	228.36457976658892	526.8255164344151	999.4814719264097	1.3
130	219.52931171239385	139.094576948597	205.4819709203244	189.38075693061015	195.3996532145891	310.8253005670754	661.0808607180937	1.9
81	160.77489818515272	61.636120937289924	128.55438799676529	135.549362488948	56.30795771647317	345.092585423179	816.3077117139314	3.9
513	183.17920728476855	110.91101498544727	158.4291798592496	186.15046432796763	118.44415024456782	406.44592687359733	879.9859598956428	3.1
577	122.01355568653446	43.14416664290974	85.40247303475077	118.1355251949754	58.62661873265113	327.7019052446089	749.1684495916045	3.7
148	267.73681583922576	175.04855645068113	326.20668633469114	262.4926215810944	244.74558829306042	503.2238870204621	1039.3065476567317	0.6
176	151.6475306564664	63.28458100179357	144.80838921245928	114.31156099447166	50.039772864767706	352.0478547190516	911.1047034427313	4.3
94	148.29350942381254	57.74496973279957	95.28332009383556	103.22404889802496	58.05207297759525	350.171827094612	899.1679777323842	5.5
319	134.16977436387847	52.84759395196147	103.89004271431311	99.8976359975054	58.8866120858567	339.1719464574373	899.2864613289045	5.3
408	256.95534545823483	160.98729738080218	264.40027459528045	241.62121892922542	197.29993030673782	460.5295424683095	953.0432148889994	2.6
56	272.2855587923579	185.26984577339414	287.5678353111645	289.5680481707633	239.23060706725775	511.445646295737	969.9539795003012	1.2
637	230.93414635309983	150.5258179732938	252.3049019645554	182.90732713793682	208.2233978246688	300.52091126903855	705.811636276774	2.0
127	118.59696170665019	55.16098830126743	148.65151577760685	120.22993951481051	59.28416512165797	364.5656143276271	939.937475158706	5.2
143	220.45530838530456	151.66730982043947	220.66634780682998	216.92535666497167	181.14607090556837	444.078228816235	880.8263576742568	2.5
509	141.63499709687105	62.624868599815905	164.4900972603216	131.88580542998307	61.50935821223038	353.28581033630314	950.9341350528035	4.3
386	174.55837934153595	77.06992184384333	159.39001689511792	176.13992914993452	125.19323411896009	369.2508131808157	838.1360415457896	3.6
7	151.8343092053153	54.602993389553426	96.42688496958513	119.46757136484818	56.072982030527726	361.0077545608654	920.9663510072528	5.7
463	226.91366195579013	136.9977189747914	168.55876475640534	220.17666739582293	156.47850172325607	452.95297546319983	908.5328952335158	3.3
17	245.20599946572375	145.86327375489836	235.33699195919735	236.65022351312342	175.42952002564985	453.7432413348953	926.21399874275	2.8
85	143.7495991481435	54.670363356168	149.45803577253352	136.59884050271097	61.69791189861631	333.13889994252315	947.925976249935	5.9
72	290.2714815742961	173.95054513087547	310.7782799916899	294.9127432003982	230.49136552585637	508.66689213155075	1008.0409214635737	1.7
33	164.09146951827302	72.179685197657	136.0867663089457	163.9229407031199	114.30337564065263	365.1350918500098	813.6475019589652	3.8
634	163.24458241157794	63.740358118644	178.89105762218503	135.33452801401882	66.32200510475786	359.6629258485264	952.9417726378052	4.8
93	256.3154522478435	179.12900251562115	248.38311604423137	237.6026308578589	215.53672162026155	477.94636529272896	914.5835322003702	2.4
185	311.906914101433	201.94550305947666	309.23108741072576	265.1125928548308	249.94563960314719	519.8257862622296	1028.8958136300703	1.7
181	175.35590196058652	60.8450015956158	148.2901514152215	113.33334256814038	60.922450974896904	361.73071493845623	947.5227724684077	4.2
235	318.00843520353635	204.5108142621579	294.60014777576856	256.5924769218398	238.50662519051912	513.1568954273723	1009.5617499338247	1.0
28	192.33701172782898	106.71136369557428	204.23652477438182	198.60190786119227	135.98033094493948	411.4386875958608	885.7365279312653	2.7
469	150.89750890016623	63.24358337159698	164.83403505700207	130.0596859090978	49.96096222305232	337.5383155394355	945.2900683251675	6.0
339	241.4256774214128	131.5936837026539	202.801289688916	234.19479589443682	182.70503135290528	444.5619376978632	873.050725896266	2.5
1	284.74786493552745	170.4437466667875	301.02813121926397	241.78066526546354	230.62653001802087	482.603829580486	1013.796768836875	1.0
354	148.45263693140976	56.941022871322566	82.44613992299682	95.2584993427595	55.273305115916465	331.6424934044471	874.1786026941171	5.9
573	285.0668838727349	174.62043452640015	311.4162426138946	276.10547187620153	233.92501544952754	485.577968512744	1027.4005041248918	1.0
365	148.19365202077722	70.19858443407556	119.24932528937373	125.58007028858115	80.37470091925265	343.1102132136742	800.0310133385764	3.7
496	143.67449427885606	53.822590011512744	165.63756373541477	117.52965250952542	56.65566151613774	353.9223884943774	975.5419289292131	5.1
423	304.1563786062312	203.01920716065655	395.0593254867819	284.26338673546394	216.1077706817758	524.3292815428917	1159.6561079862408	0.2
516	310.1130285184996	210.40810111040193	348.4827997956638	278.0253415343831	232.7413034429018	532.105090185095	1121.1919054587995	0.1
549	289.0043591012391	197.02249962867094	357.12909395855206	248.3549421756965	238.83251407180484	483.88169370607335	1047.8074649986606	0.9
373	209.557118956435	157.03034819778244	316.3156418381839	233.81221863278515	189.10008067245934	371.5277853965782	871.7308965956003	0.1
492	153.15535823217738	57.2962756637741	156.92619393875998	128.4269108424842	46.11280099566975	359.23868634047227	922.6333145973878	4.9
57	185.7094030260954	106.77024807695437	154.47951541685632	144.90980884180468	122.74311566466773	323.7442143742037	693.4444290118245	2.6
436	214.91075737779855	146.62322676005908	200.32045048451477	183.8436680817456	183.32455759945373	354.40752868279435	724.1010753788863	2.1
210	115.33100805795992	45.85785695266722	117.1486494422163	112.96629358290144	44.587050360792766	276.67151648066846	719.4906205311386	4.9
531	117.49095628263817	46.6689773118142	78.2668214477196	90.30792250021798	42.5016992826558	258.6012340881339	715.3541967526827	5.8
132	183.58446969136006	96.69042507965506	181.33434489749226	157.87078494800684	144.40281894289254	335.2675762703868	701.3869742443826	2.8
524	241.2885806089663	177.63414255643934	310.87677774513674	254.42359999865997	196.02004053480096	417.40481336801815	906.082159125593	0.4
392	155.08791853834717	95.05696366907483	121.78069291092011	130.03581162097387	103.22903874376854	302.0954596287598	676.9958106249014	3.1
5	224.65863760458285	176.15200774682725	306.8159656779429	232.83065996087464	204.963461136115	415.6740435972109	895.7210275257803	0.5
275	129.7336233348851	66.67909173773147	136.06407225622806	134.45520030793716	87.34384653846698	291.8497012731098	699.7003744877446	3.2
596	218.13704955222167	161.21832855921932	241.55012939834717	249.8349305733979	218.49482383737146	408.5933505167274	778.2592202915091	1.3
361	107.49562896284294	47.99934943442768	95.83383158717457	113.2900629937971	49.17565967731217	256.144390584583	629.7965134608231	3.5
352	246.00526507009857	163.67645765736907	271.09560408262485	234.2333427673567	208.01532142993736	416.3411006651563	817.9876035475008	1.7
526	185.88049423142377	139.01269590578758	212.32320963891024	200.22872439201367	176.1891895420786	356.58221228221504	731.2142319208727	2.0
414	251.7132453510062	175.25952028793688	266.21664614248675	229.4215226527339	208.05054253215766	412.887294984594	818.6725522007602	1.3
237	176.49775032855	129.53249674394144	196.74956336957726	150.04324867659506	156.15762299090187	242.98504940618156	536.4293925780578	1.9
204	201.8825799401472	146.75034922793043	287.8103971560936	235.64887734849245	196.23758560617088	361.73236807056617	789.3303019862323	1.0
12	202.88121846963867	141.92006370252452	264.7304184820788	228.65605311123272	210.0326879206715	393.5872378244452	781.7668492278679	1.4
232	225.4025966502035	130.2716233106874	212.04560428766467	194.415378814218	199.5155448827032	383.32389340089514	772.4630285114604	1.7
514	82.0352488321902	22.052130438087328	90.65007546457358	108.72244156463654	42.43031137719773	247.93904049524323	607.2574136237822	3.6
172	98.30803377136651	46.66488113170001	81.92030052304595	88.35524656541388	48.38887890955327	244.62525759533455	613.2070247339229	3.5
174	113.04353400944642	47.59414319435147	133.73262796136558	124.58709006080984	42.91867553516479	268.86322321054206	734.3700612578824	5.0
403	225.19920731264676	175.65269140987937	270.56044519746723	238.427474641007	221.18384852283364	407.0591833836764	815.8936233657831	1.2
315	227.73510077188425	150.8331613282986	233.3641768999932	216.56823696918678	210.93638482658272	403.1010526367038	782.8600170940432	1.9
44	221.35741569569674	175.3398089215508	323.0918738975576	231.70430201131873	212.52745092857305	402.4821624682599	913.4644118965497	0.3
480	182.46352862185424	91.611326871311	154.63879386707902	130.86507095664032	115.27394027418981	309.25302257591346	702.6632975189528	2.7
30	196.77885864573105	154.97046709978085	273.9546799175082	234.67717294578432	197.868830529724	407.14368064571835	836.0769512931245	0.4
501	224.3848649145015	138.95502338218628	224.39396417807794	204.88823873143272	188.4174920738603	390.9772079446356	760.5594762454571	1.8
379	207.2809947225284	163.26739760777207	257.96905366920885	221.74629194952124	195.3846503754612	392.3355619555888	788.7722955647996	1.1
578	94.27740640089155	39.592980274981166	155.37739782842775	117.69994527588798	41.8057283122214	282.3294177882633	771.3553235046437	4.4
533	219.0619047747598	160.58329925129436	222.427150711213	225.03692577877771	204.83433090712322	388.2979376839197	757.0302061679904	1.8
167	151.81101972083354	89.77151783949508	117.90053063665876	126.80977113505044	112.51173950744834	296.93028016742664	641.3738289456741	2.4
110	264.9112944657115	177.24348502829193	235.03655387594176	244.79108359918695	201.4801746847862	420.27120407788505	807.517236897774	1.3
520	118.79600381027565	44.28211806194303	117.74133491645124	87.27863644716956	38.898423392797476	274.0971854017955	740.029063241042	4.6
449	214.59029780556054	178.522944419838	285.8143878626255	249.530718199433	216.36399477408088	408.8981188295812	820.2093161046248	1.6
88	232.13097437271483	172.03019550516052	268.99811174691433	230.84364984028332	209.91171115779025	399.4357458544923	839.848448184093	1.7
383	243.44038204853965	148.93454731817607	251.45007611965934	242.79653075611466	207.57959648368848	407.6482671712543	804.77727570484	1.2
561	99.38146188436997	40.83804967435049	166.77597738280753	119.19434935122224	38.78478597561785	286.29418568457515	783.4988373349487	4.4
375	101.67952167121909	40.8206855363239	123.38362344939965	105.52383131586114	41.59016243726734	274.89038922894906	773.4687576880582	5.5
177	87.73944142313348	26.962862942790885	74.65556594173955	75.50832101758118	50.221184137353795	239.2673475461806	656.1562035485543	5.0
424	101.94469594452966	40.20288249464149	129.03050113496928	111.32610169009082	52.46745268886973	273.4125890180082	772.6954592893607	5.8
413	174.15091445980875	103.52398450815652	159.92809848727634	172.18738661147725	120.06901439654087	333.58933667777893	727.1618565772243	3.7
248	238.5171047392851	161.70301756030585	331.4175624287819	253.11063798950852	205.593324611313	414.8763567697416	922.5694574956715	0.8
491	225.1277815772497	167.3367705935815	231.4804960077674	234.04026130474742	209.71328044218043	399.8880119485497	771.4963188101623	1.9
35	219.26521263509466	152.84319888405025	338.2663731998115	240.46045938869509	213.0860780249223	410.0571225025599	921.4882709365255	0.1
402	238.6123946529987	158.16117213666	329.5027273359332	246.37653759857005	197.7754393999593	423.1738608500018	909.2543801544725	0.6
517	159.9484109167011	77.57352800678416	121.96375062682267	139.8264232730116	85.83646238047208	308.9052055855358	705.8339626198896	3.1
511	161.62518676513866	73.0692174018146	126.21450902013991	143.28430256305128	116.10997564662584	316.4894840382773	665.8048153433238	2.8
290	110.1412805684685	43.385051032870756	99.72843536981124	107.54552723283716	45.886318179858456	267.85473459434957	634.8216574069816	3.5
310	235.20376445274508	170.0740805937135	243.5863904499267	251.83572335337058	206.69234637458067	413.51356782237303	795.2821382648792	1.2
194	104.8280898236225	45.90940002705006	116.46831562198138	136.9137084104556	45.9040329572412	271.29361616303436	660.0555352641928	3.7
519	141.91896811557734	94.94723599734492	119.7409203003341	140.6439478599412	110.64928571107603	300.76996756370323	638.3326809624346	2.6
607	124.00343180113141	66.03240115613266	116.34754800856814	128.62319844250678	71.42960202188564	293.9392000931725	659.8301578950732	3.5
512	245.54152435712012	149.7271187421735	269.320537531857	223.19389499595457	203.11262714936706	411.15988580884425	813.4124111820975	1.8
340	222.86247256171035	170.31504083190632	274.31243585074725	241.80046062958328	209.92622175567553	407.64909196052923	817.1523653110648	1.3
123	99.99079065429136	39.190098394019365	77.87680234429111	88.67739665978944	39.40338800503063	250.5770509978425	681.4129259057412	4.9
303	108.49562301398073	43.867386401997734	111.86927155348327	77.59293238055687	47.435482339775994	259.168159780258	732.7880641211888	5.0
190	261.86926965779656	164.17014749421267	225.95786430695486	243.0331979574072	227.42813144106864	423.2094378277026	807.4386217410708	1.1
102	210.96199806430005	147.54178860833485	209.70300544882906	196.19150197138603	177.73198902897568	372.8613510444463	734.486468800885	2.1
569	215.05936293819354	132.98879303070584	223.75895764946554	199.4477843413196	178.611822191915	323.64364058273395	668.7926368289286	1.9
426	264.3451078601208	182.26057899977786	312.2947093296416	238.2104208999595	202.1270861771015	435.1149960133187	918.7380249091497	0.7
613	249.3041889685865	162.59520616196997	226.6146405628451	235.8588051712736	226.32603352546596	420.9449320537228	798.7691241379979	1.3
296	105.43956659982793	56.47577217053291	158.44021769514038	121.13479760620099	39.67244060478701	277.5652337725591	759.2463884093407	4.1
470	190.43821532561702	90.92327916360324	133.48147680645226	158.13537796576077	110.43536586861232	328.4403427891219	686.0457561743237	2.6
224	108.28847095172715	44.81453757162266	129.1171336724516	118.87549554044804	43.28502095749292	273.8817124220495	770.7011263918821	5.9
236	204.436802875265	105.03490478625334	173.8527604123396	172.33461214640468	135.50506103264806	343.0209954341794	741.145565556231	2.7
353	112.60012148991972	42.61565654706916	106.50827047034846	96.07606056728373	39.33214213817184	256.3195786333885	744.6899194623647	6.0
238	188.29753515564835	90.07055730014197	158.02988991339882	173.15358836673988	118.7068903956487	354.3980866081555	759.0484319201134	3.3
566	253.2605879625358	170.42370715940325	276.06010349059	236.80230458154915	204.1336037018945	423.2888842675521	833.8325305547927	1.1
632	240.0090542431424	169.76713464512738	253.16586264026148	255.90870310809956	210.1634461860596	411.3566227890877	811.2034514528797	1.3
448	197.3966927244593	157.502325763552	319.51782217177464	231.97565618782264	197.96516635641802	406.13618542940486	892.7788447698297	0.2
227	101.47773396117923	40.5400252454895	157.2727620167615	114.44617376409003	43.0747346954411	311.5902287586334	785.9063965854602	4.4
540	223.9964900395225	152.19460916166958	221.06766907036433	188.8589139178162	196.48559283988757	312.2620279425821	673.1772612374369	2.0
625	88.6297154292464	39.267808860459745	77.37593827248332	91.61216990131003	42.05530389738345	255.76045369358778	714.4332539874051	5.1
432	226.62803999981568	143.1090092410295	212.97714940489814	198.4466221752541	182.80189611764342	388.0552456148253	749.2765785862287	2.1
221	90.33064104017836	19.516139215215972	129.94654960187498	92.41394250272218	47.19135831557363	258.75916453464083	775.266422975346	5.7
390	225.33349589938743	179.64568133779366	276.0909977291318	244.53274480214884	218.78196173180447	413.3816681357296	831.8416147943992	1.1
9	238.45361067882513	148.00294181919335	202.05405905322155	219.43031544470477	199.21366337499327	397.68597452547107	748.3590000310679	2.0
554	102.39946265242935	36.813927798070964	143.78452357389327	101.95431427375503	43.91213014822732	282.01747802718785	778.9958706265273	4.4
26	124.57962360503423	48.45087725033172	146.13365485267525	92.22693146250646	42.07523400304009	273.38475301214163	796.1671840954131	5.1
22	129.4655736084866	48.76578112432081	87.73276420845758	90.09495754439652	42.076462409083014	269.25424143625077	707.9414865114409	5.0
31	117.33765643659815	42.206235447949965	125.43234618410287	103.4745846030029	50.22873343354966	290.22193618623874	786.5007973315306	5.2
325	227.0168754466295	174.14425152761262	307.83536422323965	242.52910863556514	208.16095612923795	408.6307583156726	899.1206935761276	0.9
104	93.68266540513231	41.353107383794075	137.59404859277686	110.50269709546197	47.39427172964343	261.0861051392194	761.7744980996663	5.0
605	122.81123206020224	46.85933121603129	117.71911964422677	98.1882777830661	49.970776031582155	276.711493619193	780.1267723801607	5.2
234	223.6997692628104	124.07932443803305	192.53018969351578	195.21370821340236	153.38686206471525	382.28324577595623	796.4450438444422	3.1
272	124.52974050704266	67.78604639572329	167.6372996034097	118.62522670609972	74.06159960316064	303.84715626856723	798.4756975168647	4.3
456	108.53572421984897	40.22383291671696	96.2288468068904	104.80798089099319	45.2489771502626	253.22090971655905	748.6771291710788	5.9
2	263.5274984735703	172.2586741793773	240.2111115588535	236.51484592985315	213.16418837308782	425.8418592747803	824.7310485685165	1.8
622	91.37772586673624	36.246459488306456	118.99447063081988	95.8939372461473	46.2374207635494	288.8984886633591	771.7799567630223	5.6
443	271.2789775992203	182.82517880082602	239.94356293774638	250.92832975160874	206.19673965976202	445.9619415788443	827.1488634940546	1.3
399	221.61690508301376	125.07570830615532	203.19459539374043	193.81711115688776	155.87414052569292	372.7210429924844	773.6919297146521	2.8
29	131.19001448827643	51.6296665413844	137.99573924072945	107.49952976240225	46.091607913328424	291.34275398384347	802.3946604180034	4.7
499	92.43402572297602	20.498341891619255	128.88347758147216	99.10096849938611	49.01561575413497	256.8915472521479	773.9868588490892	5.2
96	253.03419202667672	166.74272210037387	242.22561872485204	243.24561444190616	204.3860808681814	429.78982713275064	812.7791524961615	1.2
214	94.47454831019876	53.79882572632674	132.36065209913602	100.52727959615456	56.251305400156966	275.006290921468	775.9425346073406	5.1
388	169.36033531171995	79.59321145655105	187.03643301032506	140.77377548510447	90.09503222518667	308.6667597150599	830.825389353249	4.0
483	112.42536659680731	52.94367468680032	122.76885703624748	112.94619235133167	46.521454617973355	286.7323731483231	790.437396570459	5.4
460	231.7132654446999	163.83948681167027	346.55549671512455	255.2400227457121	215.5327289633418	427.22037369980865	938.2808416368373	0.9
507	218.4304121933582	146.34314807635178	228.12961987668868	203.76694173081447	176.34234531261802	379.0726400396879	763.904526512201	2.1
120	126.44844787390755	46.53984633666719	89.49974015040308	89.8372296243798	45.80677429010582	287.27666098750495	730.4662180920711	4.6
261	183.54008722485327	93.92326975215958	127.87668106532819	162.1525729288923	105.22283498028392	341.86470973367335	726.4339658849083	3.5
64	224.56230197262983	165.28609531944394	261.36933127242145	232.3600737579349	205.68157732196494	412.09687552814154	811.6315902247705	1.8
582	119.37210229346539	47.0002384687348	126.95169178016276	100.13540911139528	48.45512862271235	268.9708674935599	784.056896455203	5.3
137	186.7933504903905	91.78852685290398	152.07705645493218	146.26365822972312	111.06730462501434	340.3407090776664	748.5511847404915	3.2
