InstanceID	N1	N2	N3	X	N4	N5	Class
477	1121.0411897208298	1018.9408020242993	882.2219001591272	1682.8703241779149	1035.1323202639314	1131.9407752461068	125.0
421	17.307998658077587	13.874931478126392	23.61544241005386	1125.2528882852569	19.965533996798737	17.02404856726478	4913.0
178	12.959320486169506	20.960599158257708	14.158677598014789	1088.115052447279	4.877318701481143	13.349638776142971	5832.0
576	1075.3360139522215	997.649149201208	845.1129392792586	1372.3153795208784	998.0889186125613	1101.5291711207565	0.0
387	1115.4909503270349	1027.7793678236458	878.4740886174843	2560.0468443244267	1022.9198858160293	1132.5894862266225	2197.0
183	1109.7486295792153	1004.066648799304	876.1238207887793	1650.4738252733216	1032.8864908664957	1135.4185064494307	125.0
606	1140.5361949230773	1051.9295370807101	908.2922295008789	2020.9622675926028	1059.0153185113068	1167.1972731270594	1000.0
212	13.102437162047616	32.69774651728705	21.619986729524033	1099.9350600843338	14.38538129631477	17.561469583340326	5832.0
617	1133.8334284746948	1055.3592662367248	886.947471888783	1578.679739198149	1062.1544961143447	1161.5001649340973	8.0
433	1139.9905201785414	1067.190815666196	896.409823095408	1766.638826827217	1064.0460531920583	1151.0291051762943	216.0
398	1121.8001215943107	993.4860398458057	879.0311082921364	1665.6556438999808	1053.9453841139652	1139.2367287709126	64.0
145	1148.1805078410916	1063.953166361837	889.1870988101053	1941.3935600729842	1046.3068543404115	1152.9010903804574	512.0
3	8.256630975233177	11.184852566142267	20.035368169777527	1301.9930732269468	6.333333333333335	16.533362084630856	2744.0
316	11.422597723698845	6.241626566029217	18.740492900145423	1131.3704155912865	13.94583185817548	14.935821994383215	4913.0
153	22.388835110441857	17.062630512958094	9.769631429380306	1097.1278951741551	12.620817862307135	26.981812984005078	5832.0
616	1139.7868760269464	1091.1454346942376	889.794678935781	1782.444260805061	1051.6479874365152	1155.59197471474	216.0
284	1117.7157900494597	1010.95198196035	852.4749575830242	1433.359738935225	1034.463713042539	1123.628436762694	1.0
494	27.21073053930787	40.59089834342663	15.431096302782263	867.1690854390492	8.640990832764842	18.0334770894643	6859.0
84	1121.9269265399923	1050.9127564186708	904.110441910555	1982.833201657547	1052.2049563250323	1158.1586800482028	729.0
567	1132.7052204566335	1050.9691397353456	909.5846613082135	1987.762385885121	1059.9337023168912	1137.9832861665338	729.0
79	1128.4526544956275	1028.353347877338	893.5602070191507	2327.8530109387175	1067.119309577724	1143.7012805918148	1728.0
412	1114.0942225834733	1045.2333225536993	889.4440460186208	1806.068598229133	1037.1921841863602	1136.7127959607487	343.0
121	5.900007386396952	32.16826337689659	22.93979763478924	1145.590792637938	3.470948024258913	12.653132001466936	4913.0
431	1135.4593137595689	1039.9788161172505	913.0161582897401	2105.5363250080886	1074.4055278173635	1161.2820728442134	1331.0
330	1138.8363937334043	1044.2492303713611	900.5058345573306	2010.9692992561922	1057.110912823284	1151.114738465103	1000.0
14	1124.6457171097309	1049.8478482595824	880.2073633279473	1989.5124074188002	1033.6658235729697	1144.0545193256048	729.0
486	1133.8803316006686	1039.3142391467934	884.0975416355587	2055.9114727210776	1039.7209366620057	1154.1192226926305	1331.0
269	1123.0924709049082	1019.493432607978	889.5405717688942	1895.7230120048353	1048.2883114573642	1128.6553312415401	512.0
0	9.367977686127631	12.250984096310255	0.6127901861276293	845.5971057387968	0	0.16540864463601535	6859.0
358	2.6674771539842226	23.268327755660426	13.737177070915997	1087.7714079034354	10.082172158311078	11.48479628404374	4096.0
220	1134.9108744038156	1037.6690299727766	885.8139144916362	1734.523655814494	1048.9791062666297	1142.8480796082586	64.0
117	7.73210974495271	26.712103714942153	6.94044671658696	1140.7404302197424	3.06591119038425	9.988898266185995	4913.0
184	1132.3948744550542	1041.1047318516914	884.449217799692	1988.623421744739	1065.7965610094036	1156.9490592445175	1000.0
586	1120.467785347952	1032.5101253705989	869.3773086055385	1576.0667722394014	1037.0955192450865	1129.3217986810528	8.0
536	69.25139485951635	82.23445898182744	71.97426932225045	1358.0624732548793	48.493268318741706	97.55393887249254	2197.0
348	33.61944965054833	9.02580052885001	18.138704393407654	1150.849055656933	16.971954532010386	27.338668400548336	4913.0
103	47.3640388903917	64.58985473397223	32.157026442371674	1125.6564485051572	46.467154006828444	32.51985201938737	4096.0
155	17.395663934032765	31.124450815964597	8.853119816385702	1112.7265286570855	11.554397006757466	18.33481457591383	5832.0
452	1126.4022455059398	1022.8154468171624	891.539984120267	1977.0772821866713	1037.1280703980328	1143.136753812904	729.0
589	11.085811766290988	31.238350279797068	49.83681387075768	896.6147269939418	12.817208972029682	40.83726374855165	6859.0
276	1119.583797274875	1004.7290066190587	889.1532862863129	2285.9714922241715	1041.0666557366512	1140.245244138741	1728.0
614	24.83407130418829	38.07961113211657	14.642854143990814	1095.0416201233477	3.2877087056033796	17.773019566642606	5832.0
444	1113.527380889615	1007.8259248292223	888.8538654006512	1963.3616292489364	1039.7423885003516	1142.533874927253	729.0
560	1111.8466733052028	1011.6411966394371	886.0958333595295	1678.2727778825904	1038.2339994150536	1142.0958256102183	64.0
527	1112.3589274567212	998.5412171113965	878.2088314422555	1655.7563136279873	1039.8060097506234	1143.5826405300832	64.0
239	31.5595171425568	17.17212082873462	27.630505264699107	1119.1263512287196	22.909675436312234	29.916155092142873	4096.0
274	41.91195336106102	62.151936983401136	75.3776111365775	1356.192135469681	40.706726806740065	52.06273617781734	3375.0
478	17.52514307598039	15.168834901752229	10.71784072329389	857.8575635351589	11.942948739137153	7.573860421075038	6859.0
118	23.730515074844586	31.021992441718858	35.12658906418502	1159.3411317953498	21.382608315789078	35.206833438615654	4913.0
425	28.70872525611548	19.66819783891085	24.593701820820343	1153.6974123198993	16.999872163727673	20.882493747217968	4913.0
604	1111.5659874108753	1062.1702034727111	885.2994097551546	1826.102768877762	1060.0414573820146	1140.3133770998659	343.0
146	60.60435563079149	32.619309533199505	45.37915693943154	1145.7661971264001	35.34761040692815	80.32560486904539	4096.0
60	34.644772803816984	64.43785707175381	45.754186506788585	1218.35832516207	27.498314118166505	46.19162146811649	4913.0
506	1107.7406268928194	1004.7382614787015	870.6065699506939	1422.5368171035525	1028.520975320999	1131.0398647616794	1.0
113	25.02289073200491	21.526993472262344	37.98083272235447	888.1176267844658	30.408808856874238	22.869792543908158	6859.0
42	1123.4951960605392	1035.0074833418835	893.0071013423543	1920.8201822896722	1034.4698642354642	1147.4679931522328	512.0
334	5.537940629351155	7.73496368096961	7.8449723866834775	1139.5088188572904	6.286446205713866	4.079674982535327	4913.0
298	1118.2805689332408	1030.109015406293	882.2884574157997	2549.589957389619	1047.5770890058973	1125.9258538730307	2197.0
253	30.29378377660649	33.10346498126195	26.530419638831006	1144.9635266248238	13.967970474931752	43.05502150405823	5832.0
488	1110.7537128416648	1041.7572122430552	872.6045781198466	1925.6991219634117	1036.157120046055	1138.827562157119	512.0
67	1132.17676331643	1012.1401139293791	860.6105434360386	1448.6933809092066	1025.927984896795	1122.8005997895127	1.0
241	1116.5843572103277	1038.942077069643	882.0669728937946	1969.9657066017492	1015.8963765599311	1139.0609530605773	729.0
462	12.319278079904638	31.893455898268417	9.703746829904638	593.2351675360153	12.319278079904638	12.319278079904638	8000.0
34	1114.6528069033627	1020.1794583784003	897.9583283168315	1772.197680780806	1030.8094787547784	1146.7273269160385	343.0
165	1098.0999467052268	971.3972051745172	852.7322481167532	1657.4330678330875	1038.2914361203727	1107.6124401924833	216.0
409	21.950368607954548	34.312571292123835	37.7131502140467	600.7781841911965	30.774770870802232	29.28522937449202	8000.0
11	1104.7573171770568	1008.702067549134	896.5331712177824	2535.948080230984	1033.1053508613513	1133.316814228417	2197.0
207	1127.4929638661974	1025.4388981287557	889.5254869885754	1936.5449964979055	1056.143907951078	1131.7499387367807	729.0
602	61.13353767111202	40.89262764029721	84.39475725803665	1332.6324052230493	35.23543774840506	83.42090992200865	3375.0
363	1108.3533963637396	1017.4067923786135	879.2516945413173	1526.8743459005325	1037.3139197399812	1140.3423387586467	8.0
367	1118.2324354967293	1026.8489678043022	872.7689353373706	1538.4650050005705	1046.158657053003	1133.9294835951796	8.0
135	0	3.1934576388888893	0	554.1586196870999	0	0	8000.0
397	17.43740578854634	13.199761118474742	9.860994558536227	1149.3820818951513	17.43740578854634	9.705447455213003	4913.0
271	1106.7345741212027	1005.0729388084168	870.5882628564572	1750.2174263868699	1019.7626209544221	1131.9719805770083	343.0
396	1095.8089460262904	988.6740517121336	869.1840742084381	2510.7563181265377	1031.0989463962126	1125.9255177713242	2744.0
552	52.45671135619868	75.24459099202154	64.66778137577057	1351.1008988115636	26.077275269073823	71.16200113706672	3375.0
518	1112.7634647594416	1032.0100825630582	878.4275444933263	2551.229709513009	1040.5388377386487	1130.567450190172	2197.0
54	1122.8901303700952	1018.168090604923	894.0609612231256	1671.7849775995937	1040.9896343679688	1151.7653251896757	27.0
344	1110.0924620928758	1004.7664585842393	865.3212672224781	1371.3139661292225	1032.5055387791183	1139.948574735425	0.0
329	1129.9719693420761	1009.5819983398587	890.8878166130705	1976.1534339848688	1058.993907468344	1144.258122839648	1000.0
134	1132.0977206366617	1030.7663511603369	862.5870337799676	1708.4050672862058	1041.5370296378599	1146.2500251530507	64.0
48	35.35570796545985	28.605426412615657	49.49243626144405	1335.782865146101	9.048331966743037	16.93736267566703	2744.0
73	1117.3376195004128	1011.6946077253859	890.6557898737955	1984.2254197747336	1020.0171967807851	1142.756000631582	1000.0
98	3.8502488744803474	11.817023090334287	4.385344317166867	1289.8090837455059	0.3364171161854739	4.422703576186648	2744.0
229	1118.9885472898561	988.9661290392971	869.2272744732581	1672.5643973554434	1030.0001339131568	1114.818661917341	216.0
570	1161.634799905382	1034.950257595267	877.190904684438	1703.4737789690807	1056.5113612964842	1139.8572872873874	64.0
548	1106.6001476832305	998.225934683223	892.3325935216661	1944.9837128178553	1039.8934350216405	1136.774027617976	1000.0
169	0.93221875	5.274021839124417	32.15583974127	1307.789894929038	10.778104977535609	6.914329507282227	2744.0
133	25.511784066323493	24.267549604795743	7.942624052710172	1285.2268946367049	5.2964584001404935	8.049200045007414	3375.0
89	1124.012503235385	1040.4222680675298	885.0886887188617	1722.3939419062608	1038.8417616018182	1144.2230334823669	216.0
21	16.59604088493375	42.238853576300556	45.57773600303194	1330.934401838022	9.058058442753795	25.704350274070194	2744.0
100	1101.5842050278934	990.0440126641913	888.4343634468967	1905.5237358527609	1022.4979158799019	1123.5582036589742	729.0
256	1147.7011445086277	1013.2757694846531	881.8667369501197	1680.698230331001	1039.572440409218	1137.7454604657942	64.0
95	1126.4346726686085	1034.37195744418	867.7644147974833	1673.7705223619655	1057.809185911318	1153.090861099491	27.0
568	0	2.7284375000000005	0	551.0483509712217	0	0	8000.0
189	1092.4588652992722	1016.429883205225	865.2942567089207	1767.6135675142282	1023.9914884329023	1119.2626551404383	343.0
198	1103.1892168988975	983.5554486134229	862.708187000024	1618.430696538136	1027.3030524516457	1112.9259380065694	27.0
612	15.928988876622162	17.01200572847567	21.1829582668888	1291.8042806160313	15.128134281179594	20.67628554913536	3375.0
556	1122.4431883508512	1004.3579089128842	861.9631843357395	1393.1824237935477	1025.7698329761342	1129.553473638294	0.0
609	18.848120100116425	15.784468459595963	15.643008934865996	1101.1671154398266	20.25737240708822	13.509951627894202	5832.0
475	34.48993875510303	49.90152892788948	22.361744440471714	1179.4134765078898	19.70644269401957	20.398050669725873	4913.0
467	5.625	11.216791666666666	0	562.7381408875755	5.625	5.625	8000.0
65	1122.8723736408406	1026.100426038049	880.8666323158478	2300.01732609188	1032.5944383114145	1150.3373637831692	1728.0
97	1109.9459459706566	1017.3411213539587	898.3812737082783	2553.895033755858	1033.0059386740063	1141.198188206951	2197.0
378	16.40572822598849	26.584851139234246	0	577.0266386464373	0	10.207523645547372	8000.0
335	1145.6315029280872	1018.0372547723144	909.6310548694082	2327.526721605878	1044.521514428253	1140.3395130026488	1728.0
562	1113.5715449584611	998.5753800199739	887.0301848254298	1677.2974594505433	1030.7613817163515	1131.263582999919	64.0
295	1109.8641622728521	1009.4751892648062	859.1615974971867	1425.7476635026708	1031.588163933132	1126.5792397483308	1.0
326	1126.6372589903435	1036.7423888397966	871.0320700989214	1695.227317477511	1046.488609071381	1117.7450540964996	125.0
195	1131.425610154913	1017.395714419777	892.953117413284	1983.3483433715135	1033.522568031536	1142.8055305078242	1000.0
446	1120.3256588537188	1017.9760126995452	874.0837873935893	1671.5743693342756	1028.3799644007918	1121.8676091099808	125.0
251	1124.6994328651747	1032.109142173168	885.5206534753071	1660.989688778242	1038.9537842041034	1147.2294959566798	27.0
338	53.95266745400865	64.60537281206756	58.05567522954199	1377.17192805726	15.880445608664823	61.40065981054094	2197.0
285	1131.7549774155834	1017.6755712515894	835.0964335953086	1444.032546970503	1031.0993845199787	1124.7759026425247	1.0
171	14.307810784313729	28.818488093775603	0	1107.2155244424234	0	0	5832.0
201	1129.3752634683365	1020.4032343383117	875.3042764862903	1395.267652170153	1051.9884064297942	1142.194311776561	0.0
297	1097.5811088785056	996.1187366837446	888.2670231880245	1957.6919505292492	1023.4838974361355	1119.0520747782066	1000.0
61	1128.2913126416174	1027.9816998616222	887.4972211267103	1750.6040670810896	1058.926941689278	1140.4402598958	216.0
125	7.538755534708823	49.36970866026277	52.51199360324812	1342.8503611975038	19.860227786013873	20.08989217190865	2744.0
243	1120.1323467389498	1044.9043259438506	870.8039554503292	2058.082531913926	1044.8005420559502	1137.8084783210331	1331.0
245	1117.164325064235	1016.261005413217	856.3985966285994	1524.1097823687394	1027.9360879378173	1132.2933213533802	8.0
430	15.487922323821145	24.70604813465355	16.175116044680557	1319.0718068269887	10.30142389991698	15.690554652973606	2744.0
521	10.493538753520399	16.125973754991456	10.864974371014581	849.8212372442176	3.5769006821388967	11.474175301448081	6859.0
385	1129.2579294519026	1028.7989703450144	868.4453896426346	1442.4234038631434	1052.6600849904532	1146.354874860491	1.0
283	1132.606907575611	1051.5162104056149	888.673128816866	1972.2262160602033	1037.757228877479	1159.069582158058	729.0
406	1133.1755122445272	1034.6679076419655	897.7344701065008	1978.832892550661	1035.7440698016403	1135.7512982422622	729.0
119	98.19881248354093	91.1607589605697	71.92620561018381	1126.2267572446012	63.630209711377795	92.88302309791864	1728.0
597	1147.9569643831655	1059.5791880179818	878.8508263198947	1576.5992750574808	1036.4582197922289	1145.9100311696395	8.0
196	29.071596130956234	58.095055811301336	39.36205755198975	1357.7101823581727	20.923746049602844	35.03354173125232	2197.0
187	67.56018723165543	43.32283414688945	25.556742269628646	1186.7712258583415	26.45898923956845	48.43454783888498	4913.0
543	21.98852509469697	26.6836590232684	0	869.9904976680876	16.770395833333332	0	6859.0
539	36.67825204210857	50.030542010002605	40.67969191758362	1338.0299970857116	23.909991280295454	55.38701929043484	3375.0
223	1106.8781122198525	992.669424590507	878.3349700123617	2524.816994267614	1025.6975797136938	1121.4151796434098	2197.0
535	26.28829793484227	26.983253117908124	30.065707893967666	609.00223988141	10.055957734052958	39.215383481888715	8000.0
249	1122.254169611351	1008.1481588176209	874.4980729332833	2295.3695259134906	1044.493426090717	1139.1309348153568	1728.0
191	1114.7955404376125	1008.9089667660244	898.717684014187	1983.6601722757523	1030.6169362198245	1146.9574831156986	1000.0
628	1111.2782154280317	999.7464251861138	893.773662227023	1966.7405648618321	1025.517955516754	1130.9339905448553	1000.0
393	1131.051736052318	1009.4193357512844	863.4778266864303	1655.2047201391663	1020.0402802915912	1112.2034449078717	27.0
70	1116.748696478588	1019.581313097527	875.7338426042255	1392.348439530425	1033.5228462328998	1143.3569530557677	0.0
341	1115.6502934055707	1006.272645242265	881.7129289292114	1981.4462225641423	1020.2541899817336	1127.498887720676	1000.0
142	1100.3053005260206	1039.632549507374	853.0613884826414	1901.0272944807766	1006.9161233959503	1102.8343363856611	512.0
180	22.29810951777926	28.461531241172686	16.893920696739038	1121.1446153265651	21.207504030072375	16.645791551530873	4096.0
498	0.3510524475524476	7.238495850413954	0.7022115384615386	559.1763653464857	0	0	8000.0
90	72.13582623969211	105.78948806818138	90.79420730610263	1411.2611786591604	53.97135080415496	91.04054687676522	3375.0
439	1116.1048259217735	1017.4275666936912	874.320831655427	1701.2129971251898	1038.4263093741108	1137.9243282921834	216.0
574	1129.1781075180231	1052.556756905938	874.0529745927619	2586.354551838086	1046.2227660819265	1164.7006828120466	2197.0
257	36.49230150404526	37.848694559600816	7.552254793341178	1107.5013719570495	15.943999999999996	11.256952545711938	5832.0
304	1129.4135186443611	1012.991188162243	884.7694052185607	1672.9787787065259	1036.002160891896	1137.058238164052	64.0
124	36.147449183559544	20.930308768147185	17.68938261100737	1128.8485445210379	19.30582502573119	34.33530398665297	5832.0
547	0	34.18494516568682	0	1165.2498340712539	0	0.5365158333333332	4913.0
356	1122.5226578576944	1028.4104341634938	864.8531421454284	2577.490847312445	1042.346805047562	1117.7339071319543	2197.0
482	1110.141164948113	993.4665965731346	884.3869300199794	1681.078455206343	1027.9577912356033	1134.852688527662	216.0
384	20.829908294493265	39.10656578893842	23.39542825009832	898.4357566444891	11.780562791444485	18.395891843004392	6859.0
419	38.93865048255112	29.48607952506798	19.0189177418503	1189.0592296351476	14.535306258368525	34.97729982076082	4913.0
116	14.867390818369481	31.182211081829234	30.710913439812877	1173.1054376745683	15.820202376253466	21.883552913042536	4913.0
571	1142.984328944096	1028.8113530874348	891.6981541070307	2056.0145583969147	1024.3533793557976	1141.6306607351046	1331.0
603	1114.6858426189274	1027.6432899516506	873.5027562977774	1663.1655132931671	1026.2463584016457	1134.4637408045003	27.0
138	1131.0526763867801	1018.1122396866238	877.799786809414	1934.9060639493648	1037.7757187119978	1135.9493449391296	729.0
311	1121.636717878825	1005.1180041881528	865.8429998252257	1669.4755283756515	1026.1048097306448	1132.5208399392764	125.0
140	1116.264517468614	994.5914262419045	862.8755486775262	1663.0594943813176	1017.9730362492774	1106.9224668571637	64.0
168	25.00470833333333	50.842769381862965	1.1678767857142858	1178.0766743208649	26.072959027777774	7.628081742610835	4913.0
247	1116.4371875631493	1028.9849518395238	863.7864630620921	1707.1615694270158	1044.5329293404498	1118.2494150288132	64.0
16	1113.3558853042964	1023.2932374866612	876.3832707333077	1439.3992231307686	1032.310896265631	1142.6551806741445	1.0
327	8.280819196428574	10.744339335317465	0	861.8201106524584	0	0	6859.0
630	0	14.20847615190145	12.300214388011545	1151.537463023642	12.332026076323231	7.647994161442002	4913.0
558	16.02114077617847	16.65158017754509	27.101131405226646	1096.1256458527919	15.684202765929752	26.040214657674866	4096.0
40	1107.4521177404367	1028.9719672104545	882.8783493972197	1684.186776667819	1029.1185979313013	1129.7241442964703	64.0
350	1123.5637142149678	1021.5264200284569	873.2309644535328	2545.6319220025957	1034.649523705295	1137.5081663377139	2197.0
262	27.698520514080524	53.88815464713409	21.324429437331148	1149.2550069111035	18.858951691858017	22.216660110513896	4096.0
76	14.879999999999997	29.00415104166666	0	585.345623926124	14.879999999999997	14.879999999999997	8000.0
590	1119.1052279822184	999.4304028858966	870.3431127406461	1902.9172008886749	1026.1665206684509	1133.6887185660685	729.0
179	1110.9490825052685	1003.772704035621	871.5378712056066	1942.9438782918733	1027.1967348039416	1127.8083509144574	1000.0
301	1104.9114483383462	1024.3903408373656	865.9066338311461	2549.0779458866946	1027.6563293011866	1125.502173692938	2744.0
553	1115.0099017462176	992.6694088483898	867.756569083061	1648.0294727732721	1032.9388194107066	1135.0230319995298	27.0
479	1105.719221524465	1022.7610028039259	887.1764251899484	2567.667958764274	1037.0753627845222	1136.109505607044	2197.0
429	1104.3669292029929	1039.3582828114481	860.6962503664153	1696.0013704567903	1014.3855856781643	1126.7191624378938	64.0
592	56.01131016299793	45.30709155263294	82.84431441524887	1377.8582656337728	40.705363812316904	79.56577932442717	2744.0
225	71.18885133729441	69.69555220389658	56.02636171403992	1374.0549833014352	26.41415808424901	77.58146041169243	2197.0
457	1106.716234814905	985.6020850357061	874.0489932317091	1899.0450516157434	1027.753227058039	1140.920653541066	729.0
317	18.061561781000574	19.170728069979116	16.350521540928113	1161.030776508499	0	10.848347433785255	4913.0
267	1124.6103693277787	1050.9822606217383	871.1502069411187	1995.5204921809045	1032.3691246062692	1138.1681451750715	1000.0
328	11.702368209078333	27.978022713041423	9.702368209078331	1128.5486145249831	12.356218209078333	11.702368209078333	5832.0
154	0	34.63937873329975	0	891.0630361511444	0	0	6859.0
131	1102.3578014423006	1023.9542917604759	871.7748594781466	1699.750625932836	1023.6844328793784	1134.0402337903386	216.0
584	1104.3995104632577	981.7609524686328	862.8411462049189	1391.181756215571	1026.3376087487347	1114.8521043239787	1.0
27	1120.3155018078924	992.6512709814388	886.080554633288	1923.5542528249312	1028.7305021042798	1122.277859851468	729.0
600	1123.2784063986674	1008.7264703956699	871.5443210013505	1695.6912936322622	1047.3414769698716	1134.7822099804505	216.0
523	1099.8758315032183	990.3065525170989	841.1840110610779	1372.683673275501	1020.2185309547854	1122.1437405320733	0.0
529	16.933735336231393	25.236575040231173	46.905933579287115	1321.7652708040202	9.181302511128619	27.334923380614928	2744.0
38	5.249999999999998	18.405979318200597	5.700847224193162	1153.2036156003032	4.040251845726465	1.0937898503234225	4913.0
45	1120.7926346901336	1015.1703418707176	882.9334806907322	1942.6266562653627	1060.0020762443892	1136.339904799905	729.0
557	45.37861662317982	40.30677320235707	25.514089395938274	1349.333444379072	19.43472346675963	42.232256156153625	2744.0
349	1123.3674413341162	1015.6792632071307	866.4140814855881	1905.47779359842	1016.9160256501619	1122.2171865459213	729.0
346	1097.7876862123394	990.0953307142572	856.0875722997139	1829.745808734514	1017.7040931860749	1105.1460260214267	512.0
489	1104.3035024710055	1028.397958554566	891.6813735190404	1997.8023532631344	1036.7741284861038	1120.9516484431292	1000.0
598	3.0	20.92195741159685	3.4548629771288244	1304.495077366801	6.717045645934034	7.556392845326102	2197.0
263	1114.0735496585376	1023.2674290255877	874.5200486365959	1906.7806851166677	1045.150813000621	1134.2940145889365	512.0
226	1111.7301175094892	994.2902590313967	838.8686057479148	1839.078392777641	1026.273923688971	1112.7251706032712	512.0
321	1101.6651806464145	1029.8671817563863	905.0393308185894	1971.4079237191966	1046.1903926976042	1121.9748553943007	729.0
629	1097.8677882121565	994.3738341857882	855.0916377623538	1355.9268848092447	1027.314231394689	1112.7353202915551	0.0
126	26.11937422332042	30.00968229814661	35.48159153137455	826.2943393513058	45.68925798770953	45.96194366844015	1331.0
91	1073.3292868599876	988.9125399179005	823.9802102161599	1503.7342013550663	1002.0709841218578	1069.6419499330102	8.0
265	9.691984155987456	33.6455184509259	35.99715192919392	1146.2886323581388	9.691984155987456	30.969597977681623	5832.0
544	1111.0375637130458	1021.5546556197031	857.2224332108309	1728.9046379848555	1037.0984678284033	1118.4597510788994	216.0
459	33.657586550100596	52.54743264831856	19.99679404789881	1157.3485040539474	9.693434041500616	32.98771396629955	4096.0
621	14.714799141899476	18.012382584023566	10.76459278570033	1176.9847040338982	9.693875022542436	16.862451763419568	4913.0
266	28.656076296192566	15.036021220876105	18.774108428541467	1187.9019066844364	10.96226503173728	35.39849745587787	4913.0
217	9.694763996291895	25.809704401704252	10.135841377244276	1183.1768086029422	11.795268900851811	16.198657895496137	4913.0
401	854.022743772338	765.4311547902051	679.1143905129361	2264.401365505811	790.4357532910157	857.5518793737557	3375.0
324	397.96789727515744	348.0535473607716	318.24674493147296	1741.0552680865308	334.76748343711085	401.5847887181554	3375.0
417	16.46883318014706	23.9844781272901	0	588.7733667026671	10.463750000000001	16.966670033910766	8000.0
308	8.538750000000002	11.459215909090911	0	574.0042670896161	8.538750000000002	8.538750000000002	8000.0
445	1105.368281446092	1048.6683943744363	871.0477293030298	1674.6893125071485	1026.8259590202013	1144.62596176101	27.0
458	45.60248540094332	6.989702083333335	29.867816821438193	904.0653664753344	25.192950345200952	39.94295415094333	6859.0
376	1114.5032279559482	1023.2030061976138	870.4836558647723	1538.0287354035797	1045.2988983032935	1147.1169827895512	8.0
371	1117.7183707584866	1038.1939694813361	872.5829836517408	1676.9664627464826	1039.3661260386004	1140.6493734373637	27.0
312	1124.2033028901433	1021.1412175514728	903.6939925716231	1711.7962972387402	1041.3363548358193	1167.3362163470167	216.0
545	1103.2811278271643	1016.4456687143212	884.0819159205633	1756.5350201210492	1029.2486310723496	1139.471924919054	343.0
504	1107.7095158279894	1024.5303404209744	882.6635377020326	1767.280225598026	1034.886000901182	1131.4312838293856	343.0
404	1114.0890657316886	997.1664755454365	878.4565893059048	1656.8322889607855	1051.8191909414245	1149.6632046776049	125.0
246	25.514435180432205	16.551902322528782	9.697980344651118	1182.2990513281616	11.397698201793974	20.491652491813273	4913.0
420	1102.9220291023682	1030.8139814103833	866.7419063028844	1691.7809618640927	1024.149790794266	1124.9935121797514	125.0
206	1114.9989253655906	977.9169082993559	867.9524538747719	1610.1269303189847	1035.4834710854013	1114.846181950526	27.0
231	13.593200931222793	42.29641236302807	7.539476258020175	1140.3878382772016	0	7.539476258020175	5832.0
546	10.238441693144107	18.345410538972907	13.547888208637705	1126.6001143546255	9.698103008115483	20.050046359978694	4096.0
490	25.87156883603344	27.384701002009734	35.359663208298635	613.0402727194439	9.698166361163619	45.55681267567332	8000.0
25	1102.3354821951123	986.9632824386849	874.6151019580592	1643.9162625844192	1034.4011905765126	1137.7517782926188	64.0
320	38.67945066119752	35.09242279768111	33.74556154821687	1312.520700524466	19.538184878374008	45.55549609707681	3375.0
62	1115.1414298125812	1016.3837619140127	877.8870616240348	2307.41940429064	1041.246932716958	1133.7721704293124	1728.0
77	1132.4994959589098	1026.8213613912924	873.360144388723	1711.0156465726468	1028.0728496395773	1133.8280997441798	216.0
455	1108.0925204394985	991.8803822271985	865.3909347824601	1728.1487949567843	1028.0497830999075	1120.228094121011	343.0
626	1112.4304961590342	1039.9092759453708	867.7754640392916	1947.5192556364511	1030.4737755112606	1131.084189408235	729.0
216	1117.563387902035	1028.15278471903	875.1502701885352	1885.9063358836981	1029.748391282817	1135.6217062171634	512.0
438	13.731741285056666	17.559662784761638	43.325065506188004	1322.369820293821	16.89430389391512	28.679811428358907	3375.0
581	1104.631952288827	1001.0852074740151	865.0994423221075	1720.692847937115	1027.5931938485842	1118.885452990297	343.0
47	37.56676840604252	38.35224879342876	9.703261027002927	1148.7392269775319	18.703261027002927	20.386446553837178	5832.0
83	7.545387736061603	47.874861819496594	14.73771155664575	1193.6799178888916	7.192323820584138	14.051676738316809	4913.0
580	1110.9136341652477	1016.9081256528499	874.2630765396117	2295.680634969729	1037.7910589897037	1124.6419165908903	1728.0
78	1108.0740637691185	1022.0908501258353	877.2156965617634	2308.5427428928724	1035.6708232101557	1129.856749269598	1728.0
391	19.10059726266781	15.528530813382131	9.70275363203374	1133.3687763022224	10.70275363203374	16.20637160976362	5832.0
585	1108.0875136527984	996.0650889489161	897.3095021894352	1952.8321915236445	1019.9422974102401	1116.0538054995616	729.0
468	14.441819960822691	15.90185564139036	26.20594318347645	1130.8773719414148	16.897023709485968	30.941181999831155	4096.0
525	1106.3315283341822	1054.8250077091993	882.2763651498851	1687.281297094574	1038.2281094237624	1144.7146330722146	27.0
333	15.6105	16.9249375	11.63284889469645	879.8064064792968	27.24334889469646	0	6859.0
147	14.803280187041544	17.02190016836741	7.540918207874871	578.761247663136	0	7.540918207874871	8000.0
382	1098.9782945793395	999.3841480749729	867.5572176726029	2520.5285829660247	1024.8145138478205	1131.1470433981967	3375.0
306	1121.9870368537431	1050.5613371612974	870.5465212515194	2067.7091585927233	1038.813079110483	1131.0195822141347	1331.0
555	1103.5760731511514	988.3083436466537	884.6321439151309	2027.935626753268	1044.634087833992	1138.3173190723926	1331.0
192	1130.56670561785	1039.9325570750111	871.4693366615115	1455.5661785425546	1040.0831912255849	1147.100960795102	1.0
594	1109.6853995257948	1028.8076710082219	913.5579365785106	1976.6789389510814	1051.0197798329298	1130.7440553785004	729.0
71	12.029266978924198	11.243044318893006	28.822134240828955	911.4488901622689	14.050234422303989	37.65014383749975	6859.0
209	1118.9769874321034	998.3976593687786	874.3465403648619	1665.61584291426	1025.2839003826791	1124.3431733291495	64.0
286	1121.4813792660475	1012.4205157871024	889.5135350309457	2021.5558126507613	1027.886390768592	1135.993568230773	1331.0
92	40.62601250935865	52.60939498377925	66.98577116505801	1392.971701587197	34.85065779150994	60.80639359607217	2744.0
63	40.704310466593405	56.63644146186383	29.15177412324519	1179.3655703708152	25.705874995222725	32.85120146361723	5832.0
101	1127.8629407800565	1026.8914188874835	883.3780431824209	1761.4215338694764	1044.4956605462646	1137.926581628133	343.0
157	1118.778816756897	1033.3871776553074	872.9136148197069	1695.3971026730042	1019.5846581435966	1122.4632396648242	64.0
279	1117.4589375879261	989.3253312926038	843.9955777973945	1407.9247368144386	1015.419599882481	1120.000641420088	1.0
579	1134.715105895174	1052.3874279387337	875.3294884162805	1789.2570487552862	1053.5533625550347	1150.207558867161	343.0
473	1108.1623060544478	1002.0580830468779	882.5178183753524	1900.9348663274754	1029.5898595942397	1137.8164795452224	729.0
182	34.54155357877672	61.400454652540375	39.04871451493534	1383.1850423490662	11.422869120618447	17.202721746692756	2744.0
240	44.62397921149752	10.666020723124563	35.279360952945765	1363.4060990193116	25.55899816429359	51.438285824630185	2744.0
565	40.76418780400296	77.81313221539173	56.94177988081149	1395.4310369473073	31.05387203129866	60.09991699095517	2197.0
128	21.931984591485552	8.380843749225793	21.931984591485552	1180.3216804539381	23.964358592747118	21.931984591485552	4913.0
534	1106.5487355773953	1008.3333302229902	860.7416362534229	1367.5564540165128	1010.5976724661642	1118.8842221197895	0.0
233	7.365445312500002	9.655817534722225	0	577.8318947578306	0	0	8000.0
450	1112.2942736714886	1007.5732830397758	875.6984860149026	1905.64349691388	1054.8369319777512	1130.7246678922681	512.0
441	1106.0530310016552	1025.1034734658067	872.2230735818187	2578.5049347150593	1016.7258706607347	1129.4991702054392	2197.0
32	13.38065841400527	10.550628685270867	16.900667329861257	1173.4194914066657	19.700667329861258	16.214491426199213	4913.0
537	1138.4899121505705	1019.5613116092615	882.399656828844	1661.2105548640916	1026.4335613075746	1132.5862848117538	27.0
160	1120.5819655044213	997.7922031837439	871.9287789359955	1511.086291843099	1027.4362339181425	1117.9931098045638	8.0
200	1123.9858408591022	1045.3343646803758	882.7250717337528	1918.317712968957	1051.5775388312998	1142.0932946259084	512.0
395	10.140880826170667	15.05985598009908	29.01142406846758	909.3166034435496	9.709193326170666	28.57973656846758	6859.0
163	1113.1089019624667	1000.3085995547328	874.1360158235166	1700.2354648281444	1034.7725549695658	1122.3717878490959	216.0
305	1109.544530275285	1035.5739652943203	893.7700777152136	1954.9157528599703	1019.8131023564019	1117.4512228213196	729.0
541	11.97556987201289	39.345943222706836	28.940674633917645	639.1046245656964	11.632516300584319	35.10428833822621	8000.0
13	1116.8056136446467	1029.8182947144282	886.7206970296737	1696.5538433573042	1043.8147453705262	1136.436287876214	64.0
299	1103.8273805127665	990.0638942022756	877.0369027741227	1928.548299031747	1027.920863394669	1128.9889358093358	1000.0
162	1098.5067914132976	990.0766982164719	885.5002596267561	2276.25868448671	1027.0128893093827	1124.5049999863065	1728.0
106	1130.0744517163864	1006.250981295698	890.2314423614032	1895.1094357236698	1030.4916085204504	1159.4415466040052	512.0
51	1116.4633407438869	1040.0109722122545	894.1103976630872	1999.3268465557203	1034.9072660392328	1139.1001118652707	1000.0
161	21.175697916666664	24.114552083333333	0	1326.7206592540094	9.513595385174419	9.307201636904763	2744.0
244	2.1823803571428573	6.655896138996138	0.3623928571428572	875.5998382101154	0	0	6859.0
415	1108.4416550767742	1037.4239120842583	884.3818108622496	1914.3801294863383	1030.5098108628454	1148.1625090065752	512.0
502	1097.1217420006744	1024.5521900844342	891.630680275691	1966.347341503197	1032.725317195499	1137.063888057758	729.0
493	1105.5195548605664	994.3303527973892	886.5237462450725	1680.471351485702	1041.0021215379513	1135.9676246439024	216.0
277	1123.932282811337	994.5321243680604	875.597471488739	2029.2761311416625	1036.2107909049366	1129.2653605859884	1331.0
447	61.882006748682464	87.50451667796182	93.0177406555016	1154.3919510592189	67.86432698906152	80.74888467412111	1728.0
222	1116.8615844489238	1011.6601397257634	861.2192606164165	1718.631432648415	1043.5237069697582	1108.4469275822403	216.0
52	1082.2475086704185	1005.2384711259714	851.5958375529545	1367.5979667216452	1017.523299590095	1096.3758451746255	0.0
464	1056.7307844561685	1010.739681915143	845.4910424985533	1838.172210731569	1012.6192876486617	1071.4220790111112	512.0
588	1109.171586228115	1032.43865929147	872.2671790660135	1770.6106379862567	1023.7624461018081	1132.5281781929962	343.0
599	54.218065324146565	70.28029012732895	78.89521980931613	804.0394013094916	51.93411743067803	51.26269867977635	1000.0
623	1109.849758508663	1018.371864765067	870.6489181204367	1875.3718309822627	1034.3740963781447	1130.6631486388426	512.0
59	1100.9964821736678	974.6650487628251	844.074332205044	1498.936123644971	1037.7438511406224	1102.4424943994538	8.0
620	10.024366625816992	21.879635435912785	3.3106929939732046	1297.4746695347947	7.647400697674419	3.3106929939732046	3375.0
476	35.987799380483935	25.520419407044496	53.10453954650594	1375.1021964656002	25.93667675473567	46.24082291280852	2744.0
122	1110.4597324477888	1001.2293260977297	862.5271911952931	1545.8371580560263	1041.799001145098	1115.9022555119302	8.0
474	19.5287	52.556821118485104	0.3251875000000001	1205.1159544998886	1.9319166666666667	7.887215772358571	4913.0
440	70.69760056805413	91.6648621323295	72.80489281979422	1430.4825393268547	58.45774344013674	107.56162735865828	2197.0
466	19.590277657361536	26.898270709230392	7.5333976677317205	886.0991157813044	0	17.18984206339706	6859.0
211	1111.668949526506	1015.0979260349745	880.421143812582	1686.1250704815297	1025.5583286309766	1133.0860063817559	64.0
46	1117.2682278118004	1036.9549183744712	870.1541697851858	1685.7713247431486	1051.4096616507727	1143.8789447080333	27.0
510	28.450631894637553	48.960383737780084	38.035484937876845	1236.880021368587	23.898486244734798	50.299804184428545	4913.0
6	1123.3129576381932	1054.5643678271679	886.9854153969918	1989.2991777784384	1051.9514475328654	1123.6987173270004	729.0
381	17.24295487983751	26.060859029351022	24.43988917408334	1128.917326252501	16.90716878052952	24.21936798363702	4096.0
23	0	28.760611067689464	3.453524705398519	1183.2708881039248	0.6288187500000001	3.4876687090943346	4913.0
472	1110.2173808666316	995.3123523228218	870.330691634827	1362.5619564606004	1029.5923755320625	1132.6571098238012	0.0
141	30.48129620213996	37.11806850495798	17.800946149568954	1145.383268279577	14.980603832061457	25.456947505615897	4096.0
618	8.51090625	17.592409840992836	0.2293613281250001	886.8510274459593	8.51090625	14.61541296091978	6859.0
615	1098.3306440286046	1017.3973405090946	880.3727693170822	2583.6872809148635	1039.8531319494841	1143.8785496801418	2197.0
362	0	34.43708666125543	0	908.5215589697582	2.0203728563262198	0	6859.0
374	1106.5173735351505	994.1155207031259	866.2987252254223	1501.0034986932174	1026.6999872290735	1129.0022684994553	8.0
508	1114.2517671257613	1020.038354539533	882.5470289746797	2040.8422535217276	1025.3415862809459	1139.3254157987215	1331.0
186	51.40527203283253	18.276971170752827	39.721422382541434	1332.5329007289652	28.32940187562308	61.31506820152583	3375.0
369	1101.1499608797565	999.1425911334517	868.6621748194673	2293.167194238014	1025.30268144486	1140.9757106712266	1728.0
41	1112.1939489889905	1054.7279116496197	829.9904779961112	1708.9628072680878	1013.3963735804407	1112.017864158473	125.0
416	1104.642600038864	1012.5336452589403	877.5682266365308	1645.9301752029548	1033.091181759812	1141.6165787151444	27.0
442	14.044741768335026	12.336618098223612	10.362017409360666	1182.433353015322	16.07515658725594	16.332601265160037	4913.0
281	1109.0994337040652	1013.6161911719823	860.2017720815437	1659.2915950442025	1022.6095672792254	1108.264322958149	27.0
292	60.94818668780337	52.81508486836596	70.12968212960428	1400.851811444479	41.90543409243343	63.25051526742462	2744.0
422	1099.2743787003044	993.3346014384337	886.0679123244103	2019.6764922856958	1030.6184899130135	1127.671450395905	1331.0
400	22.568867936061586	22.492196468556383	31.435624812023256	1161.8864724904852	23.61119187837109	42.034996334165946	4096.0
300	1110.8945498981727	998.7121162984984	876.5972463543868	1637.1738700344506	1031.1806380946794	1133.3044970638805	27.0
314	1106.1667821682554	987.4427665974548	873.0891027350077	2000.0558991055118	1028.3310479449324	1128.6747181043509	1331.0
342	1089.441561791986	986.4488434847943	827.831962852063	1373.986423221794	1008.7327609792044	1111.48055825341	0.0
343	1107.9804201036623	997.3534651366651	871.7579165029773	2042.9118805324658	1043.4700617796839	1123.7863480877627	1331.0
427	1101.8005794976125	1041.1388575380554	872.9035969413256	2061.8590234208823	1031.5057539939635	1147.4209257007044	1331.0
75	1091.6272243833089	1022.4475385210212	856.5939702050091	1695.1420971099499	1021.8178197492953	1117.336496897138	64.0
366	1099.7402180092952	999.3794810045993	876.3917553950251	1926.3969368197365	1028.0164599232626	1142.5401455207752	729.0
37	11.472599978452925	7.79336349336884	0	887.0774014423437	3.786677083333333	2.82946875	6859.0
208	1106.0099880801629	1004.0429961334062	867.0625027887537	1686.1379279618554	1029.9849168556598	1117.643441459085	216.0
357	65.75661528052589	81.25212415539312	57.0877230430346	1408.411547130182	44.93771451121134	87.1505440871493	2197.0
434	1116.579147581124	994.837767558726	838.7983633301949	1632.240206988436	1005.9054292610441	1086.429332718534	64.0
389	3.2927833333333334	9.242088020833334	0	1123.4464702759133	0	0	5832.0
282	13.597257332170924	40.695250979843195	39.61221336449801	929.3562296938153	0	34.6078354172875	6859.0
595	1107.8666728473763	993.2623728200132	890.9813882653067	1936.4352092842232	1029.2944506623169	1132.990759443396	729.0
522	1134.7927692625458	994.372028805184	897.5922950946494	2343.1996193638524	1025.793585226434	1132.7820668306679	1728.0
250	11.041089653361349	18.425106994047617	0	597.8993041578714	0	0	8000.0
309	1102.2832672147338	1021.6318793473296	866.9541215757353	2585.7790842447116	1026.5013729327613	1138.262826007425	2197.0
485	1140.7574398968434	1026.0076179388755	893.9897701020395	2620.3164784650157	1033.6293692974123	1130.7206236773625	2197.0
149	1099.3838590245973	1021.9320359753588	878.0801302725426	1904.10366751575	1035.8686800364658	1135.2188876855491	512.0
481	58.19591556896521	42.29869930099898	94.41470132692706	1395.2410510173788	51.51628705932963	76.07087048316012	2744.0
611	19.260082296572158	14.346559181171274	9.71248556933208	899.9324658343335	16.908173548426156	19.260082296572158	6859.0
372	1123.870865803049	1005.5021670226173	866.4186985311185	2309.943305534846	1041.6468339601126	1147.9352443611147	1728.0
188	1107.4102758694764	1008.0675723768275	876.5301080927069	1929.6952136394377	1035.4130547138377	1132.9590593459632	729.0
495	1098.3330532964903	996.541733456588	872.0865793760795	2295.1580169505937	1027.1541142807314	1122.371764757874	1728.0
453	1096.11492012841	1013.3760751036322	868.5305645546707	2593.3289681402202	1014.4134584944629	1139.8865648046774	2197.0
307	0	5.6445952380952376	0	577.8480082619361	0	0	8000.0
170	1098.3797666738074	1004.2064546788163	864.1242352766722	2569.1422379446226	1027.1114589162557	1129.5711669514953	2744.0
505	1108.044072639475	1000.8424742358085	866.7386157936445	1380.206974977018	1038.1282752969234	1129.8535308153932	0.0
370	1111.4361843708298	998.6467267232681	885.9916972021038	1986.6299803384507	1037.323483616656	1139.1955094971195	1000.0
542	92.00608992276065	60.603749275424875	76.91508961869458	1421.175619849111	30.543892058623662	79.3503530790454	2744.0
497	1112.1904784861101	1005.605499709022	868.6778658459405	1661.1323201023163	1035.0521279398547	1133.5112749095972	27.0
563	24.3792464289381	52.92398322707313	45.87094146444043	1390.849135218319	35.611020371646504	15.696086588315419	2744.0
68	1101.1291469140428	999.4679345695665	884.123093819418	1669.8873349816233	1043.5490784285355	1153.1578689352202	125.0
43	1107.2540238245253	1011.0692648219567	861.5336988147467	1655.3571011385625	1045.135160206436	1136.3217507384907	27.0
20	1098.2539584804294	955.326363851005	830.9272475971825	1355.006660753935	1019.0474211568193	1115.195342092499	0.0
515	12.797324736753955	51.96123189016432	33.773401794438115	1379.469749999882	10.913332332179317	16.83866708147261	2744.0
633	8.889519117647062	6.2148803661616165	0	582.1692699017661	2.805	2.805	8000.0
619	1119.8458726340255	989.7018247685637	866.3972226951079	1668.3852931152626	1047.046162819608	1130.9812434723965	125.0
575	43.87041517891276	36.643539510371305	31.50663203006185	1349.7149112272432	40.27113664001754	47.26144375964708	3375.0
273	1107.6368758779317	1018.2962281583954	873.3808505171852	1777.077944471813	1035.112561353654	1133.5900735724256	343.0
351	1112.8826842095325	994.2596307436772	846.492946098627	1418.6783120963319	1011.2493855810434	1125.5431942007501	1.0
500	10.351435818330563	39.875219093831404	10.351435818330563	1157.3435234930819	10.351435818330563	16.31666658549679	5832.0
280	1101.8013447643166	982.1783837434596	863.3263946345662	1638.8979937451843	1019.0696162184927	1118.5020404700367	27.0
583	1097.6718996591069	983.3616647827243	847.2079509229454	1415.7285380485462	1022.500988950315	1120.82033060606	1.0
49	16.96619130017415	17.454772682686997	11.067566300174146	1134.1574316873737	10.400191300174146	17.03567727877575	4096.0
394	1112.0377683201696	1021.5113537218095	885.200675359506	2351.337891963216	1048.8508844167573	1137.4682964433998	1728.0
136	1100.7403891200968	994.1129635975977	866.0350274115167	2312.478064139386	1035.9215534533862	1134.534587901896	1728.0
109	47.822244727436804	48.02303761778914	20.66625309926246	1182.5494794351257	13.717824255993706	29.18409681077017	4096.0
219	12.93760367647059	34.05893870147001	13.705975577614701	612.2550761335692	1.8575	8.695915715278296	8000.0
173	1096.2879215299745	1007.6573539032127	866.9835278221436	2586.5524594766557	1033.40424519972	1127.0038946976674	2197.0
69	22.322058364879	32.1463468135134	18.647890481003863	897.4069006225617	11.64963196918129	13.985047413260887	6859.0
288	1120.9442092159136	1028.087065440268	865.0803964833829	1678.530242775816	1025.7652405919955	1127.5354298084092	27.0
564	1127.231035885952	1020.8956784574134	867.8828152459323	1693.8889275146178	1030.1813975704829	1134.8739699627731	125.0
405	1093.8140337332602	996.518124521294	856.752877509902	1552.1450944052842	1028.9832311171672	1113.4348258602615	8.0
80	1102.6118546338446	1023.7676210085837	865.8716320770579	1663.9937170760218	1034.2433157417222	1133.8977783206026	27.0
461	1118.1850999615851	1017.3238918522516	871.4579339787684	1671.6059411545414	1040.0150432935568	1137.0065743298624	27.0
144	10.429216643998705	3.896131076388889	10.429216643998705	887.2172686474131	10.429216643998705	10.831117685665372	6859.0
205	11.110499999999996	24.646026085434173	0	898.5081369834087	0	0	6859.0
313	1110.1622063871541	1014.7527325999172	884.4956112120688	2009.2432257280323	1038.0587587052742	1119.9166572911743	1000.0
166	1104.6526320939968	1042.6722762710165	885.3297879578669	2032.5780556548405	1067.0195619963322	1133.4832810020764	1000.0
8	1105.3387069686394	982.7683115459083	868.9906286093516	1411.2211619272798	1034.6117287948173	1134.6421537929698	1.0
255	1103.2729988377846	996.0816898589878	870.5481983597541	2322.3012060976694	1021.4652579749219	1144.639577713353	1728.0
258	15.42853304127154	6.413701367299944	10.428126791271541	593.3202973718364	10.428126791271541	10.956968436349262	8000.0
151	1099.3497084247722	997.8941210637469	881.9904216877243	2588.9787963176705	1030.4773914338027	1134.4319022112998	2744.0
199	1107.4090444424012	1020.8360442496182	872.8683636749081	1898.2167483008618	1029.6838569121321	1133.0896398652183	512.0
587	1102.7088463525154	991.8449532351361	882.227957592396	2024.801420183823	1031.065992510033	1135.9652852530241	1331.0
53	1105.6422029754951	1005.9664832271986	863.0110470371721	1744.9146410399505	1040.0234997625046	1124.4775424012773	343.0
252	6.724593749999999	46.36161730168598	0	923.2253870697024	6.724593749999999	12.693234140366307	6859.0
99	10.409208858279921	41.96778939598828	10.409208858279921	1162.1881244967803	10.409208858279921	16.37805476645118	5832.0
410	1104.4254747160883	1010.5331521846034	870.0926062051797	1960.1271243498265	1039.558904885931	1121.4009183217493	729.0
465	1112.0766947084908	1007.1135870397445	879.4261440248986	1722.0207354195304	1038.579312929982	1138.0167576023698	216.0
437	1117.768408903192	1029.2286872665202	868.4647397492835	2602.774967226525	1047.186199511218	1144.653530220111	2197.0
293	1105.6697997295887	996.6119846383059	850.5357414917107	1562.3578632576039	1036.499996463569	1127.1392752856157	8.0
105	7.490801790024511	8.17284912766413	0.7918339857832478	892.0139190771177	0.7918339857832478	6.421300607249821	6859.0
50	53.124281142544774	50.51853840593934	47.177609058800705	1177.8141581461905	29.480080037837546	69.67442752899917	4096.0
572	1116.331405571997	1031.4015259782439	870.8207867031275	2604.243245120872	1044.0168194165233	1149.0542280318125	2197.0
591	1106.8708100689998	991.5440034932508	877.4774591828153	1755.3617477026514	1029.8337267290565	1128.58701890136	343.0
193	4.500500000000001	8.554119791666666	0	583.0697058840396	0	0	8000.0
435	1120.616004136737	982.8487550834968	868.9327391300424	1675.9089048522396	1035.0403923625624	1126.4053725357082	64.0
260	1100.1696402588734	1005.9088520274584	878.7008366564064	1774.1710691459186	1036.628570361235	1135.852037790191	343.0
318	1133.547349776781	1027.7812102343228	875.4290468038922	1786.898539778291	1050.2364593060859	1156.121559849014	343.0
454	9.740459742647063	9.342916666666666	0	590.0461032933507	3.66	3.66	8000.0
624	1108.1986045734568	1005.6821196309712	859.8983370797346	1645.3767346097754	1025.6394854021814	1139.2621614825996	27.0
87	1120.1620723984345	1031.7143383922023	883.6810490088188	2362.552838048609	1066.8320683231311	1149.1166279853328	1728.0
601	1125.7474813182619	999.5020265085416	888.1905108150651	2038.0732368091326	1034.5617943068082	1140.2233981318577	1331.0
291	17.9235097715753	25.744292961076027	16.213466966384416	1190.0589393932091	0.36112133961839943	10.857050877280383	4913.0
111	1117.9649375457152	990.8146833082557	875.1984449323613	1916.014429385497	1057.4311903193402	1132.4178175963552	729.0
302	1110.8635736183414	1022.6492668895377	868.499411490706	2581.613044726036	1032.001001923467	1137.9019329730959	2197.0
19	1103.9707287968042	994.052123009314	874.050709728041	1953.3760306839024	1033.5765686701525	1143.8583645297495	1000.0
287	62.93133310668554	66.41368245660304	43.27179641863128	1386.814412951748	24.044565296106345	63.99446611123543	3375.0
4	1103.2586132912393	998.349114465486	873.9691966404963	1547.0944066080135	1031.99501200938	1131.5495090512911	8.0
66	0	8.329372847817599	0	585.6927072444356	0	5.970414514484267	8000.0
471	1108.6643740542368	1007.4906009516712	866.5088953431351	2581.075320353774	1036.0208364440407	1135.9962395823334	2744.0
289	1094.491732620238	1001.4583770840594	873.054576275771	1691.263810825495	1044.549281974945	1136.3101167834634	64.0
213	44.75644151679161	92.829646972809	58.42798371504221	1405.8558019408385	24.1213420324412	55.29994629570408	3375.0
528	1092.0053793510856	1013.8550417601255	866.7679324245163	1969.1143017549637	1023.8440296455191	1122.6088965165163	1000.0
380	1120.4198040511117	1025.1661596418278	879.3860819194703	1697.9887119497887	1056.7946037947543	1144.8576820424794	64.0
428	1130.125464080825	1042.594002758282	838.9925177367314	1720.4566831229752	1034.0055127933313	1122.1636465728734	125.0
158	24.532092803030302	28.063436691919186	0	907.0042670910384	9.781562499999998	9.781562499999998	6859.0
39	47.00320116364394	45.56323563725755	67.1323422870101	1371.4488478881403	45.840826329157906	62.441562652136845	2744.0
36	1142.113294326428	1017.9623520255287	880.4183826962668	2000.6280026403258	1068.3793611291023	1144.6318478223702	1000.0
156	1138.6031082752772	996.4418249584785	861.894403322269	1678.3279023139419	1030.5409985847089	1115.2882324372854	125.0
24	1101.3726208544815	1007.7853798587278	872.1341283444066	1671.236448398466	1035.0413737768756	1138.1157636570774	125.0
108	82.4501628244572	81.76233885470131	69.7786054112302	1418.21343134175	44.93169886798197	78.7325015213192	2197.0
635	1089.9497887701132	988.4180837875127	878.0744371590938	1964.5642862744057	1024.871956091425	1132.6544041104828	1000.0
152	1115.0026999966067	1022.9832533226535	876.5241174451343	1691.251792667542	1057.4336452181317	1153.0296353998074	64.0
377	1098.3089777622545	1009.3251680976808	898.4645616780306	1961.8398726541725	1045.6048186504606	1146.6750901122405	729.0
559	9.761204385702866	3.5293564814814817	27.802340695226672	819.1968768493211	9.761204385702866	27.802340695226672	6859.0
451	1052.9089457286436	982.2381450858609	821.8549629593587	1595.9999623693043	985.6444712009575	1082.9289183119492	125.0
323	1059.5240714354577	966.1710239000059	831.6227665465876	1788.2638140672561	975.4456823521367	1076.3505874007865	512.0
337	1032.6084264416425	924.852501496243	796.0801647443444	1320.255048108312	967.0205000489083	1037.2279150005622	1.0
484	1.9288125	4.781711742424243	0	793.9846571431667	1.9288125	0	6859.0
411	1035.1639325296478	960.7428697129822	811.2969409904647	1573.6485383552606	965.6512522496713	1059.2211667675408	125.0
294	1049.1998157102505	982.9184399777083	807.6316642721816	1826.9745701993997	993.3263056566698	1064.5338527957347	512.0
345	39.819791638912974	53.36548619773538	50.27532768881053	1276.7473311217248	23.69783312362241	56.59340695895647	3375.0
202	1065.3890633567644	938.9208007928723	799.2109327638952	1595.1035038559767	996.4076305237174	1076.7960785552275	216.0
15	1057.6318296073462	949.7311631278521	811.3114018174615	1615.5297041177453	987.504734055968	1049.0772181130458	216.0
332	1061.715252004035	928.8680649180858	819.7495279966482	1546.5377841461163	977.0301739023648	1049.0356721098542	64.0
268	25.18037809343025	16.416497254382428	16.28318920638367	1241.2807122026563	7.9463633553788515	39.72723012347882	2744.0
114	34.56836625174269	46.415577581067716	20.387139187786	1060.5553043459065	7.296618504707497	22.83668863034448	4096.0
230	33.19975966314409	49.484141728941644	8.343373315987337	1227.8102811727877	2.592226341282264	18.524855274223953	3375.0
264	1065.4078718230598	966.8917138972163	823.6272070252386	1873.8340117632254	1005.0843539892894	1090.5673917708418	1000.0
355	2.0136166666666666	11.34482102512737	0.2630416666666666	803.1080460877215	0.2630416666666666	6.2334039491286735	6859.0
503	1072.567764711242	961.3039598628767	834.0438203848863	2196.209855561166	984.9841408718768	1094.246083095629	1728.0
322	1028.7045320301734	942.2709278697	809.0249178431134	1528.1911188581394	956.5857781323484	1041.5516092891844	27.0
112	7.000686684017793	37.24775914425472	35.67594879633499	1252.4185052114083	17.381279101906404	8.09447026558795	2744.0
593	1051.1558129591867	956.8552844944121	814.9410175444291	1577.3468225409895	972.4003461525284	1067.4486080521986	125.0
278	3.2884510869565218	37.15874187807737	0.772134420289855	1098.2959197273326	3.2884510869565218	4.303006925833092	4913.0
218	26.33598601582292	43.329274725428995	49.06784596513794	861.4968938596355	15.70356651046971	43.46602550961954	6859.0
347	1047.7626444095306	954.5396410844362	828.8845005771059	2174.3006048491043	969.46034636995	1067.6554919964226	1728.0
259	1042.2875015682837	945.0207112766352	819.7839224842455	1816.9249386100776	986.8829372400705	1073.7192138150428	729.0
360	1063.0733431795688	961.2885939829969	830.399219419184	1866.6318982598061	994.4327486610814	1087.4627220464133	1000.0
228	1041.571331723246	924.6212891611277	842.9429570912415	1913.0002263775839	999.3515261504366	1064.6759774037878	1331.0
82	17.03163007465473	18.689801051475293	17.531695550845207	542.9819717101358	10.02726747088748	23.50441177633103	8000.0
368	1064.8307199052733	981.2226658894165	829.8071318728457	1689.0320817938723	991.0965498614402	1068.4833520241582	343.0
18	1047.2897160196985	938.6167189728513	820.6312356655059	1296.5241375947217	981.2673475545985	1078.2624885514167	0.0
74	1043.3820196090696	929.5814905530256	810.5020415750253	1420.4021577455537	961.4986733677059	1057.9247087034016	8.0
203	9.753254969999787	10.718164210346693	10.264109969999787	1080.4567273267721	9.753254969999787	16.237877873528298	4913.0
610	1048.7724187030426	952.434865854781	829.6245586173922	1867.400436106717	989.2362129945888	1083.8068586815382	1000.0
115	1055.9802832034557	984.310450707472	820.6375260958708	1607.3626650188264	994.112868769786	1072.6789728525016	64.0
10	14.757397393709512	48.89988888089917	39.6295740363911	1276.994171635613	24.890369371111575	32.182392873811764	2744.0
418	1051.1879551225547	957.3739717334686	832.387221125122	1925.6399952003962	976.4701112893343	1075.1873355166927	1331.0
608	28.367557924472983	44.160455304558006	13.2615179734926	1115.8379298758077	8.02923018292683	7.735809953106328	4913.0
636	51.1837018142515	50.831507774381095	72.98658452707673	1288.8870648804773	32.64541676873873	74.44183156292299	3375.0
107	1039.5252295046769	940.5992762048327	809.2786138695334	1531.5796391894673	971.757215902291	1061.281144213269	27.0
530	1.71790625	6.235674799465241	0.521280303030303	1020.9872018614408	0	0.521280303030303	5832.0
532	1052.2140637069551	958.538611734946	833.0017079706438	1851.277756306619	984.2377553214708	1071.298844259659	729.0
631	1037.4473477277306	960.4139212646942	804.2831150669588	1928.2772178054017	954.4704993555246	1063.095227145173	1331.0
129	1030.64845010524	963.6567852316186	813.793973859355	2193.791052585898	956.4758821394955	1058.7777180171663	1728.0
55	1039.736225434665	946.3579499886736	819.2920279576224	1802.8240960140827	968.7649174004963	1070.5606468739477	729.0
538	1048.5286990819368	953.8437389273985	816.2901097302222	1846.0606026457795	971.8766584332359	1067.8911705223256	1000.0
627	1039.4443534594843	948.4020467704805	800.9742134657123	1344.886674928398	955.2252307530074	1068.0565624271214	1.0
407	1046.5183688878226	931.1990308767411	773.3124897945288	1327.1173594518161	962.5041503214338	1054.454268071249	1.0
215	1049.8402633848282	959.6118922165216	820.6251075662776	1858.4764768988102	970.6201217307754	1061.6390395715225	1000.0
175	81.96782103130134	39.864945672410585	62.62881000932511	1059.9224010615367	51.333848922386075	78.03390793182456	1728.0
197	15.0	19.216345873655918	4.8717397997392915	1030.6729730464947	15.0	18.31639604973929	5832.0
159	1042.1201260453158	934.952127866313	824.0853058277578	1553.9373320666562	972.7616137897847	1071.953936040173	125.0
550	1018.6655068790013	932.9404182384388	804.222005671049	1638.4261431160362	957.56787499717	1041.681913175352	343.0
58	3.81	4.741769791666667	0	525.6189058185754	3.81	0	8000.0
242	1042.740253969706	942.1160031101051	832.4757916731025	1850.1580673861401	978.7803656111595	1074.3195625211292	1000.0
254	37.06309650582537	45.01104475903431	52.5322634821352	1266.560364844185	31.3884231953997	50.56892210981364	3375.0
164	1031.122389058403	943.7813041742811	815.1556951623318	2157.565459499596	960.7405087022048	1058.1167206750074	1728.0
359	16.63692313316283	18.218370850123975	9.573961891279707	1037.1012026764795	8.521807061734252	8.710182833339191	4096.0
551	1066.030268869563	976.0904448335975	813.1968326019951	1639.442633178626	981.8483533979446	1090.9595838028245	216.0
150	1052.309173737472	938.4862629125225	822.1984931870559	1590.5597678972053	990.6702956840043	1075.8566005632401	216.0
364	16.754040013572375	25.26549554347094	23.412357031428716	1049.4479380998432	17.037913065938632	23.80689302560512	4096.0
331	1048.390327795993	949.3950221301255	825.520023470706	2419.76667734138	970.6968305421291	1082.0328966098423	2197.0
139	1068.8160254251009	950.1328834751517	842.7565963610868	1826.5666470371264	986.0049311947272	1083.5564696778372	729.0
336	1033.0713533929402	965.1048282133971	808.4203113833099	1775.2810796966353	951.1113391048505	1052.1695087122212	512.0
86	13.979134375000001	25.08576105693086	7.645760616548816	1046.0037140727654	7.306071033215483	5.971102203577352	4096.0
487	126.2433503709531	128.89015010383275	148.31235880270512	1396.4289993497423	134.75207241397757	142.35685374543522	2197.0
270	1040.9156913896409	929.1164871314471	827.2435870059059	1772.895137662608	988.2762020129763	1069.3300037538888	512.0
130	25.08683920693277	30.162289746531957	0.5585714285714285	1105.2806025914635	15.0	15.297486278623053	4913.0
81	9.735448901081684	9.8617370056367	15.430648256434194	1088.9815996598913	16.110054506434192	10.414855151081683	4913.0
513	1077.283856833944	951.9897565035717	824.280972983037	1662.8247203762257	994.3671034399877	1088.1861159715656	343.0
577	0.5966938610662358	35.865612845891974	42.32773984021833	1247.0457570377682	12.983103280630765	18.050558848466707	3375.0
148	27.141450326552746	41.416085304534704	53.574428687649785	1265.9438848578047	23.776739292620434	33.659792220041496	3375.0
176	0.5975034219001609	23.63907804890656	0.55125	1053.110326361701	0	7.022667852243378	4096.0
94	12.062280637254906	11.016596690590113	0.5648823529411764	1036.6604110067155	0	0	5832.0
319	1049.993611132835	922.8977334197288	800.2354193104875	1538.9249247512798	962.2605492235003	1049.9687452979788	27.0
408	1025.639005420441	943.6442529400322	808.2466538937591	1557.4558072072273	961.2957844831963	1056.356241032818	125.0
56	0	9.49210900796976	10.562205549946395	809.9217136223316	10.562205549946395	5.970211785747537	6859.0
637	1055.4936110011508	932.7858974584169	834.6607070992513	2177.0908482122263	966.6426955828192	1061.7221978708317	1728.0
127	1045.957774827114	925.4118214125626	816.0348261943642	1750.260681965059	973.936536454862	1060.3322010927748	512.0
143	0	39.616603574448966	18.07776587301587	858.7573248592556	0	24.046365650402137	6859.0
509	6.0	22.628073120909626	0.46686979166666676	1098.1446085132125	0	5.968972033953104	4913.0
386	0	12.69855472467606	0	536.7193512673	0	5.968798958141248	8000.0
7	1032.1802972798052	953.9414623406363	840.0299750973343	1878.605861044075	964.1528271010708	1072.8512882831637	1000.0
463	1037.2994941133213	960.5753955902812	804.6663875042974	1562.6896884701446	966.9638673545365	1054.3742042456001	64.0
17	1049.5186460566513	934.2393276314806	823.5998407501542	1898.1468897104999	972.0965389716415	1069.395695991339	1331.0
85	1041.6018353708257	977.6640820287387	821.7756416384086	1803.97621962318	972.504643360316	1073.527356002577	512.0
72	1042.6945070569866	963.6275478267205	830.3570269210392	1877.4584313761193	954.6427804254116	1065.4506783664897	1000.0
33	1037.9324522361255	940.029520821603	832.3138912686646	2200.630789175434	986.4844701593348	1082.8592575415314	1728.0
634	1052.0919743892905	953.0173320362615	839.0508319929127	2193.712764915763	968.136887049141	1070.6976874433979	1728.0
93	9.723181201672341	31.30406753164665	9.723181201672341	563.7213890011762	9.723181201672341	9.723181201672341	8000.0
185	1058.430153013318	954.094504978888	804.8085875132614	1571.6208633350354	960.9135326794473	1060.4176306782056	27.0
181	13.59474416648256	60.74438342341752	31.3669328389832	1130.7150508167213	10.561010671624848	21.15090366257927	4913.0
235	1038.9555210002204	937.9582626026923	825.6147587443908	1639.7480872646179	964.9744045010032	1068.6125230521643	343.0
28	1039.372287005273	940.5483293276542	820.2191959630709	1296.4555705560776	964.4201749662794	1070.280829698432	0.0
469	7.03307267594538	3.432463883338883	0	812.9698447343151	0	0	6859.0
339	1041.38786689681	922.7847794500349	833.3501845766046	2399.6959913757514	964.8345104223889	1077.9665069493901	2197.0
1	1042.0624910973381	953.3119941928633	809.9383744823026	1359.8894175382704	961.0034342427991	1057.3341986722737	1.0
354	1031.3282750707272	901.1226880498599	799.984589016811	1400.1175334242557	952.414554134974	1034.0974527787464	8.0
573	1040.8243361353161	930.172141734659	843.3245469760234	1938.9134630193153	994.261504783618	1077.7768561838786	1331.0
365	15.302549972232084	3.5532900985663085	23.363383710968833	1055.3597227876392	11.751893684570673	22.99009326979236	5832.0
496	72.30865125575792	50.78510503738789	90.20241561459814	1305.0690935659218	57.452106807128004	86.44175894826068	2744.0
423	1038.6336139139073	929.3803614768485	818.6248841571247	1533.4882580586166	954.0641328931603	1056.619163109287	27.0
516	1041.4152122434377	954.3503339725363	837.5891202726036	1667.2512022329431	963.0190645604968	1065.0366801638386	343.0
549	1055.8227774487648	927.6485455356847	833.2636411056033	1823.8741410006169	960.3961228427121	1031.2086060816287	729.0
373	27.177527265535446	51.07590123874864	30.775891487910535	1260.7882269546083	20.074622649043157	25.01096384157854	2197.0
492	31.7930209126822	24.792561097460005	22.677735277542084	1059.4279785683532	6.664417364067223	10.328961663474855	4096.0
57	1036.0462155938683	935.4233596437323	822.6035243346377	1834.5264670318938	961.6263438556994	1072.6403789094916	1000.0
436	1027.891227088978	928.6878705160923	786.5268813917932	1289.642605318037	944.4936433991161	1048.9644786299496	0.0
210	4.22258299512987	8.285145495129871	0	530.3761474068563	0	0	8000.0
531	1035.6824359794994	921.832722562509	817.9239731754503	1822.5077724329774	967.7031944898977	1066.7524008153134	1000.0
132	1040.4025283357337	940.1117967754896	834.2982646330678	1597.4788930378093	982.7550103856842	1084.0633522809715	216.0
524	1042.348292240716	933.3063680310395	802.2896576540059	1297.5977421058553	960.9685274240203	1055.3785386775917	0.0
392	1058.6311562574092	964.4741498142678	835.3996613125012	1787.3082974516203	962.3100396392019	1084.6676499558878	512.0
5	0	5.736566666666667	0	531.363218159201	0	0	8000.0
275	1032.0790733984393	930.6081449993395	803.5067388535667	1276.0143569624142	950.3457583693494	1044.496473658538	0.0
596	0.6447891117325186	15.908136631964961	1.6144986065060378	1048.7270086829888	3.550310961326015	7.675551919476108	4096.0
361	1053.576522707427	939.3615078329707	820.2774089214381	1338.2908620193255	962.5181123417609	1070.1971432845812	1.0
352	1029.832672073678	918.6279516321331	825.7536336159294	2146.221006488354	952.4469936913116	1056.018409841686	1728.0
526	1024.580516250372	948.5683479018235	812.5510668953373	1782.9447527474472	954.0870860696875	1051.6733378274737	512.0
414	1040.0974247408863	937.9377838894173	813.192898863275	1558.132670998268	955.7679824748558	1066.9662047033453	27.0
237	1041.857677649084	963.949597861423	810.4960522605453	1362.6894647813679	973.7135807960649	1077.9823708438878	1.0
204	1040.0536814177665	917.0048905993575	808.935965388217	1593.922662038514	975.176142368761	1070.353784050133	216.0
12	1023.1096280989458	925.0453917079968	793.4779333064172	1519.2910787210667	938.4529787736724	1020.7028584035377	27.0
232	1013.9618650358896	924.2705745967036	783.0867689850656	1536.5594464490096	935.0638950611476	1014.027444457523	125.0
514	1036.7670319814338	952.6934104844668	815.7533008102839	1559.5903478987789	952.7216511641092	1061.2136690683246	64.0
172	1039.114057992992	915.2077014833619	800.7532515538013	1577.4191795628483	954.4140727777287	1035.2398709198924	216.0
174	1028.1633079909159	927.912181777001	780.1180521734586	1297.891161233066	943.7523191212334	1050.7667255471727	0.0
403	1022.4725681491561	916.7979478830828	782.1412280096067	1404.0880571374053	943.8590836787304	1026.289329344952	8.0
315	1047.8636455621752	937.4413374019274	818.8942436576042	1596.9031312770542	947.7374396431612	1074.0315731691792	216.0
44	40.12704565076078	69.45277578988005	46.009212870012156	730.4740425709188	21.791308132705552	34.41001267389039	729.0
480	44.91000697953258	36.1651437079051	17.05926113744552	1255.9199327240924	11.134314416535334	22.59796434998077	3375.0
30	30.491854530821566	50.61599290366336	21.054226427732818	1284.7736287902383	9.706356693785652	36.29072631962516	3375.0
501	1032.0537355314864	923.7556613132724	814.354651689649	1629.3957225981699	963.5805068605255	1060.277661904914	343.0
379	1045.604707800005	926.8579164855997	816.6509174334004	1575.9942344740691	957.3006216856573	1059.927902062081	64.0
578	1032.937776511771	934.1190674827229	801.021286780224	1605.6995194758995	944.4235374052168	1048.552679965987	216.0
533	1029.8822085493475	918.9293352996349	804.5966745062755	1304.9669278530323	953.705323890146	1051.112950876771	1.0
167	0	0.9066057971014493	0	528.9911274113529	0	0	8000.0
110	16.71381503507893	44.66550822354002	35.589351749318865	1267.2281663670062	9.70960116515414	26.203937525884697	3375.0
520	11.146484000078509	4.735853409090909	9.710671500078508	823.0422358508314	9.710671500078508	9.710671500078508	6859.0
449	9.710324059679934	3.513994714957873	39.24096816372708	841.7777433576002	20.273692189701112	28.677600033705904	6859.0
88	1.265966996281271	8.170007782890504	18.982508928571423	839.1533199037771	0	26.2241474406286	6859.0
383	1053.751971013789	959.4242461509313	851.9529213443718	2233.3493409977395	961.7077441029917	1077.0111024585908	1728.0
561	1045.4739386792771	956.5347730743676	817.5549765734281	1568.6460927597866	961.3751386834365	1071.0436718529186	64.0
375	1043.885407938555	928.2805694422948	847.3953188745724	1811.9494249752204	964.7709672332276	1073.8512601041566	729.0
177	4.353944444444446	8.427315767973855	0	540.8163714112364	0	0	8000.0
424	1041.1464559479698	922.8319177376778	809.8406291333004	1314.7910283967706	947.1057239771188	1070.577860305558	1.0
413	1037.4427236601866	922.0683882946515	836.8288344224942	2412.2467269218687	970.8825217258795	1071.2254257481611	2744.0
248	1045.7212942596602	933.6047069993905	833.0089740996743	1764.7744885245083	964.986301363623	1072.7388718352045	512.0
491	1042.2939110377042	949.0168366515796	809.8756572081153	2425.6516563773744	955.1920771962035	1060.5483805733886	2197.0
35	1050.847327335076	927.3532969166369	828.8987873065673	1420.9386674038535	969.0885319392172	1073.0009692051449	8.0
402	15.78068179563492	41.94246385983744	22.425647432023748	1245.9740965801711	0	11.475913907521317	3375.0
517	1038.5845419051893	961.8765789677607	826.5973470312601	2438.1318126527012	962.7887531094275	1079.5906936395195	2197.0
511	1040.6384425455394	947.2361424967164	832.9668594885408	1836.718640554603	964.6489345226715	1059.427620831321	729.0
290	10.981802320595929	19.49241647717616	9.707982344841618	1059.3362802390272	9.707982344841618	16.96169039840566	4096.0
310	19.961918368417475	5.587207501093375	22.94726682805454	1059.4355693066111	9.708663082633299	26.6609740086351	5832.0
194	1029.0948153833529	934.0664981313708	837.1555114314418	1846.3604174657912	950.7209768533595	1060.3766360348404	1000.0
519	10.976785361291416	32.748480024082724	31.403982627836314	1082.3110935113227	18.13345326097438	33.639940496428544	4096.0
607	1.2704970207910748	33.23539194042582	27.606761368516366	1069.5214738729912	10.812959697413563	19.421875104672253	4096.0
512	1062.1797831045028	949.3753680195323	831.8260324201508	1444.914657910969	975.898200795034	1077.7872326289282	8.0
340	63.3331494668791	66.21063087093714	90.99156243565064	1329.1273976779053	46.359958233020336	79.51268801093889	2744.0
123	0	32.320449743116306	0	1113.8364216350801	0	0	4913.0
303	1035.938129776339	933.0556194926028	828.0379251911139	1759.8893959956927	958.9628969598525	1071.3218906658499	512.0
190	1025.504949462511	933.1662668622827	816.8818370889745	1884.029996361994	950.6139014174082	1054.136677605304	1331.0
102	24.41048921765891	24.845105407348115	26.185073368154217	1068.153472076656	9.702313329331835	41.10327334197247	4096.0
569	1044.1580650973085	942.3595642027532	823.9818032801629	1651.593028923859	960.1237783017881	1062.3172165017663	343.0
426	9.700622539815111	11.736485987751069	28.598247539815105	572.9409101940265	9.700622539815111	34.57865776999043	8000.0
613	77.53051365526214	43.64737855529147	49.803525849129244	1118.5372477861504	21.541742213895542	68.20849549583966	4096.0
296	1032.223190790811	915.8920632040666	827.9594782650817	1889.708619880965	966.3620761622104	1065.4444960054325	1331.0
470	27.970661233792995	38.38229298075815	19.106727635292202	1151.4716450791188	10.981919656829302	34.57662808608838	4913.0
224	21.163017894796415	28.000706505064137	42.49350194598106	1079.0937803063346	28.33315701897196	37.11151268412491	4096.0
236	1043.2926825724364	945.912225974616	835.5812022009704	1623.7195902991061	966.4855013455037	1061.380718632126	216.0
353	1040.21859286613	946.8939949717126	821.4107600083589	1559.0729385943578	959.53771542277	1074.3887427105258	64.0
238	1025.1366574382023	921.3143276322243	808.0825618809265	1273.1527329407306	951.73577926854	1059.8333063268274	0.0
566	9.705869888066095	0.9290340773809523	28.622824649970852	842.0717130766764	9.705869888066095	28.622824649970852	6859.0
632	42.755830657361166	48.83339811101098	20.01821199297892	1265.0100589070564	9.70584557715304	29.90204847370103	3375.0
448	12.585626057310265	37.25018651997265	6.999418336722026	1068.7500909954579	0	12.980302791065071	5832.0
227	1035.8005663458289	934.1070483422587	817.5149263340644	1287.4189207999582	958.8131281420673	1069.3050325287127	0.0
540	1030.761888024372	915.4928603492438	829.808039974651	1573.8919900350377	964.0274605474642	1065.455217148726	216.0
625	1031.7235807559225	958.2341160223382	817.9729645056565	2423.6858872501243	959.1462100231057	1070.1359205350695	2197.0
432	1046.9651703579261	948.3244175209654	823.5378169701808	2427.445302416892	967.198542646103	1070.225690810121	2197.0
221	16.706180532245998	29.58914691785772	22.715252198912662	1246.3818795189757	9.70441954912344	23.75703318488072	3375.0
390	1031.4005843724951	931.5655512515668	816.7533861914459	2407.4723186958995	957.6586055918519	1071.3918119372186	2197.0
9	2.331075	14.093807011477145	0	1045.9307436742458	0	5.981732011477149	5832.0
554	10.935398599953267	17.845540236399863	10.327240867416178	1111.6707826511251	10.143807222935658	17.9825364313332	4913.0
26	5.327775230813122	15.347100857574507	0	546.0266649935551	0	7.213655524782302	8000.0
22	27.581097307339675	0.9462718390804598	47.59395376511257	858.1336126584176	21.528354672330124	46.51444477757775	6859.0
31	1026.730702850574	921.7796017245771	820.3145283659874	1885.0537026513373	956.2696679752188	1060.0635388705077	1331.0
325	1028.583385230999	933.0694017002684	813.1179393521095	2208.898316501143	955.3544033138398	1066.3278015292146	4096.0
104	1027.6602842452808	929.0355029074568	821.06737846911	1553.287782448131	960.2641295234799	1062.5159039886857	125.0
605	1030.1585636334496	924.7460882113396	816.7140566426684	1573.6827269070827	960.3331716186468	1065.6434855932548	216.0
234	1021.1401634518373	924.8791722734323	803.3322007873014	1277.4163609718657	945.8487060927112	1054.4766341800703	0.0
272	0	10.038273531196275	10.560469301605453	1040.951641363058	10.560469301605453	5.9839610311962765	5832.0
456	1027.2712604372173	945.2049173744983	827.7889584635296	2436.9108520106297	958.4033939648871	1079.4134811599833	2197.0
2	1026.373956915073	927.8064899076802	821.8887047146791	2428.8507596473123	963.5916640453119	1057.7407135229307	2197.0
622	1027.2959646483796	917.1034194939474	821.8915409867687	1405.3846467610747	960.974385572226	1065.3712171527668	8.0
443	1024.4542153427765	932.7690182045181	811.2376766864688	1898.184738378702	954.3701072868013	1055.7988123982325	1331.0
399	1030.5521277186533	930.9195749485585	841.2417423729912	1860.7313997795775	968.0981797633037	1061.2890878129135	1000.0
29	9.701835802254953	26.84332839464023	9.701835802254953	1118.918290603334	9.701835802254953	10.246714795865177	4913.0
499	1039.2476275257245	939.4699418449052	823.6508080342657	1904.0478870071213	955.8689547022746	1062.1564671428418	1331.0
96	1029.150639236964	915.7009010220147	832.2069530889253	1627.0995546809356	958.2942730963882	1061.6031126490711	343.0
214	16.58860230327975	43.26947710421224	20.74102958728877	850.7232033562976	6.76480049542683	15.163677701825248	6859.0
388	22.65168848053604	9.979044037511814	36.850037990432156	1239.6341090606745	29.854195790459382	34.282595023692	3375.0
483	8.13950892857143	10.070620039682543	0	823.576440374557	0	0	6859.0
460	45.7644551801927	36.50579200827634	62.4933817280735	1104.6989373024455	32.8341483558146	69.29334998234398	4096.0
507	1024.6593127867181	929.6323338947176	812.7505091491499	1638.9126289548424	969.2416537529023	1061.394174905221	343.0
120	1028.4733770073422	919.4537270423043	816.047511417274	1832.5550583401862	969.6463966032676	1066.185231002049	1000.0
261	1026.3182222675675	939.409386092346	823.7499784946149	1767.9285775904882	954.2040546657134	1063.6066087939705	512.0
64	1042.0238390617242	919.3006595059071	788.3779390285364	1314.4900108936156	947.7519149511851	1055.7904473438628	1.0
582	1050.938938339978	939.6455459832897	814.061658788799	1292.6739224762482	954.2517455532275	1063.183922546354	0.0
137	50.147241734523575	20.144813764233408	34.69557993685269	1086.1498939612445	20.82248719041847	39.97170314260079	4096.0
