Explore_Iteration	MacroPopSize	MicroPopSize	Accuracy_Estimate	AveGenerality	ExpRules	Time(min)
100	988	1000	0.8645054694643638	0.6204285714285709	0.0	0.3428418795267741
200	973	1000	0.9006657214718524	0.6215714285714274	0.0	0.6438980817794799
300	955	1000	0.9222975860316047	0.6228571428571423	0.0	0.9444045821825663
400	946	1000	0.9157073360774557	0.624428571428571	0.0	1.2810361981391907
500	936	1000	0.9010036779407216	0.6262857142857134	0.0	1.5517651160558066
600	920	1000	0.8773613418238457	0.62842857142857	0.0	1.799004864692688
700	908	1000	0.8423480075945509	0.6315714285714263	0.8887665198237885	1.9440743684768678
800	888	1000	0.8524932256598639	0.632714285714283	0.8885135135135135	2.0213149825731915
900	876	1000	0.8367654200920517	0.6357142857142828	0.882420091324201	2.0958484133084614
1000	861	1000	0.8108790626739443	0.6382857142857109	0.883855981416957	2.1656137148539227
1100	848	1000	0.9149762828965067	0.6401428571428541	0.8974056603773585	2.2306883335113525
1200	833	1000	0.8576204274908784	0.642285714285711	0.9039615846338536	2.2838997840881348
1300	823	1000	0.8212229860276188	0.6447142857142828	0.9003645200486027	2.3341073473294576
1400	804	1000	0.825249192951159	0.6458571428571401	0.9067164179104478	2.380627751350403
1500	801	1000	0.8721849591440929	0.6478571428571399	0.9026217228464419	2.4255792617797853
1600	788	1000	0.811927425847617	0.6515714285714258	0.9086294416243654	2.4709441979726154
1700	783	1000	0.7072675811368773	0.6534285714285685	0.9067688378033205	2.5140616655349732
1800	771	1000	0.9046015668138763	0.6569999999999974	0.914396887159533	2.5570183793703714
1900	758	1000	0.828539847018219	0.6617142857142828	0.9261213720316622	2.5978609323501587
2000	756	1000	0.8568810462753976	0.6644285714285686	0.9126984126984127	2.643540012836456
2100	751	1000	0.6616897413451521	0.6649999999999974	0.9161118508655126	2.6882532477378844
2200	752	1000	0.8228976693791377	0.6647142857142828	0.9095744680851063	2.734128932158152
2300	744	1000	0.80620626351242	0.6669999999999973	0.918010752688172	2.7810009002685545
2400	739	1000	0.884796252246497	0.6684285714285688	0.9066305818673883	2.8313822507858277
2500	736	1000	0.7882037344819324	0.6688571428571405	0.9035326086956522	2.8800006469090778
2600	732	1000	0.8145792844170121	0.6682857142857117	0.9153005464480874	2.93104221423467
2700	723	1000	0.8020488695072953	0.6708571428571404	0.9183955739972337	2.9792612632115683
2800	720	1000	0.7618621473851984	0.673142857142855	0.9208333333333333	3.0281257470448812
2900	716	1000	0.7948412803027182	0.6724285714285694	0.9245810055865922	3.078755263487498
3000	712	1000	0.7060032029203357	0.6738571428571408	0.925561797752809	3.131661550203959
3100	703	1000	0.8307339151920357	0.6754285714285694	0.9388335704125178	3.178707182407379
3200	704	1000	0.9162192929986273	0.6765714285714262	0.9403409090909091	3.2242370009422303
3300	697	1000	0.895032987626417	0.678571428571426	0.9440459110473458	3.269894599914551
3400	694	1000	0.8595903184227641	0.6801428571428544	0.9394812680115274	3.3145731488863626
3500	697	1000	0.7958879635790808	0.6795714285714257	0.9325681492109039	3.362363831202189
3600	696	1000	0.8361509475462908	0.680428571428568	0.9367816091954023	3.426964549223582
3700	691	1000	0.8915038801096545	0.6825714285714254	0.9305354558610709	3.508483016490936
3800	695	1000	0.8481487589341881	0.6825714285714252	0.9294964028776979	3.558737349510193
3900	692	1000	0.8544039085508888	0.6841428571428538	0.9320809248554913	3.613148764769236
4000	694	1000	0.9080927623336842	0.6841428571428537	0.9250720461095101	3.7179681301116942
4100	696	1000	0.848310083062966	0.684142857142854	0.9238505747126436	3.776943484942118
4200	695	1000	0.7017174455153987	0.6841428571428537	0.9194244604316547	3.8345714171727496
4300	699	1000	0.8837966014281448	0.6841428571428535	0.9198855507868383	3.936305634180705
4400	697	1000	0.8927149745910292	0.6835714285714249	0.921090387374462	4.042576229572296
4500	693	1000	0.8494386892387351	0.6847142857142822	0.9206349206349206	4.10228788057963
4600	694	1000	0.9142209879968667	0.6841428571428531	0.9337175792507204	4.187431101004282
4700	689	1000	0.8709441156636557	0.6849999999999963	0.9375907111756169	4.272917632261912
4800	692	1000	0.83509738124867	0.6849999999999965	0.9378612716763006	4.327474912007649
4900	692	1000	0.7657164413509253	0.684714285714282	0.9436416184971098	4.3949278155962626
5000	685	1000	0.6904457313320665	0.6855714285714247	0.945985401459854	4.505344498157501
5100	680	1000	0.8640060776094891	0.687142857142853	0.9455882352941176	5.115174051125845
5200	685	1000	0.7655489048177071	0.6874285714285673	0.9372262773722628	5.236265162626903
5300	687	1000	0.7028414683149904	0.6865714285714243	0.9330422125181951	5.358075849215189
5400	691	1000	0.8816427774303661	0.6864285714285671	0.9319826338639653	5.479923148949941
5500	692	1000	0.7440885088942464	0.68728571428571	0.9291907514450867	5.613391562302907
5600	689	1000	0.8071035973150987	0.6874285714285674	0.9259796806966618	5.760929747422536
5700	689	1000	0.9103318896696725	0.686999999999996	0.918722786647315	5.9026331305503845
5800	687	1000	0.924723381534906	0.6872857142857107	0.9213973799126638	6.043066815535227
5900	684	1000	0.8792376513921234	0.6878571428571393	0.9269005847953217	6.170664548873901
6000	693	1000	0.8732470888386643	0.6877142857142816	0.9148629148629148	6.323680182298024
6100	688	1000	0.8176488639492386	0.6884285714285672	0.9302325581395349	6.476674099763234
6200	686	1000	0.9156215413893629	0.6889999999999958	0.9285714285714286	6.6030306657155355
6300	681	1000	0.8621519501793518	0.6897142857142813	0.9309838472834068	6.749940013885498
6400	675	1000	0.8894980091302953	0.6894285714285672	0.9377777777777778	6.885098814964294
6500	672	1000	0.82540561901574	0.6892857142857101	0.9300595238095238	7.034031780560811
6600	672	1000	0.8974135205414122	0.6899999999999961	0.9404761904761905	7.1868783831596375
6700	671	1000	0.8300122850115916	0.6898571428571391	0.9314456035767511	7.320551232496897
6800	673	1000	0.7951258804314224	0.6907142857142816	0.9316493313521546	7.456323496500651
6900	678	1000	0.8074607575190776	0.6918571428571392	0.9218289085545722	7.602045245965322
7000	677	1000	0.8678733166692731	0.6921428571428536	0.9098966026587888	7.741679179668426
7100	680	1000	0.8804175286619781	0.6925714285714251	0.9014705882352941	7.887205815315246
7200	682	1000	0.887384801352814	0.6924285714285677	0.8958944281524927	8.029897264639537
7300	684	1000	0.7249418142619639	0.6922857142857107	0.8918128654970761	8.177938715616863
7400	675	1000	0.8225844609608065	0.6928571428571395	0.8948148148148148	8.322830633322399
7500	684	1000	0.8660491707516479	0.693999999999997	0.8845029239766082	8.470719015598297
7600	684	1000	0.9029602938155896	0.6934285714285686	0.8991228070175439	8.610236283143362
7700	687	1000	0.7410846208851457	0.6951428571428547	0.8981077147016011	8.754699297746022
7800	683	1000	0.8232301720853671	0.6968571428571406	0.9062957540263543	8.89522476196289
7900	678	1000	0.8252645831754029	0.6974285714285693	0.9129793510324484	9.035045333703358
8000	675	1000	0.8383212368904879	0.6969999999999976	0.9111111111111111	9.173814296722412
8100	675	1000	0.8873571464793797	0.6995714285714264	0.9155555555555556	9.314009197552998
8200	672	1000	0.8871152342089305	0.7007142857142834	0.9136904761904762	9.448343082269032
8300	674	1000	0.806549951069683	0.7005714285714264	0.9124629080118695	9.583005448182425
8400	676	1000	0.9027209137130521	0.7019999999999976	0.9097633136094675	9.720744665463766
8500	677	1000	0.8024852069034552	0.7019999999999975	0.9098966026587888	9.858569248517354
8600	676	1000	0.8895758063585681	0.7048571428571404	0.8979289940828402	9.998938683668772
8700	672	1000	0.866308247981233	0.7051428571428545	0.8898809523809523	10.142941550413768
8800	664	1000	0.742476141765668	0.7072857142857121	0.8930722891566265	10.280262200037638
8900	661	1000	0.9073857076040974	0.7099999999999984	0.8895612708018155	10.408983715375264
9000	670	1000	0.7510776084757034	0.7137142857142839	0.8761194029850746	10.543431850274404
9100	671	1000	0.81744833799031	0.7142857142857124	0.8852459016393442	10.67573946317037
9200	666	1000	0.6599959786495857	0.7147142857142841	0.8888888888888888	10.803291630744933
9300	664	1000	0.9000211361959067	0.7158571428571412	0.8900602409638554	10.932552401224772
9400	668	1000	0.8370121835599449	0.7159999999999985	0.8877245508982036	11.071684948603313
9500	668	1000	0.8502196586920643	0.7174285714285698	0.8892215568862275	11.205015083154043
9600	667	1000	0.8061772428764492	0.7185714285714264	0.904047976011994	11.341610431671143
9700	665	1000	0.7553256297609989	0.7205714285714264	0.9037593984962407	11.475581550598145
9800	662	1000	0.90482389437517	0.7209999999999974	0.9018126888217523	11.606339263916016
9900	649	1000	0.8688504515539016	0.7219999999999978	0.9121725731895224	11.735934452215831
10000	654	1000	0.7738377917359718	0.7227142857142831	0.908256880733945	11.871709982554117
