Performance Statistics:------------------------------------------------------------------------
Training Accuracy	Testing Accuracy	Training Coverage	Testing Coverage
0.7974018516938801	0.8076767916717398	1.0	1.0

Population Characterization:------------------------------------------------------------------------
MacroPopSize	MicroPopSize	Generality
566	1000	0.8806153846153774

SpecificitySum:------------------------------------------------------------------------
N0	N1	N2	N3	N4	X	N5	N6	N7	N8	N9	N10	N11
29	2	109	24	4	999	81	37	9	2	14	228	1

AccuracySum:------------------------------------------------------------------------
N0	N1	N2	N3	N4	X	N5	N6	N7	N8	N9	N10	N11
24.795846212188227	2.0	94.17391465818405	18.76505561337988	3.89220700931115	815.0624973005523	69.39387666345294	31.9091142742447	6.357236299842715	2.0	11.588084034168832	190.42565188598346	1.0

AttributeTrackingGlobalSums:------------------------------------------------------------------------
N0	N1	N2	N3	N4	X	N5	N6	N7	N8	N9	N10	N11
378714.7835353231	5525.789129712721	835966.6596060504	215664.63066418777	58110.80678656683	8436146.192302516	473572.44939674955	211097.2814272261	197034.7688640927	8176.404080631045	176777.5947626501	1485093.641100637	13370.597679474215

Run Time(in minutes):------------------------------------------------------------------------
Global Time	31.860513067245485
Matching Time	1.6977509021759034
Covering Time	0.0
Deletion Time	0.1513907194137573
Subsumption Time	0.0
Selection Time	0.027363510926564534
Crossover Time	0.021424277623494466
Mutation Time	0.0
Attribute Tracking-Feedback Time	0.20095836321512858
Expert Knowledge Time	6.020466486612956e-05
Output File Time	0.0
Initialization Time	0.0030158877372741697
Add Classifier Time	0.0970335602760315
Evaluation Time	5.8094797968864444
Rule Compaction Time	0.0

CorrectTrackerSave:------------------------------------------------------------------------
0.9651949712253534	0.9571762165089397	0.962231343831378	0.9744184999939539	0.9396895408901197	0.9518016972664574	0.9428424094992118	0.9568856515008906	0.9572228245215868	0.9488137196718316	0.95498063875584	0.9700323921737332	0.9405620180442665	0.9615030082651078	0.9268964127591154	0.9601792016074752	0.9297183214338175	0.9612083213754354	0.9691571942496869	0.9464633833548273	0.9845808616043501	0.9336450115304696	0.9655943008861094	0.939074180096978	0.9389822268569711	0.9443029347202853	0.9481517413634997	0.9533828505461979	0.9708181907438278	0.9249580838457555	0.9796279080566217	0.9253052497184067	0.9517075069507067	0.9630696970119508	0.9592182755921581	0.9500646447045193	0.9530323297248156	0.9674575796962235	0.9810846062286022	0.9466649037824877	0.9493091605909554	0.9711564086888443	0.9433014891277693	0.9562351954093571	0.9616465717247382	0.9699106421684651	0.9410512268181528	0.9731198536935819	0.9689686171153267	0.9287388854096648	0.969999514140154	0.9345331147498087	0.9704949642929731	0.9664385554900807	0.9357127985804853	0.9547579001038107	0.9779752798104218	0.9195709190907919	0.9566948679158942	0.9555531313767828	0.9404754019876881	0.9574897297251851	0.9637916360718707	0.9488097294605592	0.9516996836810673	0.9681686240836984	0.9720494563747296	0.9553030996162675	0.9551622427929348	0.9626211861938027	0.9281768998283948	0.949911590392862	0.9461580622853153	0.9416103428386858	0.9768961262334935	0.9571891592604389	0.9571925311417165	0.9678245608263315	0.9686925725980877	0.9496823821140575	0.9848113924472632	0.9668758561410518	0.948587162257805	0.9645934377593416	0.940379943561917	0.7221461700657259	0.5899324122020724	0.9390876273812799	0.9397998356373256	0.9466391070415189	0.6539403438731886	0.5916278133046884	0.7846604615569847	0.9839732917200085	0.9342977621794344	0.6736552973323824	0.7381699136213947	0.9033481569375247	0.918071174797404	0.9747664671409958	
GlobalEpochStatus:------------------------------------------------------------------------
True
ParetoFronts:------------------------------------------------------------------------
Incomplete Epoch:
0.37874960417345854	0.9464822295611367	0.9465129908481827	0.946513272802354	0.9465218320547066	0.961872065519902	0.9618974887085937	0.9619504728442709	0.9619741347311966	0.9620433077046805	0.97248452692114	0.9725677710440179	0.9726520554399126	0.9726710169242512	0.9726731440129888	0.972698917573935	0.9728555532620476	0.9728853926639999	0.9729451643263798	0.9729599863551838	0.9730463293656417	0.9855505938482846	0.985565284576718	0.9855903265214299	0.9856001326745816	0.9856102974494162	0.985636318487927	0.9856447871017859	0.9856969971079065	0.9872677618850478	0.9872814292023905	0.9873013953538052	0.9873107906273658	0.9873175975496536	0.987356810089766	0.9873937038479664	0.9874072770013991	0.9874112902522197	0.9874570393139325	0.9886373844132174	0.9886523408874771	0.988665837793466	0.9886861506203658	0.9887521137313384	0.9887866948019369	0.988808600599345	0.9888389772922596	0.9888486050702213	0.9888552720749083	0.9888957146459271	0.992465635492597	0.992477132133437	0.9925110593945471	0.9925283820368436	0.9925301960621408	0.9925794335456999	0.9925928850886391	0.9926001933098682	0.9931830300098549	0.9932160505289048	0.993467699269481	0.9934826232868809	0.9934831685596505	0.9949828647126481	0.9950137691531387	0.9953740044950861	0.9954865435757229	0.9963661065674214	0.9975947532224805	0.9981517577856249	0.9989938415786891	0.9995969431894767	0.9998266031179082	
750.0	747.3118279569892	747.3094170403588	747.3070017953321	747.3045822102426	372.4796380090498	372.2136945071482	372.09763313609466	371.9790419161677	371.7772828507795	362.6781836130306	362.63699307616224	362.23663366336626	362.15208747514913	361.7492537313433	361.7058823529411	360.14474845542804	359.7853356890459	359.7433628318584	359.3826395039858	359.0212765957446	356.770782889427	356.6489533011272	356.2415730337079	350.36875000000003	349.9735927727589	349.2831615120275	348.9554489376285	348.6941416893733	336.92978208232444	336.8695652173913	336.53932584269666	333.79129005751855	332.6793703396852	331.03267973856214	330.59302325581393	328.72577319587634	328.46607265250174	328.36512261580384	327.7481840193705	327.7294685990338	327.4478330658106	323.54430379746833	321.39433551198255	320.9302325581395	318.2097902097902	317.99999999999994	317.55385684503125	317.3608247422681	317.1662125340599	286.60852329038653	286.36182902584494	286.3150442477877	285.8404255319149	285.16890080428954	281.5058094500387	280.24355971896955	279.7551644988523	159.4967689822294	158.77967479674797	158.10275927687917	157.22571428571428	156.34699714013345	83.38468899521533	83.20502901353966	39.85399449035812	39.28186046511628	12.904347826086957	5.491200000000001	4.926787252368648	2.409313725490196	2.1463414634146343	2.135869565217391	
Complete Epoch:
0.35264903393877495	0.9910168332222011	0.9923491754007465	0.9925952174842252	0.9932225134624957	0.9962648162322184	0.9972340396049603	0.9978268353434893	0.999867529304441	0.9999461441565913	1.00000000000145	
750.0	749.0	748.0	275.5226666666667	145.30533333333332	112.11	3.0933333333333333	2.5460000000000003	2.126	1.75	1.4973333333333332	
