InstanceID	N1	N2	X1	N3	X2	N4	Class
376	423.62389385955373	450.74986515031907	1545.0871477008031	511.10481532572686	1056.5116503289253	469.0886352824901	19.0
179	457.63087760316193	456.67071048938	1587.921169398115	502.62148370223144	1093.130723667042	485.6302944470483	12.0
354	462.7445440967623	502.84992676831945	1536.6248107322124	535.1765477693544	1084.1636713975822	517.3253081255741	11.0
385	255.76899913633403	250.53843508518807	1204.2174322321848	242.8323477365562	733.2918380385469	317.40917030292013	20.0
173	300.4403075945397	342.4161126580127	1171.0356865507622	365.10943414712654	800.9212375386091	382.8734327757847	16.0
404	206.4748612591259	226.74327770869536	1270.164761133289	231.25567422113355	728.2778935648756	271.43738122939254	24.0
355	314.6571760918846	308.98934961169755	1351.960509361711	320.87268280701977	873.454520622999	361.3438018039301	18.0
38	219.09952343580215	195.30646912996235	1192.3321129632168	228.8594425000372	792.7393813244084	272.32028776259233	23.0
174	157.05336209822784	115.3074489784032	1170.3861947150924	167.13922607023406	646.3363989325167	198.11946238914507	24.0
378	293.4640942010114	363.981575538459	1051.6381355666583	361.50758942632854	691.6579752916933	377.345452185854	18.0
481	330.24163741610636	354.8202979599224	1333.4568977291851	424.5234139755579	957.7206855079326	374.32557685525086	15.0
251	80.71334035556187	87.77600498343772	651.8600719511624	95.22410352468295	445.84447665948977	100.6031842429881	41.0
496	122.31038860651532	126.53706981779266	945.243035817991	152.5149941048843	621.8367048708088	139.37508690496313	33.0
111	77.56341060909804	108.29438359763527	656.0115999673708	66.57079115231936	413.07547481455015	82.96219100764506	41.0
80	401.5870832341033	404.95970470590333	1223.3564082421208	448.2024233060677	858.8864452286443	419.1535154749338	11.0
63	77.11257305501879	112.37375139213546	690.652753140761	108.45014617254867	476.66905480602486	122.55202410434026	41.0
208	122.43478828112767	121.07574411580333	705.9350243391413	113.21473066207824	492.76625235023187	128.04780591726123	39.0
167	377.6622968928206	404.72163035398444	1119.451243176211	397.17998690998166	796.127689317607	413.86585600542855	3.0
393	399.4213995086887	423.2017637910592	1314.1236520869313	443.11669928372373	904.9350699044192	434.63249940837727	8.0
71	156.77945721429407	150.3350874271941	705.3670484699231	154.54397485047772	381.7527655077186	147.5204934730922	34.0
47	150.9748535925466	209.0640109461279	838.8460067055732	217.64884492569567	660.7586364824182	205.10385163536827	30.0
227	368.009912322444	367.3546666516421	1350.9451785658573	421.7256868305732	980.7170823374606	392.9566307748444	19.0
166	228.372740052427	213.16522315308765	1066.2984043472957	238.52283689104277	694.063869006268	269.26789535849804	26.0
243	157.66608336695265	166.56919293247995	688.0181066862423	133.73354947709066	320.09947541628105	144.18142577263933	30.0
486	169.51040616894295	132.69677319123753	759.0309580982617	177.21956865427111	379.13498100672723	197.03512748801577	32.0
78	341.5944847575267	334.3772907610144	1313.722196239879	383.03781694709687	936.7542971910472	386.8996839339804	19.0
123	372.5146757020462	369.2857118104645	1175.5248076365026	404.3916207050288	786.7527888948454	410.4345663229496	9.0
335	59.097879771560834	50.70046668894112	558.6412392357686	70.52500671363315	377.3223060250789	56.70214726546546	43.0
420	390.8120766359357	421.003886560992	1396.8224499831983	463.4974981179016	950.4707627699571	441.9888070921137	12.0
98	401.1974993495544	401.551691007402	1416.9407880555136	461.27558148870014	991.3069965988846	415.9091938491666	11.0
408	319.9296580040943	357.0921325348686	1054.2174258304178	323.87201616984294	646.521311351182	357.4750280559969	18.0
226	238.14488754770542	239.93417201267562	1180.3189367951484	294.3646417599119	811.9465006916021	294.67728124814215	21.0
350	240.21212805148127	273.3839358414803	999.9054521189996	256.64858022575623	562.5176650434339	280.97210058068174	21.0
406	78.1719349713375	69.85212154105201	716.8498743706053	92.06487738754807	477.1489658629867	95.48127320792042	37.0
323	169.46961853205462	128.86930070734888	719.495581956023	134.59853765993782	341.78360379990755	179.69827691506867	32.0
62	114.92000442364063	105.5808597525205	740.3647481227761	153.60230882877144	484.91777734847346	101.28800518718191	39.0
184	396.4842696111233	419.0701231340327	1308.5964357582106	430.26610026130834	910.1445488138028	447.94659966639756	11.0
165	217.3508716880094	210.86712200109068	1082.4620478229574	273.84651761245897	773.2891985459852	221.26672557719007	28.0
200	154.0522931854292	197.29419704588406	1010.4162623705104	179.36903749039283	581.4054774413669	170.7976686975165	29.0
67	295.6371345273649	289.8754183932862	1228.8394677385675	340.839625386151	853.0791913789974	352.46579664115905	24.0
158	375.37933773341587	392.5391138678168	1392.2073036829922	453.08814028168996	982.4161430488276	419.99419738207627	12.0
368	63.99841759808787	57.185444796774675	604.5069368748347	87.46689487528377	398.4187397453626	88.21553123423173	42.0
135	383.9550493140801	374.1337248385252	1227.3884329749915	437.043884452987	868.4165159657069	413.45244914304595	6.0
267	321.85862671345785	364.6942573132145	1046.4370306961205	368.098307614344	722.1506217278497	375.52466906879357	17.0
358	79.77477737225547	62.79980088873412	642.4508455345609	74.99451668225545	382.74583747769134	121.49966414672527	38.0
89	320.4468294926433	370.0118160887684	1047.1030465991669	357.12773025561984	734.6119437490056	372.40739791178737	17.0
59	246.64184198097803	249.09769886797108	1170.3690017708673	324.4806457268419	826.3717066061334	296.1866868203736	24.0
431	170.46255109285065	174.9467984256044	1017.006556957222	241.56981712382105	765.2417478530168	229.90022702579566	27.0
214	355.8441929697582	382.2883466884323	1274.665924251154	362.5178796725203	870.0071479260664	390.4430026774538	18.0
487	148.78710419565482	198.2890169029098	930.5364544207065	205.57512459285198	698.1021198034917	224.32165585092554	30.0
454	233.29436070695704	235.03879393069727	1201.8276532637765	254.20656959679025	723.4054279186275	282.1840958599279	25.0
121	128.4533610815853	163.0118428873851	933.5538338659348	133.72237418168612	535.1778544321236	179.41275259394786	32.0
77	129.49707634516045	124.55473397095203	768.2721095960352	158.49149187078638	492.7598619097492	128.47478060263242	39.0
336	106.13730016176021	87.32911650707577	665.8936403720256	124.42812700339461	483.0850476317482	104.30159242864192	43.0
326	326.08680855088636	329.9159680293389	1172.738618063451	372.7072926885415	861.4903895493045	382.2376450084112	22.0
315	301.2161204585334	365.71079682282306	1089.6033415261606	347.085546792608	798.8078278251596	358.49042080445923	23.0
41	395.51209671121006	407.3418445266484	1372.755955851678	435.6027665869523	912.9710756100686	450.71013236960573	12.0
73	61.10713563137443	58.04290657645846	513.3452105556379	49.071535864035184	354.10747872672476	69.89655049909973	44.0
396	112.15021180625723	106.64877386766337	834.5325935930049	117.4341546686774	510.39042205771966	172.81000726255365	37.0
239	401.9036432189382	426.859574765279	1184.268399826411	458.2802194871155	884.1665580219482	459.1163557113732	3.0
320	331.5720095566895	322.9576233643254	1249.343447089939	352.47660820284966	858.5208046827859	372.88900767554094	22.0
407	118.19521914134012	115.61293983653923	784.7837919487015	115.38850141735989	531.5724784208211	127.40123906802798	38.0
238	363.84330398937874	380.02089292117415	1133.4458753669533	417.41127688625784	816.8201787774069	409.83490817798554	12.0
430	99.0409308012475	111.92417265918156	884.2759152023243	141.28690658974347	595.3725321145248	149.4582832678847	34.0
330	201.09310028198885	185.36745426792277	1001.6954286172004	223.76387703447182	725.2565585200956	231.03946646820148	29.0
31	371.6713122132434	406.4589530550115	1259.1239243335747	431.13091768252207	871.9480031652779	371.6241910731239	8.0
478	332.4287475206642	377.7096003703497	1127.5787388009899	406.36500637265124	791.5320681202203	393.9165396404158	16.0
39	165.93827984230546	211.9750822210446	857.2622113324136	209.93099304950866	665.7665188585602	229.98435668846273	24.0
192	80.78230643014372	82.00148603276332	856.8079266985858	119.62753788798757	505.7836862501937	139.20573785815463	34.0
462	104.78190897175621	111.88180053115633	775.4695071862769	123.44336952200527	521.7531938595396	131.18815268527683	40.0
128	383.287387016803	407.25418614261383	1398.3069819997806	443.2717052950251	973.7016935307213	427.82175375786125	16.0
292	149.80132014981393	98.79992018067622	938.3173100795516	187.99097867853894	540.3603881804239	185.52229457453225	33.0
45	188.52515231213738	203.8565366886069	1049.320591982758	218.95089163268057	694.8855731458207	184.7693802693294	33.0
161	386.62435113566875	390.26733903095305	1267.7522698180346	450.71922222412263	889.932077743848	410.2823431714003	8.0
321	129.7565940256135	141.73974042812574	808.6356833863387	187.77143419450945	505.87266280837673	176.97499453117769	37.0
133	269.43783904345037	273.8329480523581	1154.2106631619954	369.31069600150715	836.8703821269155	316.01455197748584	25.0
442	240.19364413664522	246.05140847512024	1090.9699337000231	268.25893446642783	745.3483276009432	283.35527785213674	27.0
479	337.63213004334375	377.50430854072187	1314.8462728901386	414.4142727235718	923.2055511995317	396.46565500423833	20.0
342	321.4942626902591	376.7629358088331	1302.8341453218518	433.48366719080036	933.9727635918656	389.34596916137417	17.0
185	299.80292597090425	293.2779686769252	1205.443042064508	316.10395120970156	808.1792904284681	368.3198547919933	20.0
84	191.67696550624092	205.39205156856377	1037.56873205038	215.66477155207517	618.5898329498696	240.0571644672994	29.0
160	351.9462762819056	366.770758446994	1348.3085868264614	401.86016756007086	954.4842958656654	383.73410935080807	17.0
329	139.99068930973854	126.87581483132189	778.9586165887699	143.56910059494137	362.067745694665	155.89093149691254	28.0
288	204.19854234576533	222.69876626006814	1079.609950606301	281.19750337470515	777.7190963773918	218.3016035417119	26.0
268	358.7493099921039	398.16023275268674	1292.976050838236	439.41567467841696	910.2201162049168	402.03545872789306	11.0
50	99.35237746101588	91.42334251070966	767.3214660647171	106.16767012144945	519.522100353976	125.21761858861458	37.0
349	144.85513522460428	120.52213457397721	720.88280213045	147.4316473122908	349.7540197691383	188.0920054764263	31.0
297	185.5248028700994	242.8851566317693	898.0127944322281	220.74788566975045	653.8145914926415	258.439066010345	27.0
471	305.62705519025366	345.1240044671136	1271.1278256679964	394.55258409092835	887.5427815814797	366.3849050616473	22.0
374	347.56313029714653	381.35981867833476	1316.0119595676222	401.4547647260309	888.4889561526531	387.62383803088727	18.0
472	104.67299714258918	119.37689989952852	670.3671997978382	102.5590384544385	370.5434150101316	117.66093123828823	36.0
168	231.23970906305644	250.8940310624401	1095.138445912198	256.12593433454424	731.2517078580456	292.86302331014195	26.0
122	374.66920299808436	404.0952325654296	1200.4468093371124	415.4666036569873	822.6032585152418	394.8037720679162	6.0
383	349.6182378631859	377.4807008709337	1331.4986278367248	419.0042668070452	942.0406522034222	389.1758460672526	12.0
352	51.66875795575431	49.41001671767956	584.0461764057653	72.64818426216925	384.09076139848986	57.03073977863895	42.0
414	172.30311989194027	204.352369212792	1016.019744294266	221.18893932743737	721.2296059961241	215.21168733021494	28.0
290	402.46222542014914	392.541697666328	1234.2478542268373	458.2984941731928	879.0739761126378	435.9274969152075	6.0
198	140.2577619884092	147.37643799568409	999.5834416077183	145.8702194178048	597.0401987195409	167.60979474320382	29.0
424	362.3993200841711	392.0158560535559	1375.2006336185243	440.88629587539066	972.7346729107926	420.44404491741597	11.0
91	225.41988519756396	237.065315163618	1090.6128190250197	275.83552115028766	768.2991770030018	235.58473198243723	24.0
379	69.10244953671715	115.97518351842898	776.606844947916	102.18248720662527	510.0369695192965	124.53036878210321	37.0
134	376.94021720767415	403.04127354597216	1367.863409945967	437.7458634873236	946.0013761043098	422.353590532009	12.0
149	280.94432757592585	325.13559858793377	1181.826237251881	321.79137073532144	767.4416336433179	332.4504864307943	20.0
69	113.8226109531263	117.11001334593603	564.6881987049384	71.1307449959786	225.11143082213414	109.79999049344976	30.0
103	122.48340833790944	88.83012589930384	939.5294339636108	172.37971399055397	632.9834103685226	129.62644800626876	34.0
482	392.9340091164172	416.9139145767674	1353.7749162853313	435.81555854458765	930.3085729559886	434.14225170851205	9.0
384	265.1745723432823	257.99620804767414	1171.1641934817972	307.9438320895095	784.4210012273636	284.8200472804355	22.0
459	159.90115674560496	203.55361669284446	1135.0344097577386	191.0896127133459	633.4836075696867	210.28909621965914	24.0
426	341.60324531484457	397.6434732308681	1162.1101730797016	386.09059251925174	783.8743772614589	417.23239603569425	16.0
432	336.33355677523093	319.00689482017896	1225.1427715628301	383.2873685279749	816.325436602621	388.9367397266464	17.0
421	67.8595323167798	92.56939020818697	655.5433042077369	75.01781375802575	436.15899527306095	109.77409129448876	41.0
120	339.0414955221748	366.6357113686363	1294.0445724046822	398.5800046688682	883.2984954895284	404.6228865193908	19.0
147	71.38702823728876	72.92208597785424	632.37683717201	74.88739241720788	393.6216408933692	77.052206602392	39.0
334	399.125774092458	425.65224007504304	1348.1991883340074	466.80907824306	948.8543906627377	435.83749725148033	8.0
142	147.7558632321805	179.03189127346414	910.7930076419068	174.93905614860205	494.7563442346893	189.33792418543075	31.0
229	130.54160358545536	68.71695828965827	670.3638894358379	97.74593859582393	363.31426448922565	95.006923835735	36.0
362	385.6507548941042	393.1520111360406	1208.1631733374054	446.00338618899633	883.5282504425971	420.89949677439984	4.0
53	361.04811994798456	411.0431676568145	1206.102321055666	440.48694895360524	878.5852987780262	393.8892864346792	4.0
131	107.8855241096204	98.87231870674233	631.5418780242007	92.17126734292447	326.98243714589967	106.11555905108523	35.0
100	398.6230304375652	386.0853809085855	1238.168104525098	458.67926316861866	875.9448399198648	407.3022870354444	10.0
474	309.2166277536243	358.4171016692984	1207.3052433794187	381.8385457906531	845.8176751004503	368.5609051854546	18.0
188	71.12003984530284	55.17926534801518	649.7906634033428	82.87251258433395	410.9299000777873	53.448351795205305	40.0
5	225.4225675471221	231.26162786140048	936.6862744529394	183.37623575561895	482.9910226653017	259.644896135632	24.0
101	153.84723890049113	212.5999762563555	1141.0626741428275	207.58203997323247	681.5088329559239	200.23757963692685	28.0
447	207.65123259009027	262.4458853765953	1114.6228211933062	323.52182147739876	787.4796306034935	269.4844482975812	25.0
205	342.73949481748923	353.40644177302124	1370.3121367865879	417.45759815525554	1005.596833620608	396.5233763738266	17.0
325	171.4952905479291	214.8975467223442	1046.6297959740716	234.05147229543482	716.6814043631852	222.81874210844393	27.0
347	367.3951568923261	376.6300376122066	1332.1769671507782	394.36854571563066	909.2866754031132	410.3660777239571	17.0
23	122.25378474928952	149.94289584079507	844.114481319742	115.2801695169716	432.774640025048	147.18438430494558	31.0
223	125.1718177608962	120.35731001552956	853.360211721667	116.01772032962631	511.38604270709334	161.2303558071454	36.0
3	141.9917982059462	137.47021896992715	876.2334078930935	145.33326253765037	580.8583465396441	171.6156352587115	36.0
138	407.3481190264157	427.96449607797325	1423.7087747828255	457.31826783806866	973.0097934212844	445.77011679507746	11.0
434	229.66600750250012	189.43350400203903	1212.2859760676238	225.83628039698797	730.5293666728402	247.9260920043681	28.0
27	168.64068198625816	185.7519764301419	725.8111282293783	163.52725921829256	357.0229026806504	192.23810314803288	30.0
70	157.79054292531444	174.08452466798482	895.3223320962883	148.5428616924224	590.9834190178841	165.45879997010445	36.0
312	150.01222416993014	139.84236933811022	864.6553942960193	142.94389743043155	604.6491195200251	149.4146732464485	37.0
418	371.1127653232255	366.84630032724675	1381.413905564261	416.55665706814335	985.508990648973	401.4109268191469	19.0
181	371.23017738708245	401.6634341630684	1156.4077568697437	393.463611227227	782.65142083217	416.84480511617335	15.0
363	107.49851553610965	101.34292335835656	768.0694574136793	115.74380139345712	535.5093047539665	131.9502121947682	38.0
93	164.9941272022819	137.28004760193053	730.5855287139968	133.8792257216012	346.9341532457609	149.7836603466879	32.0
171	335.8053642307762	392.54364665878626	1222.5761409028742	374.66350051230376	853.504871957605	400.3649390523009	15.0
20	146.25000808793277	185.29970080975818	961.6559026900618	230.4915034093597	742.975716242553	223.78155875059923	31.0
57	286.6929527722133	362.592979747231	1219.814409197391	356.1105268593063	910.3207363746881	340.76066325740857	21.0
416	162.35065395922138	205.5608142308394	807.2207969187846	194.830069866884	630.859428995776	202.78276720790205	33.0
252	151.37829834676694	178.13765457443222	819.0951318531662	163.74192773146274	646.7734350268072	196.05161980574366	30.0
279	163.88744034231036	144.96554217494696	737.7295802809823	129.93633228578966	377.1151512608211	172.78038558190164	34.0
163	346.99001756613353	330.2124816009695	1363.0862410646173	372.3516786729581	935.3551377248975	376.4406351170989	23.0
453	396.3821273796761	412.1500904287853	1289.317391027532	443.24991518254274	909.6774207518603	421.5243655361624	7.0
493	204.9008499395801	221.36509044590505	1074.2438383800948	237.89632825718806	750.6376405390783	237.74567031032439	24.0
37	141.18553334891106	100.02936608921453	927.3582204364277	163.76623198721137	544.6631472610578	144.72358484402076	34.0
399	346.1323067517028	312.50317533615197	1199.4648396536356	404.38802202523016	874.0622788326536	346.7253454743905	19.0
293	120.42633320430173	113.51821566641537	874.467850028086	160.92000221092732	550.4217225726259	162.71437313632353	37.0
104	331.7364211810648	354.7795371904668	1284.549731838753	365.6803197145591	856.5494466423975	395.01156941776065	20.0
178	378.8331055920942	403.6407398178237	1269.4968734055267	424.7925461767369	877.7574272173374	390.547250882938	7.0
272	320.5110175418403	305.8788883740387	1090.1732510772686	328.07533100780654	662.0379021569971	393.56060634588687	18.0
210	148.3580253195392	166.42716612612435	858.886961435224	117.49355670666769	428.0128980389801	143.82416566258007	31.0
141	86.85853461143891	85.88529778427615	783.160032465008	100.5416505242159	530.7975630759756	109.3669058992519	37.0
304	379.78360626009106	408.1650669970728	1376.6075794734763	438.0782193069552	955.8500100780484	426.51215742643154	14.0
305	186.71186982752226	226.51349912205336	923.7310600612373	248.794083142556	718.5624209156056	205.39746297576207	29.0
125	179.99333501653888	200.00799316762388	1017.2747992003449	216.27099496835143	723.023470777479	233.3373376132855	28.0
154	125.80547848762379	112.2557629329512	962.9026186148602	153.77519633829044	563.020427330834	177.2123011149818	30.0
225	376.4779707533756	399.1354104359854	1403.7169388146524	441.31040024780174	979.2314250258282	427.9032543753484	16.0
274	295.03205737307485	314.9268921191215	1248.5142989838478	362.8889636630438	867.6459535878264	320.4407486014152	23.0
29	198.43125738825324	171.7117803218909	1119.1260539943223	182.10503809655603	653.3583991668835	239.44845958909139	27.0
372	99.95251523306476	97.64076590927392	918.016856860092	122.59427148798949	603.9713539211045	136.7375741157598	33.0
193	140.8492518829598	153.45661414312627	883.741924050942	176.41011786682944	634.2333706413154	187.2969744610291	35.0
306	392.323636691167	424.6200177135079	1377.1140207465442	440.4904613584403	944.4527032025311	451.57584489383737	10.0
65	241.64536240747637	233.41395800174857	1161.6306452914137	331.4212211675334	837.8070582843845	280.89675509888787	24.0
484	382.7456046618274	414.44926714559773	1217.654405584835	418.4466927360244	826.2240613642734	434.7905085831419	9.0
153	144.18039523376663	114.0310465990562	862.0841078811776	130.19142392016727	469.1687386297525	164.37160680728488	34.0
465	133.67771477927658	121.80179062771096	676.5184958215654	103.6817330682485	314.29874361740144	127.60518425751924	33.0
247	352.36634807815057	399.13723764188256	1357.3816780590064	419.14816400483954	938.699956916272	414.4448894862461	18.0
394	111.93646934540685	131.45444514094925	882.9143652165523	155.41259119765613	549.6275643781146	158.0178848163293	37.0
308	357.6650804713933	399.933900973192	1378.1144639082158	441.9920474488808	959.8123060640199	412.35977589971907	15.0
395	367.0914480747266	395.18080416879246	1236.196702789153	412.72199845929356	829.0278001879045	336.7980912520751	7.0
233	120.51496543039265	93.38471157489477	643.5953967582877	96.52385190840583	329.6232332160752	141.87569496389972	35.0
485	266.77988414418843	327.5985320648171	1213.35314241397	327.34757547562316	822.9235806558562	334.7367209227868	22.0
21	326.96775289026664	343.58924050781695	1177.2970732590315	312.7779622073082	753.8174356919686	386.27292853338463	19.0
278	285.237816341587	300.9746086260242	1036.9103288267747	339.9834450315133	759.825940487966	304.82660205342387	20.0
316	356.21151101176133	240.8956995149175	972.7838061564538	384.2734694379859	743.7619917100296	382.145022818003	0.0
491	186.47184418383404	223.3746255510883	1144.3563548936431	202.92484046826337	661.3464475308024	259.877069807866	24.0
183	360.5017226824634	375.6410924912947	1318.9744802681319	426.5532322826516	884.7578697086664	347.2241120997969	9.0
405	278.48351300032806	335.1011258111575	1088.053564546993	316.7427663793154	686.4852839131953	342.2102762013839	16.0
469	78.60036584404713	91.93438912849578	757.6281615419754	100.30558835680256	429.3952898798631	143.2623120444405	36.0
348	89.3115971251302	70.24832237649407	628.2279927182271	72.6491550293488	377.68801294178263	77.20337876901493	39.0
444	360.5775626950759	362.48054027541525	1252.9418119229308	421.3969398494355	844.4082868330859	336.529795785675	9.0
140	376.6487221422275	366.8273287851001	1352.1250185162162	404.9634942131459	931.7815080221864	405.3432036509901	15.0
415	353.2645076676643	383.0073068630485	1373.0390118128319	438.87176411505305	973.5108433932752	402.5369212987241	15.0
419	103.7990817439236	105.00181201618692	801.3217971116272	111.30521495762076	459.25478655110135	111.62275219199233	36.0
286	172.87933817869123	186.33312558843812	996.7479758447371	164.9216912396426	534.1893182737707	185.02133800603494	28.0
498	172.68018870929026	161.43183623491413	1019.717666410139	199.6092523128206	566.0444948125056	242.81162825299668	28.0
54	160.18198768367145	187.74068114708814	1153.7459948918467	183.72787617299556	670.9024224467867	219.09173250093107	27.0
109	382.24635115530316	392.71355441851625	1169.6663963721412	428.91573112389915	848.8628451516931	370.8869359170567	3.0
298	151.12931797985078	171.4064777100866	907.027085689409	171.93719131188448	488.615268635289	157.64294608650658	31.0
34	204.86647585195533	242.01419738374696	1138.1236780945014	273.7900948117311	800.374156533596	263.4117673773412	25.0
244	309.0663028562317	329.9173831767394	1270.9188203206336	331.1846577312946	841.6659133933109	357.540668763874	21.0
458	121.62180071225467	109.60612831819184	863.4432830256708	150.08486004059503	442.946539371869	131.22130315896217	31.0
220	226.9620466887515	180.2912136276295	948.9488929627648	195.8233759969796	465.0988021695307	243.2481331301176	24.0
344	398.24800628361476	401.05998721704674	1328.0159713890198	458.7484411526069	915.4581774057305	411.46840907400417	7.0
204	208.18481979282737	139.08496950011633	1151.04165315034	199.22024646232336	686.863974079277	223.52807961127857	28.0
72	314.02719654615976	355.8935624132853	986.8134626139529	367.6507039385636	708.2110521874483	380.32462245139453	14.0
401	349.1673914816575	340.9512841100053	939.7784087796505	335.2741483125445	698.8098364611353	243.69590560520473	1.0
411	62.914037530492145	71.78565159790487	711.933054661571	75.75277048259612	471.6161343726452	104.01222572177073	38.0
388	372.3704568273404	403.00476319554366	1351.654743781144	411.0340808446665	913.5916840312286	417.072422474747	14.0
456	199.74882572485944	190.62367395604906	1134.087226904518	179.58873520766102	659.5393785476991	228.70483809983497	28.0
309	123.70749046718264	148.60775631896567	978.2793652735037	162.91349488184846	603.1072150970491	134.29564659199605	32.0
318	186.08168139056565	238.4308466883695	1089.668435055109	276.97114128750616	787.6876368785707	256.97002608094704	26.0
75	381.64861685398415	396.06858443299126	1326.0706609322638	438.0181042487468	907.8630874531121	421.4432978663181	7.0
99	209.96031358806422	289.76030536308906	1140.954877434109	292.903222839173	840.1639496733861	258.7423560115971	20.0
422	289.3395651000551	315.3214739553103	1201.0147178366065	310.1039421011826	789.7006185418317	357.4876139765337	18.0
26	337.38177244734345	387.1371389543739	1367.8894023746218	427.3211572216163	941.5212746139669	408.134507882144	13.0
126	203.9277178058923	160.69540489898532	1058.6004258802484	203.80003321648329	673.4089218766758	222.7691214120219	25.0
49	142.05554779257304	177.08414169746348	861.4650132785689	201.76052806812547	685.1254795629724	189.65570407996452	23.0
236	385.97854544887645	357.8835328762127	1253.524951497329	435.73652689111225	864.265199947794	435.0880966437462	7.0
452	377.58860837061326	360.99293346702154	1237.3783277419957	400.09211745088174	821.7922084087808	410.04579320364627	10.0
172	171.17908886501172	194.2210816231326	1039.0136335409588	191.1411689670616	533.48420323136	227.43325991656087	22.0
146	96.15889824512327	102.57892267069656	513.9585373468032	59.29664036051185	195.49954764693135	90.38283891682454	30.0
464	228.81288778277786	252.5711425795176	1197.7110438100106	339.0121198237259	828.2565327656121	250.6758334167058	22.0
25	322.5133884230254	375.3795439116529	1093.5143929886965	308.3654011533751	703.7367705188188	354.73196090707097	16.0
400	360.8524815615478	379.5238300614228	1221.0931458738442	404.15518248289055	822.8744152635538	343.2752810524143	7.0
429	47.10906507063309	39.10985760570016	557.9034095862064	72.30422792597766	367.0443949815825	56.1448577174239	42.0
285	245.48841881052982	219.51888946667924	1217.444582897117	251.60366239159657	769.7499718998791	292.57095110968623	23.0
237	184.2407237048553	182.7779631485371	1027.2934571531903	213.3966850843273	743.4005757615715	244.07584101460264	26.0
412	166.6996136373002	120.74215916364417	917.7089541743388	174.03817456398977	493.0956731380095	206.24695541133894	30.0
289	342.4884824746812	324.89054024092917	1345.1213851694922	396.4656782092215	979.7361728694835	390.4975148634323	18.0
397	68.53516428386473	86.46829549992094	623.9853923459635	86.91011536719046	436.29778507951204	88.8216231098563	43.0
477	387.7896164677973	424.871430341838	1402.0067380407502	446.90753522471704	969.6906640760892	455.09189502456206	9.0
271	117.60782818233452	150.91690924100374	867.8508976448929	151.58327720554593	669.3020572506299	152.68992888262827	31.0
222	371.71901339618864	385.73751475621805	1407.5151756423943	431.17763300604025	988.018465407864	402.14770833900894	16.0
338	385.5160973794267	417.08862879448395	1338.9162730453863	443.18436768790616	918.6239074814755	432.0341018723748	7.0
43	358.9839301427755	300.03230464015377	1178.4306464006002	406.15061169041536	810.530056244527	351.45053395975924	4.0
324	249.9114820152656	290.6329422899414	1178.5248807187	319.60427030153016	819.4628489074519	309.02797247047505	17.0
413	233.7520686329018	274.92517727837344	1148.628021853282	262.9422058426656	739.7614310399691	300.2777920201368	18.0
387	108.67886502031966	135.73376005690494	732.1480795570842	144.65000153385463	570.8291260789757	128.30236492010312	30.0
341	72.31760363686843	73.85732689087679	619.2920796573746	77.84385890891181	418.8724240384957	90.5532299001746	39.0
209	339.01680801435936	331.9736130888414	999.2120359836476	347.2390807962856	698.8554329206963	382.2139783783496	14.0
425	138.02254531154978	140.43768296348478	910.5070081728346	162.45970450551974	481.1424276812678	184.8423391616189	31.0
373	231.50808218134185	280.4622248328909	1192.299869662326	288.38078859018253	823.6022622273447	280.20809115319037	23.0
217	142.87953907967838	169.07369067614016	772.6261358095586	178.80864342296258	622.0686945611724	165.70037526199593	33.0
473	247.16568817278403	243.24096972902316	1052.9994096023845	229.21870582263494	570.0594228266475	260.8924590008857	25.0
310	374.86968286105036	382.22966603981183	1443.836949890427	431.58991616735807	990.9379274393447	427.33172514589205	13.0
353	332.939000827998	313.5982356645049	1252.769650859477	336.6269561730813	816.2340341754215	375.6531552562238	19.0
33	241.4089454987261	257.5040657193381	1109.8477256287092	194.65958017261838	578.6753702212225	261.39264635894824	22.0
446	278.99284959069274	221.4202260905625	1216.8448841218956	314.75396287241495	854.0058627941522	287.477052855904	22.0
144	149.70160289748364	142.7356245757798	780.0018076528158	131.3489684188015	339.3807047690142	161.2443803154741	27.0
106	88.6876169822958	76.70548262216192	659.019005275991	113.2345794550758	465.6129425080443	110.72282698970689	43.0
40	381.11554917826936	382.7049959617742	1304.0705370346425	420.4588524070701	897.7355257783463	400.52480935703005	7.0
190	372.2556888140688	387.17109431304317	1424.1759735437302	452.3618010804822	987.253339799307	410.0087092622797	16.0
76	141.2132455772624	149.92801193388098	985.2265481451572	148.0771317545322	606.5934771807193	148.76044780142453	32.0
381	162.18726116989697	206.21574834636402	1017.5520668109942	164.0020844336656	584.8866204873813	228.6239517559191	29.0
327	368.01611037628027	367.2470497185665	1351.015225365685	399.87959461037474	926.7050381355369	417.4718990923342	16.0
79	320.03616196822884	316.3197589286118	1248.6216050816415	415.2289791417243	912.0058884056025	374.3142041486495	18.0
19	297.5096982027812	342.2646658887197	1223.995372615163	323.2136455673962	806.9240898263794	350.02124136215855	19.0
219	291.6404872543479	298.27932712070645	1105.9477137706904	340.2799406499885	804.0169161760666	368.0008426677567	15.0
273	112.5460805799592	158.80198545223183	994.8509708955559	171.01140128339713	577.2693557006335	193.5429045914158	31.0
156	285.7054243438688	288.01932354772345	1253.1178099894153	374.90612170132465	946.0497171747502	342.87792784340473	20.0
24	340.4405087466661	378.6590053741412	1154.5104523450575	392.30576693623414	819.4250966200766	401.6690406407629	10.0
108	357.9514563666707	399.89983009142486	1229.4517035523527	401.97788734351104	825.6835856365492	365.2823021302854	6.0
64	45.1550847184514	44.76515403692055	524.7951937955876	49.36192221651942	348.5024355996323	68.37774169138326	43.0
152	154.43242035142174	169.16408499586933	772.6081669865283	171.21475966100883	609.9840558409809	169.2355401389909	33.0
30	365.02181353758976	354.6048217416473	1138.9741251527305	409.22153007905365	768.15644367774	338.11045494374457	12.0
269	337.76659422448313	367.06977689358865	1324.5897469267868	376.5986176343884	893.5988288849511	379.8166795781838	18.0
294	109.02430158097775	73.6621093450485	819.2666319212095	129.86270864419043	497.3960078965823	109.70802954950744	37.0
202	197.64506601265987	244.24898569166632	1083.5485443993525	252.70368949699323	773.6614765477868	272.14495292554096	26.0
382	367.2951225139591	389.39789544873054	1380.070868287277	402.48867401731417	952.4073354900547	418.5338730078506	16.0
114	380.71548915767045	388.4974943061971	1276.8500782924054	424.2443254224115	864.5943884379568	382.05586926336116	8.0
488	113.73167976937506	55.554075386067936	636.1112945530595	135.98750054486032	345.1779245943175	108.88418494236035	35.0
264	244.36722786333917	256.5879526680992	1188.9940828807248	236.98134907164166	768.1735363168308	291.98624474645027	24.0
438	319.24884006820184	350.90719279577627	1344.1193251941836	423.436857116746	977.7897870246989	372.889968010945	19.0
439	198.7727347847256	217.31621439513384	1186.512400496054	241.48119354408004	716.0506724207046	236.63461425975447	27.0
417	107.4708699772684	114.60949376033524	667.3167268732558	102.96818264753826	478.3075005478537	126.64212556993907	39.0
470	91.88782966913274	107.54210115196416	557.3211623403108	89.97804787256946	414.1053040664359	110.41305668051632	45.0
82	94.92049068682745	98.33130411120217	784.3987248588611	144.2524109855132	524.8140261409586	166.29249872790982	40.0
18	366.13786862708423	403.379681388694	1213.50836331109	397.694388639487	835.6321491687669	418.75231597157165	12.0
74	195.37841565348427	176.55171473389373	1109.5626893561468	222.72454925171579	711.3926745713457	213.24903616899854	32.0
203	238.5685502179141	283.0015969114876	1009.2191165362561	301.6455602595902	786.0027491461143	287.5778495667517	27.0
9	371.1861740267705	413.57150268364643	1316.1990967173044	427.88333100359085	913.9687688692095	417.21817431293175	7.0
115	121.15026000942628	105.39040925038026	928.4172200303539	149.25463997327552	551.6541681395333	176.10865351555628	33.0
10	345.6013332170017	339.4219807445437	1380.1153666645569	376.0983041863899	978.6577218838684	397.9418400402324	18.0
476	181.52891596637457	178.47169337140505	1066.166025017703	188.64297323990192	653.6576150078236	220.98674749152454	32.0
483	402.24939928184097	383.96902164635696	1404.9444700997935	455.60028197608	967.705942595782	404.23193914224413	11.0
261	384.0720920089599	411.2081463604252	1191.6306795040018	413.25494612048345	858.6309735832527	420.58830201524927	3.0
129	228.92049660705544	248.80946899427286	1207.0882881830569	254.96817930800347	776.5967685789803	264.12834507949265	23.0
437	107.63130781993155	135.949344080336	691.1297877040774	138.88901775280644	549.174949059134	147.42068022295277	33.0
132	142.30310046310842	147.56670474589873	789.5592464295743	172.58146544532877	631.8626397680425	166.85998471169157	30.0
96	155.91839299473335	85.53935634010558	704.6405274913449	144.54424168657562	362.89920121081695	149.63594318267215	34.0
215	347.86176223324395	374.9461459016029	1377.6283681565926	401.7084632676491	956.0627735611624	382.66749150608814	20.0
175	164.30622190688658	161.36008058539912	862.0320993762753	164.15489219749176	655.0201401725155	186.9335536745215	32.0
197	195.52765517203747	250.37112424925277	1089.5205806004117	253.01505689551544	800.0030460882836	257.31376225294656	27.0
159	133.48416737850883	133.08066722734063	882.8381870816745	159.0346931189495	568.4786407870178	150.25093374110614	38.0
12	160.75983317296428	207.7696716679594	852.1642815111148	212.84871930922438	673.336952672717	232.87376470473183	33.0
58	266.1358852216282	285.2388771240949	1160.7478931045139	320.926253447862	839.6599738730382	308.8619782295155	28.0
242	172.93646653813283	124.2144693312275	823.9558748736945	194.58451878220365	486.5076560541878	203.28114683894864	35.0
254	259.2666025504845	219.0066322295275	1013.4489912725527	247.85146579825727	554.8591602832441	295.3095303768595	29.0
164	207.01521048366067	161.00802701670318	1080.6597891612955	179.3163966918315	646.5388947190331	226.86961979072393	32.0
232	317.18977717610557	277.97612992943215	1368.223152369667	342.4097303218606	853.5670324983935	358.9293946718538	25.0
150	113.2786940467921	97.12469948548735	717.4582447607927	111.79523265068035	486.2561761234101	130.7911988293785	42.0
139	371.83349314565027	362.4397847091412	1094.644837605723	423.0073616810063	832.2027409724767	404.95178446902	1.0
450	312.91878397205625	301.7660771462364	1074.9170918956245	310.63382758551444	807.9568734153715	325.19086720069555	23.0
448	100.45124134360326	126.18250144180595	824.6836990044651	142.96596571461998	555.3865662314254	144.72264769247806	39.0
317	409.1290213414489	417.5129149752733	1402.2842603133008	464.54159629845464	967.6270688157135	443.8050237720222	8.0
81	164.59054609148652	162.41550572691528	1064.6244014310319	196.9947555071204	620.767807152738	238.3674204960437	29.0
85	231.32247992000404	266.5828487652552	1001.4032243836143	241.89292694677445	546.7289119275661	292.20062728486283	24.0
35	170.77419138522643	144.38296380408244	804.7870235147328	188.675416748673	426.92006880775733	224.59818227906246	33.0
435	103.00721990898384	118.84557029772209	804.1878158000729	124.75144151363163	549.9776050147278	135.41478982901117	40.0
361	367.1612870692467	364.2681182984076	1139.282349360356	373.1833228825506	812.3364698367274	372.7747995730994	3.0
94	378.6679469944183	381.31397520626655	1188.8769213774028	424.8150655554692	870.7381421105197	400.78866669377175	3.0
56	373.93305843603673	389.41269498261823	1065.1894005806957	373.3525441853834	804.6574966374191	379.5410894368659	0.0
357	137.92870390029933	139.3742222227968	971.9456134627483	128.83827985211337	531.9562461109341	124.58796881240615	31.0
127	352.6609350745674	313.561776681341	1194.5978600408876	388.16631556489756	820.1348426316079	374.1878023765381	9.0
143	129.3761558945358	93.57063128907306	831.8882832287653	93.00174475088852	429.94211531497047	125.11005688514706	33.0
7	185.7864260236512	188.86398805755806	990.3115020608313	212.6226564033433	557.0365774085317	216.9484457496446	31.0
231	385.7894083694955	319.80962093450574	1231.6093729031875	393.4009625024413	871.044687260619	382.92961262672895	15.0
8	165.37766653636496	156.78405024742958	854.5762976173414	168.84455391784044	660.580117088033	169.41641031327038	32.0
42	61.8338792047831	64.77859079201127	506.45748671100216	67.96155359569933	375.04896204745967	89.08746678300038	45.0
36	137.58947867154498	153.61036962467412	923.7753235377455	148.6169406975934	606.2291221083851	180.996980595658	35.0
16	397.6109379107617	407.9220468655297	1270.5410698707724	443.1148203167589	880.931106661655	433.3071529081267	9.0
492	342.1316673066587	374.26703681440483	1093.2813661842706	400.7695427717007	801.499336378632	319.58505410932185	2.0
282	164.43123099389194	243.5327337456241	900.2159621650272	220.15565131160278	693.1655625966742	222.06350516742674	24.0
46	392.25291895137514	414.98980085731904	1434.2552629834624	455.00820734057834	969.921327583066	431.1439023405469	12.0
92	91.6652500740755	106.81393658917212	790.5664169648496	100.01891576211293	447.44222471025836	115.66003429690035	35.0
299	58.45219356405535	77.32379507201117	664.0195487030853	70.72625600123324	437.8070164641559	92.88650400940537	41.0
281	135.99254633656656	164.3941150227772	958.8195199580509	184.6153630021463	718.5683567720309	212.39644556045877	30.0
90	378.07465423192883	407.20962208073416	1268.8774527138276	439.5212984290376	921.636483724614	432.02392019903584	4.0
466	386.6123478643861	400.76812420656677	1315.3472132772	425.48923892029995	902.745806379529	432.6245883106101	8.0
449	272.3072937316717	242.63171575946276	1181.4720908263266	256.8676256420834	748.1148702762401	317.63726918124195	19.0
307	66.38263354665386	72.79754324362098	622.5983072828221	59.335842910397325	386.98309554795765	66.0810947571833	41.0
234	176.13620916173716	135.3619279398522	924.9178922623324	178.50306218280224	481.5958420010181	219.81929147674083	29.0
169	330.5825696478227	369.621664009448	1385.835997283775	390.75720615998085	1011.1836451190788	386.1554228772589	18.0
313	238.9956753548737	215.16020022646768	1076.0296639405205	262.86766623389724	763.7554860959087	258.2753873125411	25.0
319	377.56908123544474	401.6031143592138	1448.4286719454344	449.0356398519761	1020.5212541267272	415.0407665117919	11.0
366	309.85748047707773	271.6641973870831	1208.4907860434241	303.9139117531266	767.6742873932359	356.4839397286885	17.0
275	159.1703901820045	173.86127460370264	1028.7416637824385	192.95183581012842	604.4618213346242	205.74141477486566	32.0
0	238.60389723886777	195.56092488693844	1193.954505234019	278.96699209147175	810.6828373024515	282.29996626113416	24.0
177	114.71746197612052	115.69035675578569	798.4772416580747	126.52087803521988	561.8216227238854	142.40195918643818	38.0
402	170.44590682619284	191.74753268444243	861.7383458076696	196.66361110209476	673.9374895567133	231.63655605473144	30.0
182	334.7351413207025	340.7816469574272	1307.3901907242341	357.32638870190794	897.9425441689523	371.94288966768187	22.0
248	178.51055265471658	177.47483499723108	797.7071201914254	180.9610705965932	429.0551142062515	209.80180626462018	33.0
211	365.42145507795095	371.7788324226174	1223.539013919695	410.3000458274591	856.9797076132608	368.2533738975599	5.0
467	188.68763553247922	174.56762401431433	855.4376433256674	158.84576289044506	403.30188645082274	196.5054998021413	27.0
367	294.7524105999941	290.36486275011623	1260.0891333364511	300.54888339062035	808.2818619986969	360.17792064463674	19.0
443	305.4306361353677	260.023811346757	1194.267973540557	299.86388202336747	729.3355864883023	366.3652454730979	19.0
497	179.35173932759935	167.76769477979354	776.97650675784	184.4420374219368	404.8547254848152	216.0013433037007	31.0
186	373.7091112710353	351.1732355275582	1449.5979708447378	408.6204717640412	1038.4386163143106	406.48537201335523	15.0
246	332.4411506480979	360.567276139827	1300.2537137922927	335.42516259457574	864.7922164900633	373.9004926728571	18.0
28	309.04609512256997	356.7944424149097	1298.0341442053266	433.2118419789233	927.8780764910672	363.8169565844646	17.0
218	300.22523209913555	284.91106347616994	1257.8459871008333	312.42254007866455	856.6053016814666	350.4676935056431	18.0
105	102.73690827600764	89.71770527788257	609.2038630998782	92.44074613802043	272.69558268077304	114.83109231416014	34.0
287	216.8755533139966	262.43973239612245	1206.2406620631177	281.03949042647145	808.8387002595721	286.84915115872735	23.0
265	355.12735738684603	378.95616818226085	1394.1527310894005	414.03315129313944	956.7571249733674	407.29250178979646	15.0
66	312.06871784851245	309.6973377915678	1345.2951778858242	385.1233073266316	927.9486210316499	383.1955554944827	17.0
262	142.07303770473197	139.29952234308385	811.7955611198365	132.27808212528018	394.41637784165937	149.11017543153662	29.0
196	371.99017755263804	400.5163287202292	1279.948496305519	407.53908544319575	867.4196017663913	401.7207086740876	6.0
2	103.12801484961952	105.408695197821	776.5731387811747	98.34894933462371	491.2262468503786	103.66650914984966	35.0
475	349.4327421119731	403.680730450958	1244.2568133071843	416.6070641327234	881.8350298384535	387.8898506436109	4.0
365	280.27383622509495	295.9484937967952	880.6120882115403	307.71918419006585	587.4782364086963	302.12655410833383	15.0
337	369.9706633326976	383.86102304817393	1377.336793886922	438.10761459913186	971.6477709648238	414.97135153463194	10.0
137	171.45061049581375	228.5551758735479	1122.7435067087079	216.1575379524028	678.9955180334732	213.01813923527504	22.0
436	365.9859908519594	402.64917662602153	1370.2565854973711	395.4999043567288	914.9984341594742	410.0666870908772	12.0
180	73.73600148375917	28.017175571725808	555.0255736758224	51.702510832276296	293.56989020500055	48.28442413940798	37.0
295	335.9614289694769	318.19159319273194	1307.1357451277747	397.8485561775126	943.8300319137134	375.78463152010465	17.0
441	309.8439922218459	359.85836709365947	1158.6309707916705	353.8327062752279	802.1814530717414	381.6519141523419	15.0
263	316.5081185674721	349.0675225616664	1089.8548724474415	377.75646326289444	727.9870100287044	314.07920163892453	11.0
207	108.53551451329173	119.26525650871866	907.1713250681554	148.9380497791369	649.6249980433989	154.67301969247407	26.0
440	147.18724879667292	150.95436903109007	785.7703300822084	147.50947588836019	597.6331023558887	191.7062856179909	30.0
398	133.88066124871105	129.61255236811823	1083.1217628558038	192.44227666277143	695.1783134559902	238.33037338977147	25.0
276	126.44155633900887	142.75685850501492	843.0344844029951	183.0566235087519	684.6639267748226	160.504011624928	29.0
102	320.3380263391214	330.6679059180969	959.3565435678235	355.1833233655034	639.5072761651903	328.3003178075057	15.0
6	239.8762986796325	263.2658747608889	1236.9795352235942	304.830782823988	831.3058068756969	290.55581966130603	23.0
116	353.40296332410895	367.8779664373272	1358.082927865891	425.2461781306907	954.8501992325072	380.99298331517076	12.0
257	211.80694845168262	208.4867123174925	1086.0773157992296	235.4953071480271	704.4229727623673	242.31647653965166	26.0
86	304.7755671462558	377.240158865164	1106.120397478367	386.30060255358023	780.4766268686013	388.1129544530711	11.0
87	158.31921435928194	185.70776165778318	1032.3426637574244	189.75498030857443	726.3671026762659	205.1623848072891	25.0
331	185.06613331680785	174.16274160210577	1017.5740035552766	188.96422494089563	726.4352863454056	196.25069033110915	26.0
386	376.8726892795695	392.51441356756607	1410.4105128083092	422.86942384100735	948.3576106003143	410.8610467416611	12.0
296	81.7134259349671	107.2306015248276	719.8666548796903	138.35467611081918	422.9344679116034	124.98782007620841	37.0
303	341.6470607303472	363.51170314638955	1394.4202896046875	422.1714738147904	954.4312292570863	368.04360117904866	12.0
314	276.4850503482448	267.7249890290133	1260.133383710937	287.50596798031364	796.9754394496497	364.69874932349484	18.0
360	372.2376882967245	391.9297216006534	1346.601886356111	417.8239457884973	874.4010171130129	371.85768806537203	9.0
157	152.56169027570726	104.91391684734522	852.4748208177795	138.45830577916922	419.55549629955	182.44351925948493	31.0
22	382.16313345369394	343.0850554840506	1329.7656110422968	441.90231705611507	904.9723489815259	398.5757444028205	7.0
240	228.49265225242473	242.88317220654992	1202.7574644997942	237.86353902866261	726.3743418893871	247.11001029290637	21.0
463	325.53493785621606	350.33739144410305	1335.6742099701294	405.70374311611	942.1106691146413	403.1363471057104	10.0
375	144.67072975371198	107.48044133509993	944.7737906294332	148.5154077505794	610.7425518559779	147.8800318383478	33.0
250	396.33060725126273	367.4704735589814	1309.4846708086654	441.8277947655686	910.09255723787	424.13215628776067	7.0
189	379.88931053680926	344.0424491699421	1417.5911419368979	426.05486115239296	1025.4647926575888	409.95001119551165	15.0
409	183.63654820220066	201.46160944440575	1141.2324774363133	241.897097935103	724.5708494161153	273.42988033478144	20.0
266	212.17780570366503	222.40321271911907	1001.5667442272543	200.65310761206788	517.4115088053687	272.4656410533132	18.0
83	309.89989982145164	353.7409978256272	1381.0892528549339	386.52954218471075	988.0114319800325	375.0973171297537	14.0
55	63.5191994643996	90.999457615534	614.9265934126912	72.84357744398497	410.1027157113129	86.20634909211958	39.0
260	339.8238661528017	343.75430766575147	1135.4402104197545	368.88771816338686	787.979528380165	384.6506095190688	11.0
339	275.98141537461873	295.11761235212316	1051.7893724670428	344.4216749211287	741.9496865477312	335.80234166845753	16.0
445	111.48000518785338	138.84579684249775	850.5512725607613	134.32638259497176	439.33438189156885	130.56080552227502	31.0
44	343.09331502761125	364.4267730998715	1382.294583182309	396.1469069989846	961.4886526572624	394.88475996425177	16.0
191	278.3885743971199	287.7626260053249	910.8786321100932	312.8336913351611	671.009854091774	354.2115563781162	15.0
377	115.45862484134977	60.96390697048506	596.8465462246814	87.17010079994945	283.8409712082722	102.20817775386266	34.0
345	153.62843899262344	152.81711675906166	1032.8634731276077	217.07765311761074	744.5631582686843	230.0469889552385	28.0
359	149.75649602411778	162.11773390953132	1028.9896283859584	165.96832985810994	673.9924088635512	219.01891010663977	33.0
280	271.2984911191768	282.4455924417978	1291.0207157862715	345.04754174277036	914.2597606723982	345.02661495775845	22.0
187	131.89287847590867	169.30294505319966	965.2472410148321	185.84752704623804	603.8056713713272	205.88453691082486	36.0
88	352.22635381831594	392.10216111365435	1309.9668883751133	418.71415199302226	897.853547877919	429.54103949522033	16.0
340	331.3456520427602	372.20215022449986	1382.2974482263526	418.84194828731444	944.4334898824472	373.47049582607207	12.0
212	273.26010200098585	235.99550916838322	1263.5755726929156	281.6313096740038	790.4597476838056	316.6396103737887	21.0
206	218.44816542793524	258.31617817646725	1042.0057970155406	254.0266270861587	784.4999131605169	261.4984098420775	22.0
423	328.89180215263707	311.8871793819667	1309.622967641704	356.7754488494603	940.6660434304913	372.47397515579155	19.0
124	178.35188793027348	191.7654566816595	1019.2409660673924	203.17897779471963	725.9729591364409	214.25526989386842	26.0
245	372.2705047177718	393.3228363205765	1293.9356416024345	440.22804903142764	897.4091227847506	408.2865373558537	7.0
17	367.7223447474052	377.0750865942469	1315.5164265103801	396.7266475709864	889.5923523216061	361.5678518000719	11.0
301	191.3341016524649	222.76143466325874	889.1834304674227	232.52292673550065	677.710292527582	241.06636692682397	17.0
201	86.33102586013183	139.32820837610367	874.1663218570795	150.05889516984314	638.9151457035032	141.88256707691787	29.0
258	139.98444862960736	171.73628186110957	835.5750955985839	143.07699785007046	418.61984432633926	146.1410185542481	29.0
255	75.29279401990648	64.27276355338168	626.5515401915733	46.38457447268473	403.4795496768586	79.38740207417861	41.0
300	372.03586203585826	409.8880887316403	1424.3851696228373	413.4866598819168	961.5054433270996	421.41386316553974	13.0
145	391.5283033523616	420.11370440876783	1368.8645152034392	443.45200760521726	928.5902876465785	465.7637271948485	8.0
155	213.90979804386066	211.6950331156143	1096.4758488104746	147.04280340521876	536.7243587046678	232.23483003736575	22.0
97	91.22500276572738	136.35917180556822	808.2024228996585	144.41855275830395	610.7377784567507	140.76563138673777	32.0
343	336.35090041501354	256.5287356735213	949.1801556155572	373.11923351427527	722.8649412674583	279.65422576720454	0.0
259	392.0964628211709	396.01626672521894	1287.0345981663177	453.40372456828675	898.719744157999	410.96497776529907	6.0
455	160.8603253323124	148.01562111138347	1062.459649718533	204.57414550346832	671.3889980572511	247.8563349405235	25.0
256	343.34694030761943	331.48591260430004	1156.4296188891658	386.9585163438354	803.7668074126364	390.00682069533894	9.0
364	311.6037911772594	346.42406422340076	1103.141662830899	335.3992085747208	684.5833084297269	345.79422824583327	12.0
468	376.8747194873924	372.74795108410876	1374.5931630471205	434.4341230948398	952.9119042212934	387.41190397791513	11.0
170	189.82189526020096	220.29743182231874	1083.1996895298903	268.98524482955986	795.3165749689532	260.4587677373246	17.0
380	146.99413299175419	113.85076947196126	990.7969295563115	151.8996488021498	644.1375157398949	187.5611885769873	24.0
61	68.64094178541283	98.40380751118362	867.7907841113594	83.84183963213908	522.9475879043474	103.10628428475871	32.0
151	54.944936305559125	76.38545652793555	624.491540097869	85.67684138053627	420.90603301676805	81.82384465118135	42.0
370	375.1351294711417	396.51939609508224	1433.0438483543003	445.6301379071732	975.122101979151	444.7370729323365	9.0
322	145.11148861965256	155.20389714706417	988.8932277822908	188.63745476578706	577.0852691339443	192.93819301912785	34.0
95	169.83026560207273	199.00206073319293	974.2358729504139	249.0251492871786	775.9944367402293	222.50497749879744	23.0
51	287.45966903349864	305.0247669721612	1287.8051686946048	332.83093657802044	940.8236873978838	347.7932247607093	19.0
328	243.43597706997176	215.45312745259685	1251.3486690111467	218.33731918873195	707.2179854422116	250.78041129241302	24.0
284	182.3173250940269	212.14587526253484	888.0683448518643	177.73673737296443	421.55106831162107	216.52857577526063	27.0
428	344.31375372579237	380.1414448349581	1406.8669000585974	400.2408184354739	965.9997809807542	422.97470035104595	16.0
213	356.32431109395117	377.9467930275659	1336.4202136775032	436.8899812274034	918.4531415255042	399.3657101133274	8.0
460	84.63572351114131	120.91098435303248	771.0164738661169	117.68631208382675	512.7229145206658	134.97323819267487	36.0
148	317.09670605698165	365.67276923917933	1266.3137738321993	352.8960008183912	842.7462010911092	400.79256253139766	17.0
235	132.61472087077527	139.50581603473174	737.0894444233807	162.35264775772757	415.05415226973093	181.25619148305591	35.0
489	338.29879903685935	300.76203821678865	1330.4339471923831	318.83138624497985	861.5059920438788	376.4319245639846	18.0
112	367.4856330634637	407.49262836932206	1316.1866061513351	409.56021904140243	881.4759516750313	440.3743761474294	10.0
346	334.92250971328065	384.87223692791906	1345.3369919214451	386.23558678068	911.7448187663392	401.2760088650138	14.0
118	343.263357725419	363.88803048378594	1424.251062234211	407.3506840289477	987.3559743158563	393.22786704687684	14.0
176	293.1692746283427	342.14639438666	1182.4107219307114	385.31094116105476	828.010823929879	370.2713605680333	14.0
119	192.01060889258238	229.91335741081244	845.510898348536	228.01541672912884	551.0168447986083	242.64987416872674	18.0
283	195.6977676170005	159.14125372308266	1106.9097891375627	236.58494833838836	765.4680487746411	238.1608862511946	22.0
490	112.27209425029979	114.84609509022117	910.7458092650307	148.9050655120563	621.9972015448524	140.7977191151408	34.0
224	103.67190284217826	144.27391260868643	999.2700503014756	150.82388942554724	612.0833568338342	189.80375771536924	32.0
494	223.5078565823562	271.17907379207617	1234.5198839862187	306.38000248281276	844.1856310318141	293.9507807355399	23.0
113	184.22200828122348	171.3321477089596	1062.8565811425756	178.53535099043063	589.7861441233907	232.74494508855625	27.0
270	357.5965241369949	368.0738500634793	1416.4751439857582	423.357320953619	963.8451762334024	405.6510284471444	13.0
480	261.0507642826817	261.54508266896846	1061.865923835928	296.4472161810832	791.9131723863932	338.0363522638601	19.0
371	74.29775608183634	52.34328520948444	604.0312389597506	50.53949402530525	340.5609452144181	62.76226326833044	38.0
216	356.48079481880524	387.6330493176313	1406.682930511994	402.7025313101806	966.5486074565299	407.916298427932	15.0
110	228.63379036498418	172.64229786454268	1119.4313094304098	169.00160668146503	555.9500124003195	261.6468167366994	22.0
351	164.58608503228575	171.1922399801094	966.8379996443934	182.55592266746902	724.5107622839432	228.68218843776805	28.0
195	112.45765362863648	163.55183309242054	964.5941171766303	163.33264945860384	528.3231075836514	142.20408102163302	33.0
451	377.1456446399177	384.44333778476687	1360.9041770043784	429.708147942443	937.452071280249	419.7063925175628	8.0
4	195.8406434393314	139.37761808958507	1072.3649961213844	158.30418785802843	650.5433371502332	180.2638017995346	30.0
277	340.84088185473627	309.68612462818186	1165.9660947133248	365.7912342268358	790.0765796691077	364.9819412017064	16.0
332	278.1493082494879	253.21774508184217	1251.0760988952509	298.52724154555415	779.0620796423188	361.0221698229338	20.0
13	311.2583895063602	361.8300075655042	1153.4873267883045	383.4359241437395	791.2395993183022	355.82468612216115	10.0
11	232.82401821240597	247.031626923649	1194.220343390844	227.01582276053438	733.994507475651	261.8204194364272	22.0
15	268.30841248768587	221.5141644422348	1223.5815920859359	245.81240026020035	789.7045502312369	308.09280487401514	20.0
162	332.9221011189084	368.48442083509605	1109.281119220975	369.760234238606	797.61101787456	283.1663515916155	3.0
461	58.45056867382178	74.61903443631614	662.3627281034555	86.84328246141447	434.9852057282524	85.24468821401234	41.0
52	290.89958754851557	310.5776378079982	982.1577923570712	322.32125178675466	720.6277815994724	362.01909340718936	14.0
302	213.05449362362668	194.77105439468417	1163.092222378637	231.3998600850352	757.5031442191735	303.0630481427905	21.0
117	203.54812283663057	242.39358762685094	1165.2741631988404	270.92284812050417	906.1743054987397	263.4654361579872	20.0
495	68.95013676807135	88.67326664856773	670.6472968723289	85.79187920339618	453.5481818131648	100.99726784889268	42.0
369	327.8550638799114	347.2403220568932	1310.954577878624	351.3263159126383	868.8994890302331	405.6676012484127	17.0
136	348.734674000783	365.4919966890617	1194.8407098697012	397.3948258548339	808.8997065286401	390.3961487604639	11.0
228	154.7693328111214	144.35860171895112	687.6248941931001	101.28777754277058	310.5463440972012	145.41801144728217	32.0
356	203.39990728478404	219.90588454568575	950.6317607819166	197.26146156276312	492.8862135972833	230.6427558672071	28.0
1	337.2229179079861	333.3628939281154	1363.730365633596	341.3058188482493	923.0369964186661	385.1412235630085	18.0
392	153.52824872150867	149.45492016776333	979.8681420808484	191.85865483256694	716.0521674578091	231.74699302119413	29.0
390	365.09559648232215	383.8744408103011	1347.0203758091939	421.4328531324665	908.5025121590053	402.1330040838733	7.0
311	389.19803154829026	392.1443555059088	1452.031218940603	434.14761597604	972.5452148374012	398.8765425216205	9.0
221	191.32257521446945	164.371756152546	1049.275505451034	193.9058920443665	781.7089347251791	193.1333516568786	21.0
199	351.92068800307567	344.8843217222799	1425.0032126608237	421.1815406905147	970.0527759002464	386.7878956497209	13.0
427	143.4097168840367	127.93180611608193	892.3675177986208	137.4939769621653	674.9792095631994	147.16696513443443	31.0
457	202.4664159703917	185.15156003647166	971.2389593242359	227.92847926238144	702.8957068033232	219.18839677342268	26.0
14	159.56193032610847	197.88144570503457	822.4851500286001	186.06454236559415	651.8646213939156	217.07041841331522	30.0
249	364.3411101669672	362.4742968932512	1184.0409741582769	376.47961957915214	792.1267961804831	384.9768319202063	12.0
48	191.9742073398715	158.22964624150111	902.1357213751008	172.1324248556289	434.92882800925554	192.86526595003878	28.0
107	251.63556958411107	278.7928623331481	1301.9851851038259	274.73435357392316	849.8609998048051	320.06198096207	23.0
403	115.14814677475574	86.21395615381178	892.3448541594083	94.91400887483587	508.9550207913467	176.35685519453486	34.0
194	381.8795913371153	379.8075435713067	1269.894320109671	415.28819502785444	869.8179219451715	407.0950946798429	5.0
333	199.67025464618325	155.68936369514222	1160.7465897071102	220.34475355005213	751.4422949099395	272.3427463858253	25.0
241	336.3170790501495	370.53229065259467	1444.804282854635	430.2780711468883	1008.1802841615781	392.1111113846288	15.0
230	212.9445849296036	216.62371055395224	1196.4397750303538	272.1437076604845	877.9417196293327	290.41287292846107	20.0
389	256.42074920475767	193.39305014669122	1176.4570977415087	194.30783782920497	706.649331019159	280.2205603481586	21.0
253	345.9711005448117	312.6517732612952	1125.6219253588833	353.11587295404337	792.9948793410315	381.3369884706103	11.0
60	366.4211169299219	289.44753855993423	1245.928743213396	369.8722892397479	826.6756408433457	384.33157643968707	6.0
130	365.9898965950381	347.2782779868869	1394.2436633781972	392.2780009535615	966.478893061017	407.9559942472749	13.0
32	329.86262769161823	363.85285386573486	1166.0535316121282	373.5851242656432	738.0354158849882	412.67636342756003	12.0
391	208.56356973399775	200.6903880765132	1182.4741565339032	233.05682359154954	832.470323896309	260.79132258103664	18.0
410	147.06586546078856	160.5988215571808	918.0438062139672	229.71094932454957	750.4656293854762	151.9252817454325	22.0
433	39.610053480294084	49.72700605281762	556.1608923180515	44.51109354634561	344.7509479451553	63.43913148969075	41.0
291	176.95854837043078	145.54661577336117	1026.811562563444	177.3564232541761	680.6781659162791	174.69419852076234	33.0
68	151.5582919385067	165.96961487656844	854.3375249691181	196.30540328327416	700.1950148699929	176.43447700161255	30.0
