InstanceID	N1	N2	N3	X	N4	N5	Class
477	1491.7485350940526	1864.4758738130558	2183.273069214944	8433.434953881198	1595.5195716242083	2343.5873940817723	-0.848872488540578
421	1510.6695874352931	2091.4652316077536	2798.3787617290477	9146.362584347098	1554.6817381837318	2848.2365413603134	-0.848872488540578
178	1619.1567911991738	2265.631504295494	3541.4926319666324	6159.133644405388	1373.0458484104902	2495.667220974122	-0.49901177664292
576	880.4430005302577	962.0029590309125	1353.4946488418927	5791.793902975033	866.3540053830704	1218.8164211771068	1.41088885306209
387	1934.4528794666517	2375.1122239667498	2754.6935370210917	3855.5623258154055	1987.4968007390153	2026.090134067681	0.493150590278539
183	1613.8101060247645	2289.2571910280376	2704.7886960388705	7535.55730893962	1700.1052823186917	2370.047985170898	-0.675262089199912
606	1681.5509623357418	2291.1176699434773	2647.853704630995	7958.547667682427	1706.639758794456	2852.74939196874	-0.675262089199912
212	1853.7488342307743	2380.621229379658	2754.153234979883	3749.1142921283754	1907.110993973132	2017.9362526554596	0.493150590278539
617	235.87704585852023	307.7779428815035	1464.9508031001546	4363.165038007375	206.48134321543938	1160.4241797227435	-1.38309263996582
433	474.5518345322829	565.5950361511209	1184.4923034928295	7992.57625616046	341.3067132318631	1859.0954775201062	-1.41044611617154
398	1788.382459119864	2310.662797056818	3449.1146417084706	6247.675008085076	1817.7672238299042	2769.396104414949	-0.49901177664292
145	1529.079698180237	2249.0326387919927	2934.6906999663324	9423.659923044248	1629.5622513222042	2931.1648587957675	-0.848872488540578
3	1836.850036534377	2283.5025946079504	2705.2089970467064	6959.501796268043	1914.0380108736408	2194.3315559062908	0.843858212814768
316	1812.1511944421231	2419.74696432585	2778.9639948623785	7394.4973283058835	1856.444278866763	2576.668307892514	0.68075478845144
153	1639.332731604526	2093.2776924246095	2542.884064633266	6907.594151946554	1743.2926802364886	2110.8063299268633	0.843858212814768
616	1956.0867543975362	2418.096356490401	2824.78103961061	3980.194656389128	2014.0668638249836	2124.023075393189	0.493150590278539
284	806.8550968981029	1021.9358998519325	1378.8158542499937	6131.391707318784	588.2844280421824	1599.4729359325295	1.41088885306209
494	226.6721786600928	337.97371377258946	769.6448257184935	7032.137694604904	240.727339745651	994.2357568466808	-1.41044611617154
84	528.1757354435158	674.7842145572206	847.308502603775	5671.425824356355	650.8466807052687	1181.8412983888234	1.41088885306209
567	376.5653103077554	490.663107312629	520.8587764041439	6240.349823451608	305.96193109662516	479.90291672341704	-1.41044611617154
79	738.4884914297833	849.3942292907246	1142.2477045470503	5753.335269423406	894.0556825518547	1292.2089195669419	1.38177329067604
412	1855.9203701368517	2274.435791506844	2828.9416919438518	7430.8084541835415	1980.3843031909976	2724.2994557513166	0.843858212814768
121	320.5336851471827	445.80932267277194	530.0721698562869	3412.8287237829354	326.80144252566896	1219.7742471683991	-1.38309263996582
431	1879.824464539295	2439.2962212057378	2802.2396215320687	7881.724048735625	1820.6401510505384	2676.422605548733	-0.675262089199912
330	980.0954498384164	772.116352843384	1159.1515005062927	5600.745950775614	725.5818948733385	922.6688482483734	1.41088885306209
14	708.5408477577433	698.0250857240524	1004.7022026949106	6093.070031543359	649.4661628909403	1691.852167955228	1.41088885306209
486	1916.0930037478188	2298.6228149260824	2744.0821603213703	7209.634601332222	1870.0596926689705	2194.0471099170527	1.0
269	1760.1615251697892	2117.4030666701433	2531.7935800941477	6785.128473153375	1670.1474821875831	1678.9537963726225	1.0
0	1932.7724036886316	2456.9322761724206	2819.718282310502	7554.690240574683	1945.2167048179542	2745.43577824618	0.68075478845144
358	1661.5654654382208	2160.368960940927	2870.0320395814797	7187.603616586859	1606.4314616557128	1756.6585966916377	-0.675262089199912
220	1867.822837614716	2304.9150541375475	2588.564639846773	3759.5707377097333	1928.6634973830414	1913.906933012083	0.493150590278539
117	1769.0979222254175	2328.833204190372	3711.0832141562432	6424.5741533781775	1648.4213414057822	2719.2872635590666	-0.49901177664292
184	1795.1432086491359	2183.240460788726	2624.6903101533912	7502.503445959045	1854.8569374707868	2689.7406620106253	0.68075478845144
586	1024.2858774208162	1146.6704107450264	1468.7322617463535	6375.835847665617	744.2425017672283	1156.1134695103804	1.0
536	358.82858870515963	285.3300638535809	1003.4641656873395	7833.789335046429	392.6240597406095	1802.506891559385	-1.41044611617154
348	906.8939479341782	711.7112791175712	865.4883749259466	6061.6415046259235	647.3033523812422	1464.1969870455725	1.41088885306209
103	1937.3123906972999	2422.1793154498378	2716.6876095731986	3981.991613667704	1969.1845827443385	2128.2484552768383	0.493150590278539
155	1691.1557071557588	2051.8537772969366	2530.1468758423284	6793.399402605406	1770.7695214600017	2162.9618204561884	0.843858212814768
452	1660.2860604353539	2031.5773145925716	2316.4487111708972	6387.127312971685	1770.7907964018345	1868.4151527800677	0.843858212814768
589	396.51748684961393	447.8989201665211	1532.484694111944	3852.772822723826	324.50413418783404	709.8519291452906	-1.38309263996582
276	1405.4615403640926	1583.0606858147255	2012.486113689467	6819.5235094369045	1410.7267746677805	1857.2976658390724	1.0
614	1513.9976843093189	2253.6716286841634	2816.474374618304	8292.522394540927	1539.6864734070502	2803.030073957338	-0.675262089199912
444	276.4900266078995	379.12585414638437	526.4008507115552	3403.69663204562	248.69037543020497	1218.3702254505533	-1.38309263996582
560	1931.128793037366	2450.131320055823	2775.8032517135644	3907.4698311465063	1966.657916044126	2114.650825226436	0.493150590278539
527	1770.211191396389	2095.7179036171497	2437.6898517788345	6933.285486418087	1830.6014928452619	2179.267455780977	0.843858212814768
239	277.01597460118046	340.7824316454278	1055.7437731789757	7690.176076206263	283.71705796192833	1636.0680200830573	-1.41044611617154
274	1883.592114628242	2477.306439825266	2719.364701913718	4073.1383305925324	1982.3626119079145	2113.175200903498	0.493150590278539
478	1694.7018339813828	2215.035370021379	3578.4234847188036	6297.847527620218	1608.6371597572568	2665.0448804993644	-0.49901177664292
118	277.5272549063117	363.21545956528985	1533.9558685469462	3568.451650292872	284.8995505873769	517.2986066225268	-1.38309263996582
425	376.0810224405047	467.6009269253957	1719.3336371239795	4276.880215019629	385.9876386560546	1069.4326978964934	-1.38309263996582
604	1220.0390345841313	1934.8925349358815	2576.2211756687793	7543.77184953348	1329.7081810762973	2317.00753040552	-0.675262089199912
146	1844.253689606382	2276.944540288779	2655.0772452557308	3728.146175234842	1662.7325990999232	1824.6586445026521	0.493150590278539
60	1939.6962100340995	2440.1223553872333	2960.582917691545	7731.942709664905	1958.5533790960503	2757.676631383131	0.68075478845144
506	1841.9703869383786	2372.294522923359	3526.899442365207	5639.430596768122	1838.5064936542365	2188.835484843204	-0.49901177664292
113	768.6362237238286	686.0384110661302	977.7718209393917	5727.661492166503	790.3724108916985	985.3172485314693	1.38177329067604
42	1886.8948381746575	2369.7962846113314	2876.9425554047702	7409.530549956625	1946.3594706245378	2536.7085228987894	0.68075478845144
334	1776.9782660724593	2316.922827332384	3404.73764235262	5381.091485781219	1735.8821458122993	1958.0013257665885	-0.49901177664292
298	1503.8552501207118	1899.2769047524318	2241.3221087280153	7762.210928448484	1312.2144669762351	2568.332902598424	-0.675262089199912
253	1841.806118115195	2363.170357005319	2759.419389978892	7238.949581383757	1943.5662081814855	2490.9815851104677	0.68075478845144
488	1161.4673455664952	1227.8862770510955	1657.7406144465526	6579.525658963553	982.334844433244	1525.4691092604137	1.0
67	1144.7793135191287	1413.1061447972556	2045.1599647059254	7742.179607546745	1007.6668802423256	1378.9135327170254	-0.848872488540578
241	1690.4536821535582	2200.9958196848356	2467.8333294312097	7943.33934215931	1678.9375743840492	2750.405048454391	-0.675262089199912
462	1728.2464876208446	2154.0516314033457	2488.1927649578647	4913.509627638338	1360.064663317958	2168.435235173948	-0.49901177664292
34	1677.8905489722347	1885.5978537885599	2426.540502455809	7319.07222840902	1622.256901862488	2662.878494352103	0.843858212814768
165	1835.6361548645166	2188.3374402045674	2544.4494804220362	7221.329188461933	1788.6382641484258	2219.1506287821708	0.68075478845144
409	1638.3872150839127	1873.1168731726514	2960.2197893020143	5221.266621773433	1486.6091091371677	1569.0139400074609	-0.49901177664292
11	1477.9731414750374	1748.0182702957636	2283.8440412696127	6906.292255098117	1480.8751249763768	2291.611989683267	0.843858212814768
207	1140.5119295074592	1289.1143271589356	1654.4891330779528	6266.232447267942	1010.3109043265574	1131.5108711913467	1.0
602	1304.4938506139597	1415.8532187999958	1879.145669805788	6790.721422581751	1141.321034553424	1562.9998843753076	1.0
363	1259.6962356512352	1372.1011321343683	1808.4917552523839	6773.861778426788	1039.1266050296733	1580.922205712045	1.0
367	1731.5208609167616	1995.9770174880116	2458.435625361042	7300.269648056322	1689.2613389606379	2652.829577520807	0.68075478845144
135	791.518527099019	900.2760448850537	1381.8638710679813	5885.910693226983	957.1488939848642	1532.4219757625149	0.843858212814768
397	906.921378971516	1015.4172469598153	1495.177249613514	6190.883784558499	947.8902936615923	1849.0700833939368	0.843858212814768
271	978.8074781838741	1044.5731251281238	1584.406260192766	6412.176674334704	940.3527200491936	1827.1502070398478	0.843858212814768
396	1063.8062721417346	1579.1744699441426	1698.4608383849359	4378.661014731652	1273.071908197392	1927.8472814925462	-0.49901177664292
552	1863.8710935741535	2300.54152705649	2639.5050792101047	3749.335845821036	1950.8229478362714	1984.2245484672555	0.493150590278539
518	1836.9134903799536	2229.380228888593	2657.5646965049036	3745.536947377339	1882.335435016206	1884.9160160757951	0.493150590278539
54	1811.5472872662442	2206.3602171093153	2541.4411615520407	3789.9704228693895	1943.3775273216588	2013.8172897637216	0.493150590278539
344	1070.9237229126695	1156.06335418595	1327.67837559609	6356.3238162495045	870.749606915357	1291.7926164371706	1.0
329	500.44383135156244	404.67901647064656	624.0432331636896	5148.1344799582075	438.89470452989747	558.5557084120379	1.38177329067604
134	1023.9278429364264	1548.5471359585886	2010.8592914432468	7546.015471642449	1035.406270426419	1337.4590488993417	-0.848872488540578
48	1593.982697792625	1860.209681432584	2288.2411622138798	6500.703145802327	1601.0788171656254	2015.055894394989	0.843858212814768
73	1329.4970636496816	2045.5328680589605	3451.6279897839613	5806.241548310337	1623.100003712914	2426.5242056869147	-0.49901177664292
98	1356.3757058089889	1446.6710919133811	2004.3903547858433	6689.176641138867	1254.2955009037628	2169.6053427774195	0.843858212814768
229	1604.4417697231654	2243.4348211467545	3664.3096198716457	6275.444690208106	1516.3350151889672	2628.0750422317365	-0.49901177664292
570	1751.7790577393635	2139.652496698807	2382.605901043388	3556.1440228718416	1620.3522949757476	1796.024171445259	0.493150590278539
548	688.3220170644024	607.8131448590204	883.0881938071167	5702.098046308693	614.0245205670373	994.5084107204359	1.38177329067604
169	1260.3012141037216	1808.47980340366	1900.6945532197617	7541.697780434036	1058.8358671943695	1438.0349835407737	-0.848872488540578
133	614.4510354938184	656.415869091337	1030.715660060879	5796.387568316105	561.2787720314874	1068.924118251803	1.38177329067604
89	314.22257967082663	313.37852949613057	332.8336926414215	3294.892717504085	271.13196047626866	1105.9976553385868	-1.38309263996582
21	335.6278816856509	470.41567633969794	1278.993504723177	4285.086930894928	334.0328625932613	1250.4363055218296	-1.38309263996582
100	1745.3015415954135	2190.9630604164345	2679.2884147014984	7215.536681736445	1733.320430243447	2182.9125625664474	1.0
256	524.3673682983059	566.7419340147759	713.3218912134546	5399.490792379694	515.5696076601693	1020.2443986882316	1.41088885306209
95	1749.872227958287	2092.7644426237835	2392.4982594856824	4483.432750341589	1759.4858305906516	1668.405124849148	-0.49901177664292
568	1661.4558875159134	1906.182638539806	2393.3218341564934	7091.0448571176685	1516.2690919778029	2190.094370684554	1.0
189	1323.0226747845416	1775.0807748861373	1997.5083891890758	6701.96445751902	1436.0292778320286	1589.693530500768	-0.675262089199912
198	541.3329587838571	661.2756616178235	824.4087030541302	5159.596027979741	553.4052430090129	980.0212807765909	1.41088885306209
612	1394.0955146135248	1935.3670076760313	2559.2690472336144	8634.31139019914	1462.0618077038628	2410.6270196134988	-0.848872488540578
556	1697.94686483044	2171.727478679181	2949.110903231541	7516.29392972254	1750.3669771124303	2064.3784774041774	-0.675262089199912
609	1327.4398651887	1778.6738936190216	2005.0114337862865	7264.036095826304	1444.1913534825117	2096.478415870334	-0.675262089199912
475	795.9656897159291	930.3964944335552	1319.1674756796087	6007.093099789258	628.6928948834944	1525.62605920418	1.41088885306209
467	1894.1261352920003	2369.2790937482196	2771.9582508117	3857.901931375459	2023.3525619844306	2065.082759142957	0.493150590278539
65	1513.7470985832101	1803.8297101409278	2474.839130594742	7762.189831700504	1258.5680088983684	2350.4252945692415	-0.675262089199912
97	1840.2750808956157	2233.8201363482694	2826.747011107971	7484.205577233653	1868.12109863446	2642.0931110886168	0.68075478845144
378	1642.228889256142	1958.2969449440427	2675.7286234456824	7919.085020643282	1369.265081411035	2416.082445631703	-0.675262089199912
335	1381.4391468104836	1762.3312400098023	2095.847136764887	8176.512285483914	1307.8917795831644	2184.30475604008	-0.848872488540578
562	1788.7358578782066	2223.873559018266	2554.2047378444668	3790.5006617540334	1889.817646649273	1900.7918771851587	0.493150590278539
295	227.15742576592584	289.1243086887565	868.4978320781506	7598.425045717892	433.219009238798	1578.0555170033417	-1.41044611617154
326	1564.7019915639885	2065.9286593578363	2362.7049837603813	8528.299466006049	1620.5145012792161	2311.770681088581	-0.848872488540578
195	1861.738489393452	2343.8870656709837	2792.657334868543	7371.493192310151	1893.408305493339	2618.744234927957	0.843858212814768
446	334.77084921349393	396.8090200010348	1276.1402107161027	4183.474598784611	313.5561117912882	1244.4284145473564	-1.38309263996582
251	1009.3334414880457	860.9837484521858	1252.9256977193156	6043.249818837572	894.2248834448534	1270.325723246875	1.38177329067604
338	390.05118396382363	510.2024166384308	1283.4949203886324	4286.2185408980895	312.02561733306464	1281.8004494661143	-1.38309263996582
285	1857.6830855101882	2413.8636092545325	3814.3910784179925	6529.135263196111	1886.6192723158838	2923.3252890607914	-0.49901177664292
171	713.1057931427607	630.0361564754575	975.4663864801981	5649.98426889039	638.888571404874	1120.9226210369764	1.41088885306209
201	428.41768521879914	546.1721632811391	958.4960717649295	7664.358129765019	396.72743529354307	1653.2266252852526	-1.41044611617154
297	483.83501887338974	655.1073188496263	1330.118216740627	7565.874234118808	526.4131779008083	1371.4023417445717	-1.41044611617154
61	921.9573581922294	895.0983402542722	1358.1239580147476	6103.71203171925	946.1787564481555	1476.6756873322283	1.38177329067604
125	2053.3727304526296	2559.159827937968	2932.641016691053	7461.815168552254	2016.1702441991008	2522.9297935812638	0.68075478845144
243	1389.1324629047795	1931.1044826146024	2646.479780726493	9208.286459000634	1262.3123559551702	2793.0710720362167	-0.848872488540578
245	363.3631482517449	539.5519552163477	784.8922655808436	7525.343993832367	398.9589633706546	1763.9067796336155	-1.41044611617154
430	1839.8342484224531	2230.5793427734097	2624.056490167381	8702.843601246426	1720.2311692613698	2603.7526622582764	-0.848872488540578
521	669.5426664967731	729.2063629044688	1047.3915586193273	5796.417321103126	857.2155043198538	1426.6094390520755	1.41088885306209
385	1761.3084274672801	2385.8157193241227	3728.852868536815	5737.928605818473	1605.7843324196306	2149.170243566734	-0.49901177664292
283	1820.1511767061127	2308.978496063967	3755.113862832497	6432.553311157576	1854.1786967606688	2736.7020388179963	-0.49901177664292
406	1837.946964962278	2349.421727072618	2769.4882974483385	7359.484153025898	1891.5939790504808	2671.5429651078393	0.843858212814768
119	1502.5005041312645	1936.8985700673788	2646.8733347412244	8152.0747159291095	1464.3605190637318	1696.5029113200849	-0.848872488540578
597	342.6248298949984	410.65324763821536	477.2525624604249	2682.7606188287036	341.28502374473806	553.0030450966125	-1.38309263996582
196	768.3015999120164	704.2291588235589	994.5831636954687	5498.787970866465	779.0313078688083	860.7046106825447	1.38177329067604
187	1516.624397676991	2184.648338570388	2950.81903501146	9419.941794012006	1511.5933762066443	3003.722652913092	-0.848872488540578
543	865.3415166835927	725.3909000134892	1020.6740745332957	5889.593876514059	912.4250682002737	1311.466614776906	1.38177329067604
539	1826.7135451320316	2401.464944802919	2818.361678178998	6876.6030076192765	1954.5581588838597	2130.0162168769875	0.843858212814768
223	844.5890537891947	960.5398911952916	1299.358820262964	5779.833898812396	615.6433203109488	1205.7869129638989	1.41088885306209
535	1762.6863356491347	2037.878949604444	2459.1546645351696	6803.668342169512	1684.5364572086385	1792.3754317002538	1.0
249	694.1643473573407	715.8478339199835	930.372828409493	5430.912475826257	659.2945599901064	913.7276804368302	1.38177329067604
191	1705.374049250111	2099.5849100098185	2478.4992237664337	7648.986754039836	1749.815766669716	2271.9611652138037	-0.675262089199912
628	1594.9578056116159	1693.7900254011302	2170.2729239251703	6720.925831531257	1276.691148430298	1738.4113511457172	1.0
393	260.44271903525214	368.13815588196724	1238.8702008583466	3581.1169162523624	227.31149022998645	579.2420780224271	-1.38309263996582
70	548.0909228232964	660.8516927879903	838.0209908836708	5189.320623151817	564.3096882188491	966.7943489476784	1.41088885306209
341	405.54282105320897	457.34890658512376	1338.222736137891	4237.6881770522095	360.2572833595242	1288.5555348719113	-1.38309263996582
142	1893.8201177943454	2470.867913930483	2784.929404902955	3984.1669892696837	2009.2118595640866	2071.316591335735	0.493150590278539
180	1669.8408405879263	1974.717191161297	2395.4445425925765	7062.013854996962	1695.8277008459079	2091.593707233313	1.0
498	925.0680757722707	731.4475478617019	1094.642371052187	5730.38826774775	651.8143921884568	1005.1341997962073	1.41088885306209
90	354.4707380262539	412.16757185865293	470.3853775477092	2669.630370222876	379.6121922304479	508.67535351433025	-1.38309263996582
439	392.95803386372285	631.605882535684	1049.4850610662368	7643.34859161095	408.1424669945335	1717.8829818231563	-1.41044611617154
574	358.2572387471384	607.30207875942	593.1533227946994	6935.063113732833	479.7851539215403	1218.1223630046916	-1.41044611617154
257	972.2475520525259	1368.7031961624768	1598.3835798576426	8172.121294992742	951.7678565379109	2339.8929153937033	-1.41044611617154
304	1510.842105771497	1618.4406913267303	2195.7805050180064	6408.089585468856	1384.0367885051494	1736.6482510227418	1.38177329067604
124	930.3590867065523	1356.5064986746347	1848.9444879149735	8002.271187472638	842.3342035477597	1759.6367677996009	-1.41044611617154
547	1065.7505952374229	1623.183380853683	2173.8481714542	8105.286265189401	1092.2029545011019	1903.6086903960595	-1.41044611617154
356	1565.5947341562337	1823.2077781356413	2217.6899966616984	6960.801384259289	1606.2740661543892	2266.1941215676547	1.41088885306209
482	1826.5268245312056	2474.922707659524	2820.7929268325975	7406.690459040259	1883.8227526473918	2173.582845698399	-0.675262089199912
384	1997.0140943522038	2464.2811215434645	2803.181585388104	4087.083773728094	2104.71347527436	2278.105381024903	0.493150590278539
419	1809.5459510610724	2278.896549281898	2527.762825558611	3769.456522558397	1959.22793620369	1933.2717137185741	0.493150590278539
116	1750.3191228127582	2314.288328804793	3628.672199654609	5632.944331469798	1825.617088525893	1930.2490416949656	-0.49901177664292
571	1451.293623520705	1862.254599573022	2519.180369505882	8926.522044304196	1570.1184110791385	2361.07260333718	-0.848872488540578
603	1862.3702820252977	2352.352851428709	2756.898719346456	3797.6658389867243	1964.258675577504	2016.6951741834039	0.493150590278539
138	573.5910213878198	535.2039569236493	871.1333498363426	5323.371774677667	472.44996464791916	571.5790275271289	1.38177329067604
311	1755.6075624916894	2251.2470403887464	2726.2336261142614	7161.819186557349	1803.1543864734715	2432.5287376566457	0.843858212814768
140	1682.958777210094	2268.438297344534	2506.4548416597077	7067.531330680461	1693.3031663519434	1882.163290931601	-0.675262089199912
168	1294.700444766425	1772.4138825171983	3039.6182759941616	5156.050434903796	1560.9330466798128	1940.6389872126028	-0.49901177664292
247	754.2268335445226	527.1207484218545	878.3443052568076	5767.519560200324	582.7230375145466	1046.8541624496784	1.38177329067604
16	275.1858248875518	356.53897686235393	1545.8492360841356	3624.9350186459915	291.8942447404683	541.809407560567	-1.38309263996582
327	1919.593143080499	2418.351161003256	2802.349797618915	3958.7262255490728	2041.5754541676597	2170.275831504857	0.493150590278539
630	236.09927008482956	343.72968953168015	838.609553205029	7490.130508446348	279.5798007658389	1544.4530781411154	-1.41044611617154
558	1635.6892552905656	2088.6520972945686	3035.9369079118565	9547.454497971212	1472.7016500400607	2963.497318795576	-0.848872488540578
40	1514.5518893008152	1950.7138996605222	2286.107691249557	8448.675615707542	1333.9064067071404	2306.601292004801	-0.848872488540578
350	1885.99902358209	2320.907777828838	2762.8295647784225	7322.67872465782	1850.7671737694593	2506.9965372904435	0.843858212814768
262	1847.2205038555396	2238.469881270971	2784.714038651545	7535.022451364612	1844.5727678721198	2623.6914528695315	0.843858212814768
76	1444.793644086283	1894.454447178882	2618.5258880849105	8851.12995941712	1590.3997564586539	2308.577182733639	-0.848872488540578
590	1888.613643363827	2331.620815673542	2763.92312446686	7317.414640063727	1946.2552201197773	2523.379007737749	0.68075478845144
179	1787.402938665482	2197.7154339224485	2789.861703681871	7466.346313669331	1836.9994587470808	2607.150103504357	0.68075478845144
301	1856.4181161882013	2341.708343698037	2718.083700834987	3873.65262700761	1909.330785572377	2095.554399314587	0.493150590278539
553	1855.4026580937207	2295.862837189695	2718.3214164321653	3752.670510491951	1896.362421054461	2022.8021381056744	0.493150590278539
479	1724.2195058381972	2077.1451542827217	2473.0031617147606	6993.055108558424	1707.7508245384586	2226.2964987986866	0.68075478845144
429	191.16547112898573	248.75528237325534	255.19528134814328	6425.86569814664	218.20837560723135	785.5091478820727	-1.41044611617154
592	229.31737786140474	309.7052431618006	873.1333938398099	7156.041882913312	261.1946802323493	1064.5156854413358	-1.41044611617154
225	1861.3722472492977	2439.560606809476	2948.7415395045978	7438.6510465344545	1941.5431452006217	2453.8409616661174	0.68075478845144
457	312.9487615712074	443.9018065739705	1030.986727639851	7633.484556053312	250.68886157048485	1650.0565381601978	-1.41044611617154
317	1778.896654385608	2111.482116974244	2615.3083308211953	7020.252400052619	1690.7116219581712	2036.9930431599169	1.0
267	256.09228208272185	409.0149603391775	437.00545517740767	6179.604696068912	298.2829241854628	497.01843927696757	-1.41044611617154
328	411.2633065037527	534.3611766325303	962.8832950080057	7110.7510325162175	388.9576246559291	1091.5608293170467	-1.41044611617154
154	1971.331973885014	2405.2311396748623	2792.9474351192216	7281.601751091552	1951.1799513452727	2602.5231843542388	0.843858212814768
131	1836.2341003392658	2224.354916113911	2657.1772380076854	7191.077922127166	1842.3259153718645	2317.1567927776605	1.0
584	1653.1721462286866	2197.6452521298947	2567.7462511748035	7564.393278230708	1500.4968804401	2321.2969856853515	-0.675262089199912
27	1865.9656059548267	2457.8941398312095	2822.576531862991	7513.330888747526	1937.5408885841914	2661.730710588943	0.68075478845144
600	1579.7245298683088	2140.868799691787	3524.9588099015405	6057.520704394065	1341.5716439948076	2407.4834941511726	-0.49901177664292
523	1267.1576298424966	1358.7843677645046	1777.2060951416222	6425.099028805922	896.0133206204996	1425.8119466755322	1.0
529	1704.6927910302722	1907.613136265382	2451.492518858448	6450.35458909772	1586.987713168448	1817.8509152718318	0.843858212814768
38	1400.8827014511112	2078.729899662054	2387.2829053739997	5069.144865005433	1458.0918329422234	2587.5842094192817	-0.49901177664292
45	478.48595444779284	474.1737388498397	806.724198148323	5603.016754584506	436.347025943767	934.0133038482345	1.38177329067604
557	339.0897429782513	332.64424083069827	470.9073550024497	7245.363563127339	243.2659105542205	1556.5155650702582	-1.41044611617154
349	1498.022913536643	1696.7183508249982	2214.5315840255603	6948.04475574264	1392.5786188366333	1837.1627509379434	1.0
346	319.08549645770313	316.87660543482474	559.7898423925933	6982.353434459422	383.72931029393766	1112.9956081232765	-1.41044611617154
489	1595.735169955565	2276.230348974958	2487.4854069048565	6945.827289652979	1444.7912714775175	1769.52319206212	-0.675262089199912
598	353.26510070652665	466.80291549892723	1305.121685193248	4300.3360721490435	309.42784640020164	1240.6668712520427	-1.38309263996582
263	445.19392353954237	531.8796027911488	631.5102234633184	6331.131832731226	322.9374763873087	507.49678689349514	-1.41044611617154
226	1369.5485436332087	2074.802623158775	3446.7087693211834	5323.5802977774365	1688.4703753605565	1869.1392692879147	-0.49901177664292
321	2027.2611574904454	2503.222906180959	2935.164145674972	7716.774478222503	1997.6939321037273	2804.7356503448987	0.68075478845144
629	347.36484212671195	416.81269441070225	639.8927421351838	6956.918320573022	339.1273629068198	1186.5578420948714	-1.41044611617154
126	1994.1262830340102	2266.690639029825	2845.084335733672	7298.57132252463	1893.8824379219816	2357.71191584765	1.0
91	1530.034662891373	2116.98551294034	2808.3548934263067	8193.196367963239	1527.7326912461667	1746.6502045201105	-0.848872488540578
265	1059.119154405389	1057.155461075644	1396.0622860707867	5561.996646600977	752.6120695104174	1030.8072161548894	1.41088885306209
544	1391.9781144079427	1293.5253695731387	1786.3374554331376	6461.633306129353	1100.5564622537615	1553.9800468679477	1.38177329067604
459	657.7940293078547	664.0980279938171	1038.6772368387892	5916.5347937669385	621.1502801046676	1048.0368547047353	1.38177329067604
621	1828.5949436167596	2339.184378698356	3768.3914904485578	5830.483877746758	1862.1776817281777	2176.811408270364	-0.49901177664292
266	1810.8580722165177	2392.3884708910814	3816.226319563477	6530.313194840119	1874.5691114958572	2869.2802911305585	-0.49901177664292
217	1648.9278629891464	2127.20757717755	2495.9935714868907	7440.688388785586	1483.6418359223771	2204.627920093478	-0.675262089199912
401	625.7219738105654	884.5378953951264	1070.9129650151565	6089.060644119962	934.027386592844	1585.7576605668226	1.41088885306209
324	1470.6100968127605	2188.58195739968	2882.013211040457	8343.393277316882	1379.2165645654586	2823.094343458068	-0.675262089199912
417	295.1088535457761	426.1209619175216	1559.7570516759586	4469.82576161269	245.0397154960182	1241.6635147566549	-1.38309263996582
308	1919.167154799073	2419.614118784082	2785.499362006287	7597.167728880603	1991.6502350324142	2790.9776880114355	0.68075478845144
445	1852.0222491101538	2188.0414411971174	2758.790481887517	7284.229801907402	1846.872936519934	2266.6765009980304	0.68075478845144
458	1859.2689851435782	2242.0564322500454	2546.954516305	3775.6582741289935	1861.9035144013671	1811.590070075053	0.493150590278539
376	1205.0424386556856	1620.5265842499493	2378.6823436152413	8421.253843560058	1144.8120570594574	2002.1845343860157	-0.848872488540578
371	1732.618852407718	2306.4130333155877	2579.318645631742	3742.329331851761	1846.009108192337	2004.57417875419	0.493150590278539
312	1718.2430767413703	2281.1983810413867	3422.3035598484003	6021.910723253741	1454.6652268003556	2558.7742497057907	-0.49901177664292
545	643.8808798847845	594.4448144449959	777.3246350851643	5458.922705831997	659.6470777278639	959.9467322831395	1.38177329067604
504	1470.9651182770233	2035.0578453799972	2269.1458524123336	7759.634272058373	1442.232563061293	1696.9086613266982	-0.848872488540578
404	1161.9745180988632	1838.8394468368213	2093.1406454134735	8079.272389714105	1204.768580599322	2100.9206750640697	-0.848872488540578
246	1814.0251202458437	2222.308894680013	2607.0684433008305	7203.541488875096	1829.3854644974951	2622.1882032341045	0.843858212814768
420	253.84795845779513	416.58891666173633	1636.1381586090508	4546.742007929709	295.3397949802406	1401.9544153075542	-1.38309263996582
206	236.00402108090674	332.5469436345624	557.5288291047591	6991.481302622204	268.9906794502909	1110.1796072499153	-1.41044611617154
231	915.8416927098752	738.1244247379401	1128.6311969515348	5892.507757397955	862.2289779277414	1288.541675311924	1.38177329067604
546	1004.0615588547012	970.7256040414165	1113.8009149721793	5689.60245874895	838.230632301832	1106.935252558881	1.41088885306209
490	1828.1685128188205	2334.497929037544	2810.7313299549055	7267.025017888765	1755.1120968522157	2046.7854128189354	-0.675262089199912
25	367.7376712537763	606.741712553139	701.3785099688533	7399.558948901211	368.3743561517032	1686.890825723098	-1.41044611617154
320	517.442970130321	786.325563774995	1707.9310466040183	4500.155074789763	580.5855521559946	1503.6085556848645	-1.38309263996582
62	1976.5553095204702	2528.1377993314754	2936.3114790482005	7587.393541968759	2020.9421833168271	2664.988473291384	0.68075478845144
77	1668.0105282212692	2124.102505962768	2907.247424919011	8157.927858112059	1596.1579436034654	2317.725353377298	-0.675262089199912
455	1740.8925742096208	2344.709941831834	2645.7789219822125	4638.3733882437045	1786.6011058996407	1900.8761756266936	-0.49901177664292
626	868.6847715410448	750.6967139033026	1034.3401345439138	5818.883403554538	853.1450449203454	1198.1553586062491	1.38177329067604
216	1736.6971256766228	2074.1355279813315	3664.702290516232	6333.6712269121535	1678.1678667795277	2668.9625240893656	-0.49901177664292
438	1940.9932108665582	2469.139943304756	2772.5054743937353	4051.813339531094	1984.5376305231198	2209.636452257865	0.493150590278539
581	261.6955881280856	361.39395966018014	1585.9343298001136	4411.320722974569	294.0484442621504	1189.7808832281273	-1.38309263996582
47	1287.8471866982852	1914.1731330310283	3133.5948207000083	5872.528877812584	1312.0227050444828	2627.035186772276	-0.49901177664292
83	515.1869514990468	506.18370135571297	656.5718466334173	5274.047380012897	505.06689376438885	1007.4599437947501	1.41088885306209
580	671.3434251423914	739.317999416411	1183.1559825429879	5786.316341609558	764.7775433315151	1192.5090576677742	1.38177329067604
78	1062.8293940104363	1129.6607820639065	1561.8282091336018	5918.194532988439	603.051318410916	1154.2523652437667	1.38177329067604
391	1999.4382264533176	2514.530542704806	3043.1281334564856	7709.576400637929	1995.0079687095524	2797.649416806181	0.68075478845144
585	617.2899375481902	670.7702689740942	789.2241178325313	5423.051684322905	799.1936065659143	1029.42276213236	1.38177329067604
468	1962.3748195252242	2366.0441515297516	2886.9599518703	7550.223022519026	1881.4695668667052	2720.361950814255	0.68075478845144
525	230.97529455267195	375.91330437820494	484.95120773647074	7106.986916168986	261.73140906164144	1495.8664755732582	-1.41044611617154
333	1919.408486836709	2340.894259712338	2784.2607506652857	7195.0908738419475	1896.3537415606202	2562.737469590044	0.843858212814768
147	865.9343669968399	732.753623010486	875.3382666723473	5747.833042857916	619.8567470964988	1208.2760643856218	1.41088885306209
382	1792.133400883997	2378.2362387079684	2635.0079495090545	5389.254874774826	1782.521806373315	2786.9598192459493	-0.49901177664292
306	1817.5617990712728	2364.459945143668	3524.802507513731	6086.213022403996	1809.108002864569	2794.6397426446247	-0.49901177664292
555	1756.9878031340545	2277.0707262257533	2591.8872966747736	6991.303119437743	1905.1651963571783	2241.046199577961	0.68075478845144
192	228.86651319710654	403.850677233618	398.0278677008172	3336.108607741236	232.34550289898894	1141.0455996475039	-1.38309263996582
594	1824.9416065684102	2122.5969211580577	2642.680594314987	8117.44697808837	1636.671243826078	2855.5461776781235	-0.675262089199912
71	1827.653368184656	2409.426777966191	3833.578955147208	6445.692071531952	1845.2172183359194	2855.405763655718	-0.49901177664292
209	1789.955304191249	2370.7894068642563	2687.29282474981	7270.411516915743	1775.3481898598657	2564.710602224753	0.68075478845144
286	1677.8992245087147	2253.1141867079564	2608.6094395957516	5218.125770382995	1667.3392128025523	2565.5204511556008	-0.49901177664292
92	221.10357158473477	313.08482660664043	1448.0894449005689	4289.253315821019	246.25272834060308	1144.8437743009122	-1.38309263996582
63	1834.0632174988361	2355.253945598162	2736.989166031051	3789.3936591495085	1978.1619943759983	2069.9321204454486	0.493150590278539
101	355.21903240492355	342.4511626012167	977.9309122591342	7129.016109574558	272.72966755584696	1218.3751396640391	-1.41044611617154
157	1865.8672580531145	2389.44543178645	2753.2350325182874	3831.825963092066	1964.6169147214653	2129.5710615634957	0.493150590278539
279	281.33503521167836	473.46432773315615	562.551403459194	3443.383739106714	255.3628338913034	1211.872143477497	-1.38309263996582
579	1526.2711869523753	1994.325063286307	2462.526411879741	7943.288133396843	1362.0194011359645	2594.2100824756026	-0.675262089199912
473	657.0647065797098	723.9847296750561	914.4030571580497	5395.336549385417	627.3624761658613	886.7895864028587	1.38177329067604
182	1838.1892147792269	2403.8717986425004	2682.383498326101	3853.391773529229	1966.7739797691183	2128.305531472584	0.493150590278539
240	1378.0821521596756	2033.9946417708888	2649.9127483043103	7496.844826409796	1417.8558016194381	2338.149100471052	-0.675262089199912
565	515.9330519393624	484.21862724930276	725.9547599577425	5665.235775646498	511.5729866677044	1294.0187788088067	1.41088885306209
128	1487.768218707904	2005.9716748087587	2800.4316903672097	7830.102427453523	1381.0493055192233	2317.540707784934	-0.675262089199912
534	1455.8690666892758	1712.4024230220907	2215.14934327216	6786.012923974232	1380.9180600146458	1843.744893716749	1.0
233	1842.299758588855	2363.846142491217	2877.451107321754	7029.642864839533	1940.0015710160608	2296.8379078075936	0.68075478845144
450	1932.2637057675897	2351.6332784349133	2834.9579477897296	3867.017025498502	1909.194832079362	2035.3016922810828	0.493150590278539
441	1118.8950517500116	1482.302562380667	2170.8736032483544	8651.938510592325	1149.6721365771598	2681.0983963869166	-0.848872488540578
32	1127.2833883715255	1794.8600151602377	2350.666082752967	8252.009959366567	1198.0456795505131	2140.8485982869506	-0.848872488540578
537	1654.0816720462274	2039.5928727036908	2402.240905023398	6875.5384642842655	1646.4107303095147	2395.5313171098264	0.843858212814768
160	943.6537584389232	796.0020878158149	1207.6589042196936	5570.586795947207	584.4015018997446	979.6232512320042	1.41088885306209
200	268.31817378744046	354.49548108116994	445.0918990249993	6712.909996127148	225.04208883730035	980.4714892018607	-1.41044611617154
395	680.0289824895488	854.1675240463148	1062.7223845374617	5367.653701309427	561.6125541072782	996.7279377562517	1.38177329067604
163	1952.0202442723535	2448.4020688884216	2840.5477033424077	7437.495865835608	1929.6674888755906	2696.101212722172	0.68075478845144
305	1827.7289441574742	2300.36859672372	2548.6773848762446	3812.3722365857075	1959.8938712532145	2009.375324834048	0.493150590278539
541	631.66071909603	514.5395209833806	838.0089802203013	5273.365166551969	552.8399476351801	644.9107487095985	1.38177329067604
13	1889.7220465633532	2250.0255361670784	2792.002354183601	7491.036958215446	1924.3127313618163	2891.857453107242	0.843858212814768
299	288.2713636329293	297.5807421425341	293.79258892857797	6596.20886266065	210.28611528194935	1011.2355902264726	-1.41044611617154
162	1181.2585365917753	1790.061130658388	1984.5607363140102	3993.3922056067036	1506.3298556666432	1443.274526469449	-0.49901177664292
106	1777.2034769008026	2221.962713222927	2630.8791426835405	7224.488300435832	1783.0932292797252	2602.6990544319474	0.843858212814768
51	614.6927478587243	561.3213941773244	957.4709954614879	5664.438638521704	630.9765159052704	1081.4214398128345	1.38177329067604
161	1589.2138279809762	2156.561805449901	2521.4116946483596	7764.355601408913	1599.575882640704	1826.7925589403173	-0.848872488540578
244	1711.5059301919184	2300.625579488352	2724.309631935109	7095.182877231395	1764.2217670962777	1958.3718351268958	-0.675262089199912
415	1845.5918251708233	2271.0837749772563	2772.6202664210577	7034.018634567822	1890.709274443469	2232.972561398604	0.843858212814768
502	1928.8952539711208	2385.7265241183586	2843.114664970143	7239.603122985963	1954.3779971363244	2523.794618902744	0.68075478845144
493	1815.3925463484602	2326.7528954188183	2913.425479444467	7220.120438425348	1763.1313837274724	2273.862474650043	0.68075478845144
277	1652.4293444706723	2087.13997104575	3201.6705956029627	5138.2871779797915	1716.085914830956	1569.5461916459824	-0.49901177664292
447	1276.1987086034217	1629.6294244227818	2160.965347395682	8679.258206874752	1164.9925148975435	2483.008797040645	-0.848872488540578
222	260.63796206459017	409.60191646546275	374.6268465283133	3279.174488700833	273.51958302557784	1189.8337479060353	-1.38309263996582
52	1942.9492628590679	2459.2157173213413	2769.6444071003684	3858.5021313226453	1911.8755030099012	2098.945654945852	0.493150590278539
464	277.66917116128377	420.7716703741749	1585.661919250283	4159.589925042521	330.2075542523321	1048.8375637021359	-1.38309263996582
588	1576.5157901992711	2271.006110060664	3052.54253804076	9375.538622271994	1715.2198379391202	3033.277458924068	-0.848872488540578
599	1555.4410104583915	2088.3242781528015	2831.2288132544763	7228.541395227352	1375.8342336498536	1753.6651500153216	-0.675262089199912
623	1783.7400497062542	2310.3837943047783	3777.4829096194976	6399.126950349359	1706.7694311189916	2809.924806111297	-0.49901177664292
59	1360.2776017751526	1817.4398053222922	2182.0254483154026	7660.971501619299	1662.2731927100886	2683.4854548365975	-0.675262089199912
620	1372.2374029915359	1500.5267841921006	1950.3454843067996	6817.269366592275	1321.5776276447561	1861.5939708920307	1.0
476	1156.8568346756335	1790.029118000452	2319.7638051515974	8697.68399642799	1338.8814177692218	2707.801006282192	-0.848872488540578
122	238.3515315816977	371.238328887455	404.02822654534896	2582.8412522283497	279.1023610589657	468.23349639043386	-1.38309263996582
474	1852.1999051730677	2350.742234822512	2760.646839820966	7324.508638216801	1742.6903521649813	2545.666543919188	0.843858212814768
440	332.65672619033893	441.74719012409986	1139.3184228222515	7738.858574169407	317.5640404764338	1705.512080061956	-1.41044611617154
466	1743.4278513522772	2126.9053195566103	3422.848106478607	6125.646509141115	1825.9948199371377	2758.1382184084387	-0.49901177664292
211	1857.498810607363	2264.898913870055	2678.230985479633	6849.426272463871	1826.8341654264175	2103.2964436614966	0.843858212814768
46	1861.0890693002893	2429.9400405976926	2877.050661268339	7504.61797169952	1916.2809645968634	2610.9704926167924	0.68075478845144
510	1811.8611829172316	2335.0409596762634	2700.863204505811	6978.464127483726	1814.7550441799983	2184.0494414562977	0.68075478845144
6	1269.1834435067124	1388.6835361837025	1830.6108838592886	6465.53890341069	1146.2174359657108	1508.695239447045	1.0
381	1752.63290304926	2309.826321244996	3388.302026565181	5940.829764333139	1670.86094876102	2529.3267864426452	-0.49901177664292
23	255.52220787345732	393.16928653817536	518.345877245478	7262.269394433291	373.1978736899248	1566.3531039028962	-1.41044611617154
472	810.9891817713847	690.1890242891635	835.3994288175172	5430.668281454719	804.0821991647692	974.2518391382716	1.38177329067604
141	1835.4515848210926	2325.0545958344337	2745.7803222470916	7759.625818003454	1810.9517035880851	2570.8192519610675	-0.675262089199912
618	652.9193808228	556.5851402145086	770.6965828225374	5514.249392995464	656.5434062812203	1061.6859850190278	1.38177329067604
615	504.63962823218174	567.0633194078248	1732.2748072372456	4301.098813149547	445.6486002146685	1216.606235502451	-1.38309263996582
362	1908.78841490645	2315.1044666404596	2845.525208489969	7091.274323576752	1924.0844855708494	2346.5885562609596	0.843858212814768
374	1632.5071416844619	2323.743090305118	3034.8991367165986	8354.36187862315	1761.8025109035402	2935.7662404958305	-0.675262089199912
508	1030.1799046729095	1618.4894867458897	1907.4063956288044	7471.618424705547	1360.5955445725394	2506.0578239945044	-0.675262089199912
186	1893.9441333322955	2443.791846270337	2724.2331543605237	3947.74719002871	1815.5328564507354	2075.9400510640476	0.493150590278539
369	272.7196489920636	413.1692424156997	1502.0999863796296	3630.7920285604773	333.3666320855239	519.1031672940503	-1.38309263996582
41	1947.0157438465935	2389.166201640864	2929.430393639561	7128.913560758755	1933.4848571642983	2140.5836369515696	0.68075478845144
416	1288.0669423618665	1527.2387850299444	2038.9038367108174	6487.999924034218	1118.5992165465693	1559.9800150275096	1.0
442	862.5506507424534	819.2255093574387	885.3010864853514	5421.254633738896	688.5576403046987	926.5366742553105	1.41088885306209
281	536.068407388225	493.1558351716791	763.7815034869009	5245.528230255469	620.5135367637123	919.3115458714624	1.41088885306209
292	1920.20410560291	2347.469606272033	2717.692163618973	6996.990158551066	1859.3628757480597	2248.8854866286824	0.843858212814768
422	1540.2038900328644	1980.210663652471	2780.9264974735124	8882.036713920672	1666.9952175613068	2379.4950347299555	-0.848872488540578
400	1340.0305134762452	1942.4909749848475	2550.2410249100963	7893.326958984623	1457.90156751655	1743.397927385166	-0.848872488540578
300	618.2295337029235	675.6333197406192	801.5555254202338	5356.507057951069	860.1326897928789	922.1401021019	1.41088885306209
314	1747.5160259215434	2273.540744661882	2568.0317429003107	6814.922091596396	1927.6107591250673	2175.1597080351385	0.843858212814768
342	434.3969654172941	544.1605772609794	1679.9805553047088	3922.3596723530354	390.71554703824256	797.6700017656558	-1.38309263996582
343	384.8031315744116	608.1485147815903	1094.5645622296456	6702.329824355714	428.05419937132467	737.5524437970838	-1.41044611617154
427	1189.0938914498518	1159.0370502436317	1722.5685855163651	6227.529672843805	961.4585261937333	1502.5250332883295	1.38177329067604
75	1799.908558766871	2255.980518825785	2781.971997906961	6946.551568840633	1867.934788987481	1974.6912439145121	1.0
366	1920.0301599596457	2413.2772152457833	2711.8116901560884	3819.7684768165445	1869.410652961782	2042.7348343538097	0.493150590278539
37	317.99221526581346	399.91774457309964	1638.4098150935286	4466.075463816922	296.52776895636305	1381.2007578116961	-1.38309263996582
208	761.8686110598553	714.4113948305034	1111.3987902163767	5868.032674467691	729.1755462977655	1274.546614259018	1.38177329067604
357	1941.2728671617067	2432.795860749743	2757.2410619284574	3952.3599326879316	1956.4377144833588	2109.98616935834	0.493150590278539
434	1925.5969185639617	2392.526006791175	2922.811889217859	7679.936451835548	1952.8858723012004	2754.06730416958	0.68075478845144
389	1860.4331164989624	2277.465645642147	2567.493856353371	3632.677798011692	1682.0313792129334	1811.0015140241767	0.493150590278539
282	613.7615138535112	538.0646920752985	859.2091062718881	5538.519168854048	550.0161148531557	875.8661807108678	1.38177329067604
595	1912.1166986942535	2340.119664732464	2825.616488681595	7539.864315538542	1901.937390591171	2701.1595700733815	0.68075478845144
522	249.18676648169532	398.34139808943365	1594.528833153115	4109.554050145577	270.56128622449467	983.2966210077003	-1.38309263996582
250	611.2121068401729	715.6291385279424	994.6956564163709	5971.070933704943	631.7589470521142	1606.7067056984233	1.41088885306209
309	538.0244690633766	739.202787324543	938.3599998303071	5747.114881573501	536.5650569281875	1371.0835227616822	1.41088885306209
485	1617.2762830489582	2269.895521467221	2603.9708751095072	8435.172926836785	1740.9463400435477	2395.4551931208653	-0.848872488540578
149	1894.902031291727	2093.545569427301	2636.5535626294404	6947.164868570535	1774.7483709440987	2106.6744203303288	1.0
481	1584.2510211470026	2142.050243631884	2461.7719910238957	8925.401611337744	1433.1850260958468	2809.370747279799	-0.848872488540578
611	1888.5275420037817	2460.15493625351	2815.5183881551825	3869.5378920246344	1949.0057624623637	2103.0338566916935	0.493150590278539
372	1855.452254477253	2329.864419550892	2543.6504098722376	3798.087546328718	1907.33511079941	2016.395588053937	0.493150590278539
188	220.8036082023398	281.93295169059525	429.22306621885565	3163.2619441564143	192.76230998249403	973.877772757143	-1.38309263996582
495	427.39330488750704	557.3659166027403	811.146191690663	5659.403757034343	448.5782946387803	1213.1313513136017	1.41088885306209
453	1692.531053272976	2306.0732655252878	2728.3179663500246	7185.519339572633	1799.5189245406204	2033.223564121831	-0.675262089199912
307	1416.3502469111008	2113.4862148442157	2928.1827122667455	8783.295032752638	1478.1145020185281	2400.2320464556947	-0.848872488540578
170	1898.28632444791	2299.3389910364126	2766.6491405992115	7215.413307540519	1897.3991220705693	2187.1925530738295	0.68075478845144
505	440.25225883659544	490.7529108125104	809.8709882081779	5279.211470242539	439.4108908104945	802.4103969584337	1.41088885306209
370	1292.7988068896746	1993.9458625647367	2728.1032444861225	7140.223286893496	1577.9676952428422	1924.5234577923418	-0.675262089199912
542	1820.5410563177559	2279.4899691139917	2635.579334746606	6763.864435850859	1859.3959236401256	2270.370651740264	0.843858212814768
497	1683.962508778715	2110.2815640974995	3459.7875221616196	5462.827584941608	1797.5298827308463	1671.1212599589712	-0.49901177664292
563	343.34965995802935	339.8841081165991	541.6651715940624	6185.091046608845	427.8109044085417	404.1600398901812	-1.41044611617154
68	1686.455635433461	2123.3743967073347	2386.8982133640075	4427.395943232369	1732.9989289479076	1630.1250397079543	-0.49901177664292
43	317.91892930124186	451.0696130626276	1493.368255212697	4414.279472933268	245.87792073034308	1194.949941066775	-1.38309263996582
20	1518.1005913769875	2162.8991208717653	2843.6113523228596	7719.432304725473	1580.2378412201888	2360.1043485461896	-0.675262089199912
515	1488.7606417696463	2166.241095773358	2877.6688608998	9247.556897291392	1630.1551113101716	2978.2085968370675	-0.848872488540578
633	362.6919688308355	450.3147833028518	1572.7161899541436	4477.158339331409	327.9655079698422	1266.9965488031462	-1.38309263996582
619	1587.5577860035212	2110.4212390231123	2349.4735264540727	4338.924266667027	1558.3978836555416	1537.6391886675017	-0.49901177664292
575	398.94779200758165	490.1622514579408	1723.881378102663	4538.2194958884675	402.6655998674941	1383.2489237269533	-1.38309263996582
273	1630.9898578601214	1996.7847669625312	2595.7155186179775	8858.641993602261	1661.6282611668198	2369.0431530754468	-0.848872488540578
351	1301.1563469170603	1917.1273475607827	2773.174295804301	7722.52693117416	1606.6577180520521	2531.767410581157	-0.675262089199912
500	424.5430883491681	532.1879797842339	1359.3061111906547	4206.279556829715	368.65252862362763	1181.4091103859987	-1.38309263996582
280	914.1827442568913	813.4204201701027	1239.8564423001596	5908.144216496801	777.081386609538	1175.952790806371	1.38177329067604
583	1963.0355532589138	2478.5262674460514	3057.503498549679	7651.044889975678	1948.5097446880654	2750.926064008358	0.68075478845144
49	1892.180236601401	2382.4689487533706	2873.0593369254066	7149.635383097369	1978.5207629220074	2343.1908442679746	0.68075478845144
394	1484.4168556698287	1733.0494629421107	2134.487386818938	6695.246554096718	1389.8638292872004	1771.9720625618704	1.0
136	377.5803147250881	531.9268619685885	620.3055029915987	5120.318752101632	421.4661228027977	783.8360546942655	1.41088885306209
109	1808.8405220722582	2231.9101183016696	2702.8501302218983	6796.576630763147	1880.3177533871344	1984.2290374754205	0.843858212814768
219	1831.5316989004098	2278.0153010909985	2664.7381195355324	7039.160955206639	1790.3668886675855	2279.8328996376977	0.843858212814768
173	482.07808231038433	397.98118594931145	860.8269655560911	7629.437020618584	361.3881251522369	1709.6008565350269	-1.41044611617154
69	1809.5760473671821	2302.4092166786795	2606.679371403703	7591.73513102676	1673.3514653255065	2422.3004536068242	-0.675262089199912
288	1860.8714598970926	2395.1552875089783	2777.50659671808	3959.015509503575	2026.3547931278622	2144.2978809888323	0.493150590278539
564	1760.85571981677	2230.1934837112026	2888.5717324722873	7829.842579208422	1741.4381255230555	2480.487296311845	-0.675262089199912
405	917.5887934314668	772.1845596681335	1014.0017652680492	5663.311563241208	638.2619497292656	1013.6368300851253	1.38177329067604
80	504.6825181017167	564.5563168111145	753.7982914840062	5261.734880348369	504.1530418628813	859.8033824174673	1.41088885306209
461	282.03513117042326	396.20213437886946	463.58040118717605	3252.6949020218026	334.24632859664825	1082.7111983059715	-1.38309263996582
144	1804.4316582265658	2342.3045425046053	3731.8430599605995	5649.028142386995	1802.5503955417346	2016.6610064393324	-0.49901177664292
205	1001.1232239851688	1067.9638779529587	1481.0533644752281	5929.0271748661435	879.2891540558398	1248.4773070873666	1.38177329067604
313	375.6591229053268	481.61703885261727	1661.163971454747	3860.560906033879	328.5160534299261	772.5259862150424	-1.38309263996582
166	805.5097810072419	962.2577663671054	1393.947106909165	6359.890855830394	1095.4973414814378	1825.4757212115057	1.41088885306209
8	1725.9177407374384	2277.9290162371926	3178.215585204374	8580.332753607212	1613.5026561221396	2979.8408160110125	-0.675262089199912
255	759.776603552881	667.829582611628	1064.6051952523362	5831.635583701751	750.8911039728421	1164.551286701376	1.38177329067604
258	655.3955896367505	816.8389563157239	977.5649823635101	5721.608724247283	612.1102654830441	1365.841002117858	1.41088885306209
151	1806.5254104110263	2267.279674124364	2753.962612403357	6873.509729626316	1842.3218380330736	2260.4491500522713	0.843858212814768
199	1625.8238443585876	2258.3530849161816	3600.7145675804873	6251.836395917151	1414.7425859025918	2636.543297148609	-0.49901177664292
587	289.4614642045257	438.5672821706372	1084.0534907663675	7652.2867803514555	383.91271223569623	1749.45697188052	-1.41044611617154
53	403.9519291482896	552.2625214503233	1763.1162440970368	3855.8019288949777	469.5562539217815	725.0779911687806	-1.38309263996582
252	1841.2598046995618	2452.556676821036	2749.416520842412	3855.949603976814	1898.7304742856513	2075.247422875919	0.493150590278539
99	1645.040741427043	2218.081766522602	2574.9044357146413	6991.79993937874	1442.7593378341237	1824.0485033532075	-0.675262089199912
410	453.3101008135888	529.8390569844897	706.8560386580506	5371.32611060189	515.9545069021134	986.7758383518506	1.41088885306209
465	1674.9366193562996	2284.8241291600893	3374.49869015262	6056.144089150059	1446.3265457921439	2670.846678416745	-0.49901177664292
437	1738.5485021742397	2322.3422761094375	3719.775127695459	5819.368997389665	1843.669768474313	2160.0613973728887	-0.49901177664292
293	1672.6133094078268	2188.700100147345	2834.9333780106094	7682.479806866036	1648.0166604714018	2290.496752107858	-0.675262089199912
105	1404.7828514510013	1807.857842281596	2085.5979624188712	7533.329536666531	1295.8783295771152	1564.08860771683	-0.848872488540578
50	340.74936831026014	388.5796733639291	931.2766886896319	6561.690613265561	287.6202294897153	599.8014676362632	-1.41044611617154
572	1016.9470414798601	1157.1633438227977	1511.9789209476803	5955.383413180675	940.1864237156008	1260.1522544131308	1.38177329067604
591	1305.1053126322568	1896.2406979954699	2315.8519201352206	5012.962819054071	1642.8316579815644	2605.5751373664516	-0.49901177664292
193	1892.6970199198843	2339.215165611743	2826.020476237626	7448.220778429814	1916.279009091693	2717.739126024831	0.843858212814768
435	1485.2867908756032	1905.212497303805	2557.871536318472	7994.713972609384	1477.9773047931953	1637.7558287960894	-0.848872488540578
260	328.87113165823797	404.72271181567305	1542.260618011178	3599.0329074127653	346.38421502224224	484.51190500479544	-1.38309263996582
318	1643.85457316981	2249.383996530283	2535.2164621741986	7937.546480046199	1470.8855529515438	1820.8178152283986	-0.848872488540578
454	1687.165831910607	2262.3603210948586	2525.596767938188	3714.9495471958217	1787.4291206233975	1855.2745580564924	0.493150590278539
624	1637.2238483315855	2193.049008268154	2484.7614449485186	4579.7933866535295	1401.5897658145952	1856.205129591661	-0.49901177664292
87	1683.1470420957464	2182.0594016534696	3307.054675354543	5890.159826183706	1528.1509110506922	2433.5662557269134	-0.49901177664292
601	1321.5155511503533	2015.0741970873012	2684.7547712334804	9025.90789294457	1407.1107572919452	2804.393830649914	-0.848872488540578
291	1726.2016169976473	2155.161846993181	2699.7496772030076	7105.10357703291	1773.3410194973787	2145.9324529731134	0.68075478845144
111	278.72277609211216	338.4008600056132	961.2225341556755	7100.602051532246	320.7822564564322	1185.14782819172	-1.41044611617154
302	1661.0852489709616	2103.0292292930953	3568.623766794834	6288.768881551699	1595.1059991293203	2698.098287628084	-0.49901177664292
19	1804.8656625528854	2317.8904273640255	2764.9870548885247	7303.237557350845	1821.853176812518	2374.3360937327193	0.68075478845144
287	1763.366136055794	2132.978951222652	2510.5244747576385	6894.988380147411	1757.7134587082744	2311.146119094983	0.843858212814768
4	568.4218166379623	582.2402904670855	864.1355697867008	5786.039176443706	858.5821933683243	1353.3847696411972	1.41088885306209
66	313.0532311027794	435.10036786913764	1235.9607832294678	4162.618910239405	237.68417635145434	1208.363887778705	-1.38309263996582
471	1911.8559238152611	2377.233944761497	2967.310782184301	7682.068580346509	1944.148647994646	2831.250926119845	0.68075478845144
289	899.0136945976415	723.076111251129	943.2693439409952	5893.051246787358	644.5459674522325	1267.7397576884614	1.41088885306209
213	1774.429954068112	2345.9565884968674	3762.132252531699	6529.998958670921	1848.7304897018198	2851.442497955127	-0.49901177664292
528	334.27160061038177	375.3760712241603	1573.9115140334957	3844.6223441258876	324.1108015894623	725.8556535966245	-1.38309263996582
380	1831.2708198815453	2316.483237131578	3545.405142012363	6159.875415953122	1832.3294949530236	2794.208681118228	-0.49901177664292
428	1495.386721472409	2219.973846733537	2461.761139431247	8809.768535861394	1585.8067448395163	2751.37910089949	-0.848872488540578
158	1633.9034508735078	1750.4314015231519	2227.969195439907	6770.701188213773	1456.2510550547102	1740.882500605217	1.0
39	1764.6112842384618	2269.673867353074	2832.3697525049756	7467.878229779979	1805.1965914654147	2623.1343165044213	0.68075478845144
36	1757.7483557534267	2124.639626640319	2476.7685123749206	3760.43630028304	1891.5639237600537	1849.428763558304	0.493150590278539
156	1102.686371109761	1486.5462020727855	2160.6626300436346	8680.648400342008	1048.2005164674513	2544.612437944141	-0.848872488540578
24	238.14683927778356	340.690031210052	1563.8053225562467	4445.275904038211	268.25390501932407	1270.10796178826	-1.38309263996582
108	1568.0573013366122	2084.5259223052176	2938.3874376625763	7925.987710306303	1607.1813321883196	2404.8886463713075	-0.675262089199912
635	1494.3257896024734	2149.9723364167116	2892.6998730597384	7801.020486045307	1415.0856625820797	2279.8880482197624	-0.675262089199912
152	543.1794099963851	663.052315680902	968.3902246082492	5252.89244795676	534.5621235090482	1010.6972041087732	1.41088885306209
377	1444.922332611765	1689.600830767578	2067.088959571802	6383.230704256713	1318.8408873919618	1620.453746175778	1.0
559	1720.5172416726061	2160.5967145971267	2568.939512904331	6685.48503340492	1811.9193255291252	1998.967929134252	0.843858212814768
451	1426.0115306277041	1933.1083663258803	1995.615286758774	4986.33192934061	1648.7765487081329	2479.1070907933445	-0.49901177664292
323	661.3665758102916	529.3594755949	926.4350512988392	5735.809715471523	612.1042778805047	1106.2949059324037	1.38177329067604
337	1675.6825205518776	2164.027029752203	2577.452541628226	7005.918330817763	1631.8021489185487	1837.903992336893	-0.675262089199912
484	1759.3032861946342	2206.9278339479465	2650.1672148418415	6886.147174119551	1860.9881927390832	2177.3674284656895	0.843858212814768
411	1451.4821989517366	1995.4362864012576	2260.7275904788976	8235.657877796493	1412.2225538794062	2272.1536092360275	-0.848872488540578
294	554.3864530278714	496.7412340817007	615.4567586922078	5606.949299751406	568.2901591489016	1282.0939710779592	1.41088885306209
345	1500.3544804722587	2059.862760001404	2774.858588793911	7999.43455258311	1477.7320372278068	1756.1926414386676	-0.848872488540578
202	314.5830748776318	380.92017239860525	941.4042155193856	7246.097152356195	324.59318484216044	1185.8663515726123	-1.41044611617154
15	851.0932043944327	1523.0444656444638	1762.27062207946	7284.765199662096	1243.0987994438847	1476.1841031163463	-0.848872488540578
332	1802.1479244488287	2297.9145985876507	2639.171203646369	6887.161835595471	1841.229542841069	2187.2515994671885	0.843858212814768
268	1054.149947358735	1632.5977102777483	1906.0152746377344	7488.044818762268	1379.7938336894442	2515.7065953518186	-0.675262089199912
114	705.606235472951	687.7505225400121	898.4929697139213	5310.818768964066	589.5211410032043	918.2270029728285	1.38177329067604
230	1799.0121093208418	2216.1602310909607	2640.039165728512	7126.073715290413	1729.1422859385295	2235.5281463342812	1.0
264	1714.5759663720396	2294.4134066826155	3781.6770559589936	6464.78255224198	1848.7909944490125	2892.0892199597206	-0.49901177664292
355	394.72183067318105	400.6590293835497	1548.8686385380454	3830.7760054342903	368.00000703372325	656.2725837720452	-1.38309263996582
503	1290.661932760626	1609.7294013889723	1972.6478852460477	8090.3774474757965	1461.420386527642	2122.517806514867	-0.848872488540578
322	1894.5795638286984	2421.558977196206	2889.4949343901903	7576.356805701764	1945.2697494681354	2720.4433529402586	0.68075478845144
112	1749.7535504994546	2387.227438750425	2649.2766219164882	7030.553954056225	1761.9791814835007	2350.868949226479	0.843858212814768
593	893.379110573634	844.0872470539499	1078.817609673855	5712.154906675312	760.1561843334674	1121.881073120811	1.38177329067604
278	1578.9515590495355	2118.802121951073	2856.5696146649498	8307.641549826243	1756.149016484426	3033.950671091038	-0.675262089199912
218	1808.0422100094893	2218.6369204450507	2777.5683367137935	7173.878854583645	1846.9879918655379	2478.6611346224236	0.843858212814768
347	1808.018650987234	2358.723683482118	2735.6494977191123	3752.3395907882673	1912.054636565377	2022.2489271932595	0.493150590278539
259	186.24947777493637	327.0091540084453	816.330408686728	7145.060357395016	193.0276256657455	1159.9730485858968	-1.41044611617154
360	1790.4980995168496	2324.51729905965	3811.1173859770593	6419.547138672735	1860.0273103906036	2840.3646704910875	-0.49901177664292
228	1828.9352664073172	2335.959157039502	2721.036692199389	3793.8931983866196	1956.0975728436601	1982.6964693989	0.493150590278539
82	542.8845069954044	407.05448201578673	741.6022391374787	5111.755602871396	440.38172130624775	662.9622677817616	1.41088885306209
368	1554.375629703631	2031.315078054919	2832.553890638174	8842.399049949257	1508.1378946480263	2366.853516939963	-0.848872488540578
18	1614.5958732981715	2109.3071490510088	3228.458496286469	5933.459808203272	1308.7773453741293	2482.3279745096315	-0.49901177664292
74	1171.7711434171904	1325.6565764567888	1719.161366679021	6412.310277465923	1037.8230227054862	1403.2216430930566	1.0
203	1894.0319623944824	2314.435855799606	2640.076699558375	3793.4763931006537	1863.6701429894986	1990.5938723829986	0.493150590278539
610	1760.8880393315287	2243.571718449585	2549.48864042898	3743.646436699757	1926.8955522435563	1976.8556901896093	0.493150590278539
115	502.2105002006475	597.5861737629859	829.834751628938	5315.064026228764	583.5646868705372	796.1419101514954	1.38177329067604
10	599.7967852743208	511.2188566063989	868.5313111445731	5683.542400473519	489.6861042292855	1072.5279230260205	1.38177329067604
418	1222.689456201777	1258.0373951164104	1606.839477750418	6405.32494591709	1061.7669866405647	1831.6144130032187	1.41088885306209
608	322.0253901144535	503.79551217335455	1057.0466984775508	7708.838247293393	440.7562544852931	1690.081577216937	-1.41044611617154
636	368.49224798985665	468.33547934860906	591.5313459222314	3403.5735707938125	393.1779139443331	1256.5987952189296	-1.38309263996582
107	2019.1928153095	2475.9509791194077	2959.1383696545377	7772.923810321015	1986.653912482262	2843.783846930955	0.68075478845144
530	353.2604904418187	513.8063634722735	1216.944779635713	7923.826467137704	472.8824220164325	1819.6496694626578	-1.41044611617154
532	1788.6990798862757	2359.486733259656	2834.0819994266717	7433.823467269324	1891.1974402570208	2725.443738254968	0.843858212814768
631	348.72089123107037	485.77499941228064	983.6332795750557	7688.8875514808715	336.07541996381497	1708.497047403416	-1.41044611617154
129	1855.7105197442108	2321.5757920412952	2721.1016072799025	7187.078931079448	1854.5698207876276	2364.113355362783	1.0
55	1744.1637832289027	2235.983609518148	2581.8594857426447	8496.818179354012	1726.7667990177576	2502.3410176398097	-0.848872488540578
538	1500.4193116331064	2023.8707306161778	2810.100568991668	8774.768638508816	1414.5863441185809	2366.207419359713	-0.848872488540578
627	1550.1079604655285	2079.2291668424095	2694.462003646809	7151.778642519999	1351.1185221705693	1733.2200956350382	-0.675262089199912
407	1730.4233694692414	2206.289174278419	2673.1957268061074	6661.533246779767	1806.5170274690051	1969.7235020623414	0.843858212814768
215	771.5615283513592	724.221085208968	1092.5322364562244	5649.346007095013	736.7504103710186	880.1570393349755	1.38177329067604
175	1509.6993495038923	2167.056164138136	2811.2665450584	8746.529764344288	1666.5445490641405	2477.6714181144444	-0.848872488540578
197	1390.6098386120082	1672.6483705249473	1739.8618322952932	4054.2291160853442	1591.0469167786168	1323.810859356918	-0.49901177664292
159	1965.9470932657875	2402.86973604942	2835.465417575452	3905.021860738332	1974.212998917101	2123.1854131796285	0.493150590278539
550	1494.9979056284417	2015.1644592216842	2759.4614375748893	8174.619777553635	1682.4186111698693	2986.140956376502	-0.675262089199912
58	1863.428230137529	2326.357340005218	2738.8417657515106	7288.741152303966	1809.3129337401801	2426.5392250188565	0.68075478845144
242	1129.7993293561337	1226.2408366348857	1588.326697267225	6249.608748287897	982.7800239542138	1153.0512945021205	1.0
254	1331.9197657122015	1719.8982425850065	2046.7477134179146	6301.291289508835	1443.4002806022743	2038.4104890527065	0.843858212814768
164	197.5813995281229	335.1568956798227	417.39188102189433	3225.5101970107694	246.74793481424146	1088.3316610236604	-1.38309263996582
359	382.7283890135519	335.7402143587968	494.786878511442	7262.1554122879415	320.3640252234627	1625.2522419560596	-1.41044611617154
551	1722.2577438065275	2153.0034133447743	2525.7353889305814	5346.697314148964	1811.683282706615	2640.7303771033385	-0.49901177664292
150	264.22712111503466	362.19741808505313	402.0016986893243	3279.6616760081274	266.8726331118726	1122.1773857880885	-1.38309263996582
364	1821.658612192037	2352.9260631877455	2817.5921671282513	7380.188029941936	1939.8509634816412	2552.279901890493	0.68075478845144
331	1733.3740349462605	2291.750887152739	2709.4632836338023	6985.061671656829	1882.6598614874847	2275.345016052228	0.843858212814768
139	1579.495443227767	2138.518245214094	2505.0214511074378	7743.747204679536	1583.88220765933	1724.4138274229483	-0.848872488540578
336	1194.7940684544396	1475.0207298647888	1830.8497112850075	6574.574146131119	1136.718990868032	1694.885816124422	1.0
86	1836.5123802050919	2285.941263038313	2579.642452929959	3813.538922503161	1840.106601582674	1892.8684016914378	0.493150590278539
487	871.6969391054586	961.6962921291534	1369.6386483371753	5925.25281875367	619.553957351565	1139.6636495529306	1.38177329067604
270	1330.3125552994345	1485.4593445796152	1732.0661339427343	6318.793143639361	1196.6854829344857	1489.287739454726	1.0
130	1789.0448556130168	2296.624463570566	2601.1169703113037	3835.088719641741	1933.0352684954685	2041.8475019051627	0.493150590278539
81	1850.2067710850072	2152.597802582117	2735.141469186844	7130.750725122103	1848.5950055598792	2236.665742320798	0.68075478845144
513	1840.6714472213562	2286.8843071845404	2595.281669644051	3669.253842034219	1857.990202671938	1917.8456384877218	0.493150590278539
577	1486.1401013613515	1987.009516426379	2479.2454663831722	7805.253441179127	1425.973647162464	2624.8538720239453	-0.675262089199912
148	233.97375398664906	218.4772983294904	323.43660158887843	6590.210346517578	162.75173527050225	926.9412418010245	-1.41044611617154
176	252.90436670005514	312.76642325948535	1138.01960660892	4025.5703920718734	207.649469127425	1066.362174634714	-1.38309263996582
94	1365.6335078797738	1652.8409755980672	1992.5121433377205	7772.633691080261	1315.3231986578355	2522.4831667469557	-0.675262089199912
319	387.3692596972385	430.5731086510197	1565.0315260114444	3850.57484768975	378.26316097087124	713.7367413335858	-1.38309263996582
408	1746.6261101385542	2219.029533064357	2932.7828847507485	8355.04416654691	1516.1801358244104	2827.9920439545494	-0.675262089199912
56	618.1816367675963	517.7623776205544	875.3862241154698	5473.933584270585	611.693714494048	1114.6068622989358	1.41088885306209
637	351.2949462505832	496.3404080640876	1608.2717692170731	3737.2821856229352	297.95781608245875	548.087890017567	-1.38309263996582
127	1921.6829544687137	2439.2414206855356	2781.76495286564	3879.5149273204033	1965.1433083993384	2130.3322795083272	0.493150590278539
143	1059.8519579736392	838.3642480461673	1153.9162987342518	5571.12888038164	945.0403468502403	869.9982719883956	1.38177329067604
509	338.5794359311517	450.8596384611564	1593.0960673967036	3653.8834881611315	376.31483863176516	525.4140176554145	-1.38309263996582
386	1329.7139744374424	1647.9549554570267	2152.793709403241	8790.80668374339	1584.6230088044363	2806.598258260911	-0.848872488540578
7	1910.4775618691835	2445.865285268715	2790.825781856191	7566.603114779625	1949.5788526451274	2751.700391320675	0.68075478845144
463	1809.8289108865329	2057.1034505445314	2557.7809135623665	6901.520256208302	1635.2400296908663	2035.668543085108	1.0
17	1245.0808852637667	2045.024517014531	2597.743131327865	8996.543562106048	1507.961891964357	2815.7866131651867	-0.848872488540578
85	1181.7076858130656	1771.9544963224253	2018.2172317595848	8520.98298626605	1162.2061278043125	2624.9951918182633	-0.848872488540578
72	1473.8766278817002	1998.4043519439026	2938.6188213059886	9325.826974035108	1580.1755356704628	2910.9500920499163	-0.848872488540578
33	1698.558917296029	2239.9238786208134	2994.4872340673605	7949.384465668127	1591.1712902408178	2423.9601416853716	-0.675262089199912
634	596.8808898539221	549.7034584720737	710.9810590104566	5681.072386644654	811.4015893388055	1358.8361826796822	1.41088885306209
93	1278.2227551605017	1707.4493539157747	2035.0628802064045	7220.179340786856	1580.8518288306025	2203.6325053365313	-0.675262089199912
185	1803.2733425207593	2224.2365423324527	2847.1471333929358	7471.451198197964	1884.71152873382	2637.2879189014043	0.68075478845144
181	1309.3300301023482	1416.5998883404711	1883.4159039179408	6737.576486100296	1193.5432048229538	1824.4873017016362	1.0
235	1770.4040166712236	2209.689685881497	2544.371486808501	3706.8755243395635	1934.737392912377	1894.0106751522958	0.493150590278539
28	1134.7148058900275	1241.5334602821142	1724.309400058973	6630.786659048021	1023.803763076185	1572.3098444969944	1.0
469	508.1995034595882	474.67796171151974	624.6579987983479	5672.977956566561	509.26497712481415	1392.405825961621	1.41088885306209
339	1296.522665550862	1821.0823725928105	2055.085417097044	7518.308964319803	1174.6357685881453	1492.3023264708436	-0.848872488540578
1	763.1941358362278	638.7708579926308	884.0288237456207	5509.888071288143	735.9324268594083	852.2552780032523	1.38177329067604
354	1442.0863187121267	1798.6827216486538	1973.7747426307199	4872.731833133723	1617.190012822414	2382.175296174041	-0.49901177664292
573	1176.5152586516322	1276.3769523582191	1741.4929511554476	6684.2074220749955	1007.7626129648785	1615.9634698965706	1.0
365	1928.1071239050993	2216.740568780602	2740.9423856370704	6978.4944604018165	1829.8073605506404	2037.5397928399534	0.68075478845144
496	1700.5968216334854	2079.005877239058	3271.1672481072046	5919.877413077954	1656.2223596589604	2502.1790030025636	-0.49901177664292
423	1093.9953286295795	1333.4235387289602	1609.426752622302	6457.9477427528145	965.8794032826665	1456.5523024926217	1.0
516	464.5615418634194	504.7276847006899	662.7130596971492	5323.115756334214	381.56389493258433	904.7793998051585	1.41088885306209
549	1331.1396993218461	1398.9408334580987	1698.3853006987767	6661.903298243697	1227.5391981814055	1672.3894622924504	1.0
373	177.9147479302602	212.92618275900327	1382.7617915291064	4230.1262359782395	196.64805824549737	1059.7504271579126	-1.38309263996582
492	274.7459907535731	364.6297636764142	482.43861603042455	3330.0539518554633	320.5932531374987	1135.5678370898609	-1.38309263996582
57	1701.2340305127557	2102.831449821475	2559.564629699178	7666.400521343546	1722.2922591500094	2457.5812825046337	-0.675262089199912
436	1815.33688826249	2305.720257301082	2727.4699756514146	7544.645144251473	1920.417020654441	2722.2404560870673	0.68075478845144
210	1442.9788450554154	1999.7064829340798	2677.7311961639057	8103.112443562528	1511.6227833166286	2789.9666588747255	-0.675262089199912
531	1476.2978401496948	1889.306916250313	2216.775466934758	8771.345072032627	1324.1183567572123	2675.715043919084	-0.848872488540578
132	299.92914586430635	397.3032148434789	1629.1488032073082	4169.401230622312	302.8146688981969	980.4054944293493	-1.38309263996582
524	1693.7211633768884	2073.212844858859	2784.401643798943	7858.465267826554	1681.4020296404929	2246.294569863612	-0.675262089199912
392	1649.1517920509118	1799.2980347643806	2332.9310797167095	6883.4092584845985	1461.803719596222	1818.820353129919	1.0
5	289.1481583520141	416.604021413162	1623.534506365351	4144.139179770805	283.2021252659296	1082.7604384518927	-1.38309263996582
275	372.8123106402995	437.29784723543315	1066.4975006606746	7392.470471238822	426.0734905928327	1347.1358427323862	-1.41044611617154
596	1725.7292158767857	2264.723547587202	2987.5625084780113	7972.157226119052	1578.934140511637	2472.0436456140296	-0.675262089199912
361	1886.7260088458886	2306.0404617442496	2878.7749254665514	7347.281262799474	1893.685662159663	2489.469291312407	0.843858212814768
352	1861.6807807917355	2273.5929637340487	2890.74286495193	7455.123241129265	1887.0159087266736	2668.7862607515367	0.843858212814768
526	1716.57906327141	2259.8416375884403	3529.2809930790577	5585.61710254029	1731.677211453556	1900.844187878409	-0.49901177664292
414	944.244192639184	769.9181160704064	1087.8741160368147	6053.4292087877775	673.1935985323001	1317.6525917289568	1.41088885306209
237	1814.5291743523762	2269.1029353986187	2682.0062774670655	7397.195247769752	1830.3140778301818	2700.647847019537	0.843858212814768
204	804.8591571479967	926.0413867507659	1272.569701712127	6150.959397771718	562.5106464240212	1611.4833992842728	1.41088885306209
12	1914.6071197918318	2339.195247819312	2871.7220179553815	7679.252590439353	1927.5131177931985	2782.896667227343	0.68075478845144
232	1792.5318404312634	2211.942591681046	2597.8493356342965	5257.397889687114	1575.8115088081115	2585.375889013593	-0.49901177664292
514	1062.901448674562	1216.7695110369864	1473.9899716586324	6145.379398225014	969.9435859906525	1155.6142216783464	1.0
172	1573.9005787204544	1739.4038842452744	2259.7780058139574	6578.493996872881	1489.388369125092	1923.9318232151675	0.843858212814768
174	1140.2627290577793	1619.5615310455053	1822.2680196099866	8303.487180908483	1126.730589085708	2484.0669739192617	-0.848872488540578
403	1222.126555193628	1615.1486643812384	2200.8769082604267	8297.06514520119	1149.0772000540326	2053.610618904762	-0.848872488540578
315	245.09500262048155	326.8281347542196	1478.862635285825	4337.230584560398	260.00311211754206	1153.9518949990959	-1.38309263996582
44	795.4963073462355	955.1653045062085	1309.4483367169282	5996.636583779278	660.732808027585	1492.0755337062317	1.41088885306209
480	1952.6089161815244	2342.302899971617	2793.878439143253	3870.9358344224056	2000.7205628686213	2050.5199084065885	0.493150590278539
30	316.2942104530175	379.02789930016536	342.95308897180263	2719.3717387326606	313.12225135837406	518.8013653484992	-1.38309263996582
501	1845.5249244854003	2180.866920763903	2764.659434302316	7037.376589926281	1802.8821975768044	2198.472951720879	0.843858212814768
379	328.4896534462749	380.8650618234979	362.90323607076414	3312.3335331445087	265.253184886684	1096.099981967739	-1.38309263996582
578	1816.8738115290796	2381.4879266396797	2879.278345984879	7011.086705998241	1882.5483123024806	2184.047576556327	0.843858212814768
533	366.99081799831623	518.3596634329839	1666.8566006383792	3850.517947647126	368.4862611379269	673.3112616098632	-1.38309263996582
167	764.2458632836804	853.9594316321835	1214.3412541727423	5958.010459935715	867.6070076087757	1255.4598116267837	1.38177329067604
110	1679.420058724575	2099.2702318478177	2907.7022144440157	7440.977162666734	1694.2756853929714	1937.0513171175958	-0.675262089199912
520	868.5074547382966	782.5503827864569	1088.5680663513572	5850.768941861507	853.6217149794486	1126.614473520081	1.38177329067604
449	1749.1427665059327	2138.2634451567305	2608.089709580732	7191.870612351114	1746.7959841797701	2146.0311549812723	1.0
88	1722.513697510437	2230.1397633880406	2603.2077757409907	6888.101736353954	1777.0781669513406	2091.822972809764	0.843858212814768
383	695.87815344015	635.9994719913038	877.5323398983006	5615.4261730423905	693.51265366783	1018.5318982692178	1.38177329067604
561	534.6161904274807	530.2420731435024	1005.75233436724	6752.421530579252	399.73177508316263	680.8716322044244	-1.41044611617154
375	1329.975061838118	1644.6643268433213	1713.2600137013842	3966.8587714017644	1545.1029561718528	1223.7407250803146	-0.49901177664292
177	808.4235071435821	702.5596477855933	1117.4923993284544	5782.06130060281	737.2865445619482	944.4759101353718	1.38177329067604
424	496.80099494490406	455.6330150864113	571.1334899300813	7383.688481674092	349.83819695448284	1701.9129417136558	-1.41044611617154
413	538.0225381746419	637.9046638746622	823.7228165018942	6461.033158766792	425.02699662933264	716.7508292002215	-1.41044611617154
248	1828.735770351383	2310.3423812979117	2580.7475818612465	3883.958312008419	1939.550279805495	2057.7112308818764	0.493150590278539
491	714.390529116468	736.7855131121996	1106.4334250627858	5819.931305716873	663.5817538291748	1201.1967205774895	1.38177329067604
35	867.8049363029497	1425.8233962566064	1608.1061595183746	8118.283794225482	1356.9154816186808	1965.5353546701792	-0.848872488540578
402	1815.7749478318563	2188.566002474639	2753.978574282961	7299.952218535622	1897.1745449238338	2222.80455281098	1.0
517	718.5469864662826	603.811668647253	975.1123352273379	5826.363406397203	673.0007332838385	1080.9159643932085	1.38177329067604
511	349.7163725743325	555.5680438913128	772.3496766195049	7509.976350872555	368.7811613889234	1688.0478299425104	-1.41044611617154
290	1831.270261603936	2366.6330792510034	2723.3172755284254	7577.503959972462	1932.9132135678792	2673.5546250926013	0.68075478845144
310	1820.7256418359373	2188.4278707319218	2581.434037611698	6961.149245303899	1780.5938683060863	2042.2309843717396	1.0
194	1911.698088014643	2330.1818038099805	2697.104177570624	3813.3254230109915	1910.2491890634715	1976.087604847626	0.493150590278539
519	275.0176765502978	302.8160900383994	1392.5301388091211	3529.3465215599545	301.4663250885777	373.78866559824695	-1.38309263996582
607	1790.4002860402127	2273.4240131131196	3800.5391503207125	6515.70002865314	1768.3888671350653	2840.2464673276127	-0.49901177664292
512	1810.1861130655038	2345.3075121856223	2760.2928305919036	3783.5232923728186	1903.9381923649219	1969.1864638267953	0.493150590278539
340	1262.5915253215524	1334.5862067082467	1636.807384079862	6502.85459760161	1047.180913226087	1494.4686222361688	1.0
123	1828.567090564334	2256.7892783906923	2571.7177717291306	3730.2610117199692	1834.5939594814279	1965.7308490824441	0.493150590278539
303	1813.3487936625195	2167.4076774079076	2609.0348924680993	3689.572353849871	1904.2388475983184	1955.3668721595109	0.493150590278539
190	268.61974415725876	297.34399769882526	440.8218893714368	6697.631701189188	241.89465184283756	952.632960234531	-1.41044611617154
102	626.0063291047031	737.1263422797473	1081.9088880906843	5402.26607068202	537.8550104965934	927.9385337644278	1.38177329067604
569	387.41027600994516	463.8265365305236	603.4719709408555	7321.278292952357	288.03688762528253	1605.6034474659116	-1.41044611617154
426	623.1429768266977	639.6892705268045	908.6086303459361	5344.4395431540925	820.8953282449345	792.392702632822	1.38177329067604
613	1711.7153747799196	2181.7634798958698	3643.241000565085	6315.174375566456	1823.0608039698773	2702.72920221009	-0.49901177664292
296	1976.4567236819298	2408.9887750832127	2909.7870484221266	7396.180713169355	1956.5245421152747	2372.6482669008333	0.68075478845144
470	611.5194188508885	519.619049765771	848.4089731790516	5581.265928773097	568.1902506537247	799.437186738818	1.38177329067604
224	1532.8864717703377	1853.9659508941709	2233.370121464746	6775.311681937656	1461.0708484023614	1919.502894271589	1.0
236	1674.8442666517844	2159.477372911037	2669.4594750575793	6840.047411769729	1779.5176241868817	2093.073030700042	0.843858212814768
353	1797.8526973281103	2318.6754470302712	2668.396914179693	5315.624650290617	1801.1186043548998	2686.259957842794	-0.49901177664292
238	447.0357730027898	448.4620283128005	785.6240306046539	5508.238691778385	421.23360279357365	963.6801451715448	1.41088885306209
566	312.2774341106779	384.6666576503431	1219.448304207396	4007.355986893145	318.3064294267198	1053.6074074958249	-1.38309263996582
632	1841.1412062447812	2273.641536222559	2693.0109378732686	6905.552433629314	1815.5040444617593	2248.8310600286272	0.843858212814768
448	1918.369932430473	2405.669718084188	2969.73497574489	7310.978090919156	1955.5884774830854	2400.3905690199585	0.68075478845144
227	303.70769042373075	357.647960638406	1065.772209999776	7640.7226448116035	324.8531862127514	1738.3518520035057	-1.41044611617154
540	1940.6673421100106	2365.6130586848244	2679.7331821358534	3813.734570491456	1951.7307224607227	2063.7394171057495	0.493150590278539
625	1911.9951126660333	2357.1488907157586	2955.4709092586636	7265.195595254476	1895.734312173892	2266.2155823874627	0.68075478845144
432	1327.4129787088877	1670.4796887281743	2017.4277172667025	8699.718114215528	1204.59757200006	2526.412494277894	-0.848872488540578
221	391.5878877514629	383.3897265390579	604.3440385110225	5331.1345402492725	411.2846841848429	868.9703547614081	1.41088885306209
390	1766.5801912819886	2270.5062052026497	3764.8281449430274	6449.625528152073	1814.5144252698544	2835.0010180223626	-0.49901177664292
9	1164.6134502255088	1382.7142528391303	1666.8929085385714	6225.869901788616	1045.7110686973133	1243.464920748613	1.0
554	219.83425742726791	298.784525868115	956.8811655360313	7617.2422953176165	280.6594053045429	1658.1981153658955	-1.41044611617154
26	356.3993166006866	490.41079141388025	694.5693684549894	3479.006465436797	384.8750781825905	1351.1425882139245	-1.38309263996582
22	601.682619772445	706.5182792720957	822.7033409240688	5823.708960609824	765.7601517717127	1620.6927405847316	1.41088885306209
31	705.629923005552	653.65307961361	1043.2276292097815	5776.2119434837	827.1042564545055	1126.177860673943	1.38177329067604
325	1918.1665593294751	2427.447688576718	2878.717865863976	7087.866231377288	1970.0207478136817	2211.5488813543966	0.68075478845144
104	1774.1925344021463	2230.7330537336134	2737.196928677048	7080.826015076822	1873.5603828073915	2413.8361756757045	0.843858212814768
605	1211.162028435659	1977.8453862470503	2538.8311445025556	8419.73206137204	1500.5519938057864	2355.9376111139068	-0.848872488540578
234	563.7130359530244	501.9062689897553	822.0703980972634	5812.220018721909	527.762723319973	1373.3956250907868	1.41088885306209
272	323.4501535673033	431.75763613205953	810.0997448669644	7105.785724312755	320.71158017776014	1144.5421472966216	-1.41044611617154
456	1829.8073922172607	2174.179846860626	2674.2934722303135	7764.548597345877	1747.43620654897	2524.6264149065014	-0.675262089199912
2	1883.3128020103886	2361.3374482647105	2727.877928379756	7005.665611808684	1902.6887081932337	2084.045992878618	0.68075478845144
622	322.22204709404764	413.50777806980733	1635.4050576253373	4424.704135388195	356.8861297847545	1306.5854020438633	-1.38309263996582
443	1071.2188916604682	1771.2674062713324	1808.4938087767152	4770.855103150004	1496.4974792898256	2436.532828713228	-0.49901177664292
399	1044.73828523736	1587.0498872325559	1717.1789755322577	4410.283594948764	1344.2971440808624	1968.680765732419	-0.49901177664292
29	607.6021961580363	660.465899636946	870.2911229429868	5443.975201952439	679.5251549357027	999.1792219107488	1.41088885306209
499	1884.010984504451	2303.644992173033	2709.407433276702	6951.556611697457	1888.8192126027539	2077.226421945529	0.843858212814768
96	699.487457590517	612.1343794721091	936.7050874252288	5807.692763396515	580.8561236517428	1039.4260061925431	1.38177329067604
214	563.5242996968184	554.4377858808266	798.9062426029542	5505.810900149885	622.8377574561948	937.489296386129	1.38177329067604
388	350.7195941754245	439.0303249471253	1543.252766746066	4433.255503046159	320.3918365696645	1242.8039281316283	-1.38309263996582
483	1902.356121157186	2422.6432144005817	2736.2784611950538	3945.82458455989	1918.341441831274	2057.279605989551	0.493150590278539
460	1821.9989115276364	2271.8491220038545	2714.246060168156	7325.2432717832735	1828.891611651003	2566.7972674520024	0.843858212814768
507	1758.7179761291156	2208.640691985771	2637.287917084265	7241.94977232553	1738.7415632690474	2517.100890702712	0.843858212814768
120	312.2486604060873	398.4092693175509	1316.0704736307096	3519.820069648518	318.3727124282812	668.7047207651491	-1.38309263996582
261	1893.3716649870053	2322.112936522893	2827.173481891919	7218.597646041239	1902.7773613816364	2367.092510267689	0.843858212814768
64	453.30363519066077	533.9099911367659	843.5344174975056	5500.766945653373	464.2829707781985	1051.6402802903901	1.41088885306209
582	1717.0808463055628	2031.9791949361695	2470.332128762281	6586.380668541327	1657.03300140857	1773.4041308454516	1.0
137	1834.4825849395259	2203.569973509883	2712.127482822424	7253.648825323922	1828.415167035546	2487.2328105028414	0.843858212814768
