InstanceID	N0	N1	X	N2	Class
376	962.7505406940628	1109.5611959059815	2444.868223223998	1759.2549666860189	-0.958924275
179	1416.4659828137655	1454.9881912347942	2794.501593057386	2141.9944026291223	-0.756802495
354	1904.9878242795157	1938.7039636920313	3512.6341919427305	2702.7484081048196	0.656986599
385	1670.1715219627565	1726.1373967644934	3257.746881579667	2389.8135092194398	0.841470985
173	1496.9602741017052	1674.0820207961985	3153.8282005384535	2303.3998036139988	0.909297427
404	1830.8915185736664	1817.8125921351227	3454.2741913069412	2603.829862749454	0.656986599
355	1284.526528892783	1354.958801612015	2678.1956439786745	2018.8819854615908	-0.756802495
38	2446.6144538203916	2520.103767069295	3840.204116977813	3195.1660075546583	0.141120008
174	2195.721817935659	2441.038974113697	3687.8806654758746	3029.83237898384	-0.279415498
378	977.0278253855073	1091.800006612683	2453.995732848102	1740.859962995221	-0.958924275
481	1741.241590564279	1842.3154230745433	3165.5471091927725	2527.7399941429694	-0.544021111
251	1869.9625683706688	1969.9002489324623	3301.366357039159	2670.7860627974205	-0.544021111
496	1569.1262932743514	1664.093799146944	2986.0662433168804	2351.3813928665327	-0.756802495
111	1275.657462479423	1310.1848817109972	2622.8825748155195	2040.5641104828871	-0.958924275
80	1711.941034277135	1738.0001293246628	3188.8112706742477	2431.4689146985042	0.909297427
63	2297.7429269901872	2536.377779790994	3701.971429829775	3155.0883941972993	0.0
208	2299.026349240706	2432.803794548263	3775.830116996178	3226.6197271829137	-0.279415498
167	2426.5572145619526	2528.436656465718	3820.4182591552985	3268.9408531188187	-0.279415498
393	2393.5229795855107	2503.5559602601643	3813.8317617958865	3232.6681919119474	0.141120008
71	2205.1930857318944	2301.2065061740955	3589.5903184552826	3012.628432958935	-0.279415498
47	1297.2323833733533	1342.5080441182024	2694.5675575651044	1983.210535009075	0.909297427
227	2230.638697334906	2373.465014510115	3526.4487871710567	2970.657010500002	0.141120008
166	2122.804403779507	2340.2189206355115	3536.501196471141	2997.068669997644	0.141120008
243	1252.7510289440322	1345.7154506472111	2686.9036263188136	2000.2843108113314	0.909297427
486	2168.5483167561347	2316.1799407557473	3385.490952950192	2915.856026144553	0.0
78	2115.0761425511264	2326.699310282665	3489.123809646041	3000.781754012655	0.141120008
123	1549.308248865396	1525.651791755739	2908.0392931820165	2160.30046841991	0.656986599
335	1355.8161632223912	1349.7626940802327	2459.170836352186	1969.3811148594177	-0.544021111
420	1425.9214027555956	1448.3081486992346	2841.7111711984917	2104.8950997421894	0.841470985
98	1347.2444163870257	1423.7288506483133	2765.8169293558435	2038.730729731727	0.909297427
408	2007.2396150296095	2217.3435190688215	3188.3608511645607	2780.432738249631	0.0
226	1063.2387049518654	1160.0877493364746	2366.079485443086	1746.5217242466165	-0.756802495
350	2203.5511022708283	2364.894351513498	3495.506695609719	2979.81596201963	0.141120008
406	1996.8005355174744	2053.5910907858847	3383.8292853084577	2683.432256697745	0.412118485
323	2026.2961744839893	2262.61990261256	3368.572823175976	2792.583515463511	-0.279415498
62	1226.915693194665	1257.7287971968135	2442.616024530299	1809.040616372493	-0.756802495
184	847.2770777997465	970.8803453206207	2063.5903027439326	1465.7081227066406	-0.958924275
165	2110.950699716885	2369.974459712506	3426.571329435319	2981.895407526206	0.0
200	1256.0127500852966	1353.5754315285221	2547.5688698424256	1933.4036658839714	-0.756802495
67	2301.1306566932703	2340.6383718348307	3560.3868971349652	2994.4044611860213	0.141120008
158	2103.6007302230782	2145.415248062161	3414.578460650017	2794.3214541381985	0.412118485
368	1169.4229593199684	1197.3875725867051	2409.707569705522	1817.710030865864	-0.756802495
135	2070.725328729543	2247.81720570801	3467.1037899470334	2876.1190602818288	0.412118485
267	2090.6287292754596	2159.6416057789575	3350.1163765949	2908.4222405878927	-0.279415498
358	1229.1003310280178	1283.6482176615802	2460.431913539108	1897.2691339096054	-0.756802495
89	1407.6127146572978	1355.6481134455682	2807.740883041803	2020.9760857151919	0.989358247
59	1743.93610833489	1780.9432350607538	3157.579286133353	2458.7903371812995	0.656986599
431	1378.1920021534845	1582.624542998834	2897.981264750862	2092.803038596672	0.909297427
214	2169.1937124630285	2327.164288876986	3479.712903956886	2932.85098983285	0.141120008
487	1289.4384338846235	1411.0489854921423	2603.3957857965715	1968.1851141961859	-0.756802495
454	2049.6029615586576	2230.655923169901	3482.7158397344747	2838.1647484984956	0.412118485
121	2171.170550200108	2291.2840504067026	3531.0425116216347	2984.3161406608947	0.141120008
77	1455.8676986629127	1463.6711390361138	2879.5605882754408	2102.5582776604297	0.841470985
336	2091.0009724936253	2286.907024282261	3479.4685921417295	2918.8893863158355	-0.279415498
326	1975.9534646333284	2299.5454166164586	3312.4388978203174	2818.2336414040615	0.0
315	1360.4115043432814	1349.7226297082732	2718.482863318758	2027.9247037906157	0.909297427
41	1872.6448525773444	1872.405517083007	3170.4631490623556	2575.537172336732	0.412118485
73	1316.7695323963874	1326.2609977189588	2735.592113721354	1950.2952232234013	0.989358247
396	952.750352834926	997.1486470097186	2185.3578666615767	1538.0037593403044	-0.958924275
239	2153.4840554635475	2326.9741425321313	3538.6185187308897	2992.0909853492453	-0.279415498
320	1197.4043787809621	1255.3854946018516	2359.1775650078557	1813.0450700424774	-0.756802495
407	1406.3429702266183	1502.348059118624	2643.5834064384853	2079.1907046669717	-0.756802495
238	2226.8496932313255	2272.5749228704212	3517.4130259309545	2946.4494348041903	-0.279415498
430	1452.1981594744457	1478.1759146642257	2901.891119163848	2056.8616993633977	0.989358247
330	1007.3326737995935	1107.4830031474955	2306.4659386661306	1670.4692074251495	-0.958924275
31	1456.899359251719	1603.1437521225494	2984.7013674071227	2105.5439995037505	0.989358247
478	2132.4198539961153	2357.337573511874	3364.250380874262	2956.258299785894	0.0
39	1012.3655942583877	1086.7491174910574	2254.0144090440403	1631.830157983236	-0.958924275
192	1482.5613160087878	1545.2194352975223	2889.770464349536	2142.0799033107223	0.909297427
462	1526.3731673485195	1514.0708958166322	2870.60632117428	2179.463869413872	0.909297427
128	1400.224792743209	1409.0380715809301	2847.4738023376367	2001.6916749858685	0.989358247
292	2338.717665176877	2300.0224579187566	3620.808492777666	3038.8647613115145	0.412118485
45	1716.3783756962798	1720.2713548197007	3088.3577263573607	2390.357643434828	0.656986599
161	2199.2318405674773	2157.345802623566	3458.6982447597443	2854.5406511675587	0.412118485
321	1383.5598255003704	1472.3693733788866	2851.459236786395	2019.7127832309743	0.909297427
133	1382.3696976983479	1479.5283182676708	2894.2133319409986	2117.0159105812895	0.841470985
442	1330.7777698142306	1392.0074123562786	2762.0971521660435	1978.414716685122	0.909297427
479	2133.3722023298096	2255.5494113813934	3471.7252097587275	2987.6172674092286	-0.279415498
342	1384.1641449342665	1423.4167702658153	2785.380128024912	2095.353040448403	0.909297427
185	1279.1233737201364	1357.3463677215047	2763.419827306757	1930.600691684802	0.989358247
84	949.8276317402048	1021.3712621312961	2218.9728566899175	1632.08311527847	-0.958924275
160	2189.5828550788674	2396.1924602796785	3554.9932205890686	2962.5071746793615	-0.279415498
329	2100.098615213241	2209.7417808603836	3475.215035651255	2889.8129265847065	0.412118485
288	1067.585913966713	1086.0758779835023	2291.880979627192	1674.6679434445077	-0.958924275
268	2189.840782992714	2314.499636039182	3515.3486160059965	3005.5319723795974	-0.279415498
50	2194.056923608828	2186.043014672314	3500.2250427200174	2988.8332168911143	0.412118485
349	2235.442560295998	2295.0942367830453	3468.181933708458	2872.884606538409	0.141120008
297	1666.0986834920297	1737.536269902816	3130.1964772073093	2330.144299019289	0.656986599
471	1922.9690413610024	1986.4835156636202	3273.0355869605264	2673.2684819163005	0.412118485
374	986.9924824577568	964.408431040738	2174.787646011051	1571.1439518522347	-0.958924275
472	2231.0943875348803	2245.1293719140785	3457.964506766055	2856.682668210795	0.141120008
168	1044.459352071393	1044.023400048201	2211.081844557518	1578.1097397311596	-0.958924275
122	1391.0352454852493	1510.5942777060725	2936.614962879551	2044.9127137110181	0.989358247
383	1438.492176070432	1512.2084329646216	2724.5300706772364	2136.8233507367863	-0.756802495
352	2274.448173568083	2424.2087999075306	3614.7077708807337	3062.1924868014858	0.141120008
414	1458.418947064639	1521.8641938829633	2882.3706526379374	2071.7168652341707	0.909297427
290	1507.7345765269947	1603.0039364308752	3013.625803884541	2170.0815247269247	0.841470985
198	2178.7154282053584	2366.4027651539564	3430.111052858274	2876.6725551144605	0.0
424	2086.2924914662653	2218.4866415192755	3362.0931855640993	2848.6359965631514	0.141120008
91	1579.470367088388	1654.7525823295011	2979.0182811554237	2221.7458670998053	0.656986599
379	2096.266424795895	2251.288521328753	3484.994886328889	2960.854239911493	0.141120008
134	1206.4432460723172	1334.4046343888147	2704.857544950384	1903.8932683641387	0.989358247
149	1571.036762570628	1684.682768688984	3056.0977974145853	2290.6247736733562	0.656986599
69	1593.113502996573	1706.2259454248494	3093.936998509365	2310.5281707716617	0.656986599
103	2203.726677754335	2278.4719984516737	3497.1025495590216	3017.4138516577023	0.141120008
482	1672.379727521403	1731.6174668631334	3161.433698063771	2347.0496031565767	0.656986599
384	1356.3256570272667	1492.2893943588897	2610.292082579345	2123.803956220746	-0.544021111
459	1648.3622069548082	1664.5224789932743	3114.2927583919627	2325.6663418178696	0.656986599
426	871.4878653726903	925.1003268521393	2113.535348538632	1517.9187901751473	-0.958924275
432	2229.7738030559112	2370.900730338331	3580.6918847674933	3021.440193157322	0.141120008
421	1364.5059837456429	1445.2143281668953	2807.375054675044	2064.086971369715	0.909297427
120	1258.3194812201295	1307.2653147114377	2466.533997682124	1931.3118852036469	-0.756802495
147	1377.3328748586935	1394.6160716791037	2801.7290549580994	2111.941435031159	0.909297427
334	2109.6693862226693	2284.3591252033293	3310.562735213645	2839.6444051656968	0.0
142	1371.9529792953574	1421.4024686338064	2752.02154563518	2079.1144787868866	0.841470985
229	2180.037862187979	2387.218272680729	3582.245266118486	2916.7837460812198	-0.279415498
362	1447.582148985304	1420.8718211963446	2835.2833720902718	2074.8833975219404	0.841470985
53	1305.0219887355765	1317.0654019611702	2776.3830492290444	1930.4457937638424	0.989358247
131	2260.5179622897126	2379.1056905142136	3564.840834413097	2969.500844766669	0.141120008
100	1701.5454218149048	1681.8052139459935	3110.8141523734225	2287.8991363172354	0.656986599
474	957.29099521722	997.0535625134357	2200.587370885846	1543.0797844846165	-0.958924275
188	1417.5683335251063	1366.351489645705	2842.837323250136	2035.4294438149168	0.989358247
5	1318.4655626150645	1428.3110276095597	2868.700406840653	1948.6470935513153	0.989358247
101	2275.4858328087657	2328.402903247628	3525.2730933943667	2950.19082397056	0.141120008
447	1606.117163433805	1643.33810164521	2894.5758379336658	2293.202604077491	-0.544021111
205	1372.3392516355455	1414.2054295255698	2600.004390978008	2042.6436920832004	-0.756802495
325	1405.2198159254392	1424.825770324124	2625.152513993691	2087.9807736199277	-0.756802495
347	1806.4997084698105	1844.480673127656	3045.164263427802	2553.9681078402637	-0.544021111
23	2207.286600732737	2317.399625802451	3402.3242177986735	2940.475380395185	0.0
223	1840.2491903613056	1817.99995172947	3266.5127910689534	2473.024859593209	0.656986599
3	1614.5819796881308	1645.6652126796018	2815.375248479868	2289.197068460547	-0.544021111
138	1412.5291206751488	1465.5570776639245	2843.5322429784123	2072.4733043104593	0.909297427
434	1632.67572856588	1704.3851779700938	2817.54020165365	2313.776395047273	-0.544021111
27	2193.8653597455905	2341.802901406139	3397.413062979539	2930.1556445372235	0.0
70	2187.8700961874642	2321.5154873696206	3578.6352194975534	3037.8312766865374	0.141120008
312	1333.967791834277	1439.144025947404	2790.49320793099	2050.8761353696373	0.841470985
418	1217.8281317468095	1225.5493386550356	2482.0573949048458	1852.9224792775822	-0.756802495
181	2042.3740449159616	2227.0603793400824	3331.5054450279863	2911.980291330072	0.0
363	2070.636478682387	2129.8791092616098	3302.7440701735045	2837.606953017521	-0.279415498
93	1234.731402591448	1225.47105754054	2417.3642431974295	1882.6452572628218	-0.756802495
171	1700.1626129976003	1724.3275530500198	3089.3416627804113	2395.732506704486	0.656986599
20	1682.3221305965412	1808.5409118176983	3193.4613163289746	2447.236160341499	0.656986599
57	2059.196774840252	2145.857365337939	3439.9529836328907	2792.2234541045955	0.412118485
416	2070.189715589986	2003.33895285775	3336.18208150538	2713.1814478615474	0.412118485
252	1316.5754146704933	1372.8128032558297	2771.7302871196443	2039.4905477116924	0.909297427
279	1592.4579114916253	1766.3668001507458	3144.8741080148534	2326.8745624414296	0.656986599
163	1181.5045985244587	1214.8373933285313	2430.827405044573	1859.4155296589697	-0.756802495
453	1273.3377089864562	1391.172618971928	2818.5406596684657	2086.618714441274	0.989358247
493	2253.3008271933086	2341.5956507311002	3541.974842879876	2933.0571423212446	0.141120008
37	1312.3169542657613	1374.1664121704132	2774.0088568306783	2051.8008073809724	0.909297427
399	1500.4301883611613	1579.1406723703817	2947.134485503138	2132.395729146202	0.841470985
293	1366.517321252838	1347.0773604262504	2757.36511598742	2027.7354277706156	0.909297427
104	1389.9914357398852	1532.9864905886832	2934.911127402722	2083.1383576348376	0.909297427
178	2078.3329317025878	2303.646942011786	3356.2817445052906	2894.7733624977677	0.0
272	1259.4509436658604	1313.3611259882498	2508.0069732787088	1873.2267696326826	-0.756802495
210	1492.1565238406486	1534.9053018112188	2976.473216748233	2100.229202501409	0.841470985
141	1271.6139828147568	1290.8115732951928	2504.3111484444958	1938.6700468860354	-0.756802495
304	2245.7158502350912	2377.1037561239077	3457.5892313729	3056.4601908378377	0.0
305	2225.564311490535	2402.0979344496363	3489.9097314077326	3025.747882733936	0.0
125	1340.4116356457675	1354.1071493037264	2808.946534023427	1933.861662818728	0.989358247
154	1344.387037165357	1363.0193042389953	2807.480442025682	2019.34380418172	0.989358247
225	1996.5714143444065	2086.9980362248693	3391.8815272608	2718.064092178568	0.412118485
274	1959.5228189921777	1971.018412637773	3281.6112505482715	2601.3272816058734	0.412118485
29	1956.7390453120433	1912.704977355028	3248.4665826086816	2589.2878469058523	0.412118485
372	1385.2747375842112	1461.6930962819347	2903.1866630883724	1960.4975883475743	0.989358247
193	1437.5070524156235	1467.105245135355	2924.9664738405136	2033.1009029934542	0.841470985
306	1646.2347927298113	1705.2470749131712	3112.476035729484	2239.104238072987	0.656986599
65	2184.9091636170438	2276.2096733691073	3508.2344087443794	3003.962357778856	-0.279415498
484	2022.8955683798354	2240.028765137811	3288.6804479933703	2747.6023865186507	0.0
153	1641.8217419473297	1574.8560585903713	2998.5601035686936	2232.606240153832	0.656986599
465	1338.8471722091872	1534.9395907557728	2881.814750961604	2093.7280216004356	0.841470985
247	1143.0279126199996	1206.3065144696159	2433.813722175814	1818.4234285629177	-0.756802495
394	1196.2123365128193	1268.1369179796523	2481.733146025678	1847.6900326518692	-0.756802495
308	2091.94985207289	2166.9071967600485	3460.0978957693223	2869.720898745154	0.412118485
395	2132.5222640037036	2327.1890504848584	3568.277221076949	2888.6469041975524	-0.279415498
233	1477.9823268947962	1508.8998015634775	2944.9144645488996	2176.114947287555	0.841470985
485	1546.3844925012206	1680.2215370722113	2824.612111614508	2273.297148779255	-0.544021111
21	1776.7829047377952	1779.5857132672033	3261.686257991525	2462.8824982059123	0.656986599
278	1614.1064306229941	1708.2388347073477	3143.3876501932496	2372.144815830896	0.656986599
316	1646.1386250689168	1726.2745631249122	3150.8403110027816	2323.397366675101	0.656986599
491	1355.5608161504458	1391.6173600439079	2793.289070796102	2079.5395842281187	0.909297427
183	2099.6020753201174	2358.8606100695465	3445.119296123132	3003.887981815891	0.0
405	1678.543122388779	1705.9909321830194	3166.4134795265463	2344.2615843466046	0.656986599
469	2213.6981321570784	2291.634836226678	3536.436508597299	3046.608376547571	0.141120008
348	1399.8279080811528	1457.8521172388018	2591.2174281513508	2097.79673431596	-0.544021111
444	1679.0721174333928	1663.1389866506415	3137.431249996848	2316.149747023174	0.656986599
140	1611.6513396663936	1722.9920951990082	3145.2955228273577	2312.272738091376	0.656986599
415	1883.4923372703831	1908.3169088324778	3254.454890496249	2650.309485139446	0.412118485
419	1486.0339027935142	1514.03318315117	2709.2992426264723	2222.540185629314	-0.544021111
286	933.3191344396215	977.3101873646831	2227.0795415350967	1557.1686492638175	-0.958924275
498	1411.036174617828	1425.2770497889276	2939.372645333276	2179.980178112359	0.989358247
54	1386.5785047058307	1466.4608582877079	2667.4719777747982	2097.228056693068	-0.756802495
109	2273.2145017888015	2288.4417168222485	3580.7628520129315	2982.0660344004436	0.412118485
298	1722.1103091106281	1837.3627635913579	3240.736192671419	2441.396526834207	0.656986599
34	1518.776027865335	1590.720799625355	2935.548503002868	2148.2772667798904	0.909297427
244	1341.6679449894098	1470.551872702658	2908.1274479250765	2043.2192247641217	0.989358247
458	1738.9580477307295	1779.0147983773918	3185.6882324038916	2401.7025941348625	0.656986599
220	1335.4248028745692	1358.259590864035	2835.149846694895	2003.6102040209557	0.989358247
344	2047.3166034173546	2280.601120481308	3406.1468052217856	2938.600454260139	0.0
204	1712.784113044181	1722.6589328128607	3195.3971833676956	2384.763971534043	0.656986599
72	1982.1059139452088	1990.7802683317077	3362.5307753745424	2661.8543627947224	0.412118485
401	1173.6078881612013	1200.5145882358631	2445.7222900358447	1830.6960102608264	-0.756802495
411	1315.0044682792918	1402.052169111694	2607.0447716012204	1956.0768068031277	-0.756802495
388	1352.780003988625	1377.5328869381367	2601.008486406615	1997.4474486452127	-0.756802495
456	1632.7178220040773	1652.304696424182	3023.261673208621	2289.9612372021156	0.841470985
309	2075.3342867213014	2209.964053554404	3422.4314686461053	2866.099758143822	-0.279415498
318	1402.0189680176616	1603.877231260501	2998.212992247233	2110.1337471733837	0.909297427
75	2283.1935156543914	2239.4247403207223	3581.1574863368637	2968.5544228634976	0.412118485
99	1240.692465341332	1342.2282083706077	2547.7951514356973	1933.6033853947702	-0.756802495
422	1619.473589171972	1776.4711564057968	2842.2611730376834	2361.224121706946	-0.544021111
26	1525.826134151257	1501.171984730313	2939.6073096498953	2247.962351096767	0.841470985
126	1318.5560557643441	1362.1371986012243	2644.221966390857	2018.4780350262702	-0.756802495
49	1614.3791679841195	1531.6708565946233	2981.7467736166036	2286.8204143755192	0.841470985
236	2251.8516380263713	2410.506440713663	3658.9261313274937	3113.038087819314	0.141120008
452	1382.8965299106903	1403.8043121047842	2854.3081651624966	2034.0072800338721	0.989358247
172	1664.215674652211	1774.6783934274367	3199.6249451060203	2382.992735440011	0.656986599
146	2255.005423645466	2343.904592853999	3582.551401937118	3012.7761733741418	0.141120008
464	1360.372008506695	1383.0746568809438	2885.5974340312105	1986.1354001590305	0.989358247
25	969.0221996229827	1033.0456166636977	2285.859035941484	1690.959833405885	-0.958924275
400	1210.4885158535508	1322.3983164010936	2465.151236380977	1922.4246456794488	-0.756802495
429	1960.7330471011796	1934.6196632543874	3420.692184679165	2654.014255951194	0.656986599
285	1803.1740232010266	1880.1453366184069	3351.197100728473	2554.3632257042045	0.656986599
237	1630.829997735279	1700.8443973926394	2865.6255636599185	2327.630109624046	-0.544021111
412	1390.0592241838594	1493.0479929702742	2956.9350821417934	2131.6325168754875	0.909297427
289	1866.8793184112048	1932.6440970209246	3361.6843912808154	2547.33089659811	0.656986599
397	2182.2745065764802	2257.948018716999	3522.743269343395	2946.8742834591067	-0.279415498
477	2062.898848290491	2076.130189290149	3407.3590641908368	2735.5860085693193	0.412118485
271	1942.377191594223	2109.748204303124	3367.0398199366473	2733.7369966164642	0.412118485
222	1096.3913235240805	1177.946150663443	2487.7136343950124	1835.0557237242626	-0.756802495
338	2120.4511816213453	2379.4082937110206	3419.7539582066033	2909.989451069562	0.0
43	1614.1463982934831	1739.3473330468123	2931.8507824120297	2366.261226288725	-0.544021111
324	2039.910092638381	2361.678264749712	3416.102731473977	2865.38178162575	0.0
413	1627.2667661524144	1672.7792566485382	3131.1630959996924	2344.905729775268	0.656986599
387	1390.9854847579975	1409.752889106261	2911.8090940329294	1988.31266796523	0.989358247
341	1260.2210941733006	1322.0394409315395	2613.2248890638834	1992.7874542588295	-0.756802495
209	2121.1340130856092	2225.224996736417	3483.6734866762013	2917.051307524566	-0.279415498
425	2292.270742864026	2382.1731046488435	3592.143593029269	3084.1947109183848	-0.279415498
373	1212.4005830790932	1394.3575050469751	2645.48270922798	1993.0995473493394	-0.756802495
217	1417.4327390676012	1494.9290756583966	2925.7917287380797	2149.494364903735	0.909297427
473	1025.365109791192	1048.6704077958063	2298.8812764412037	1596.3940283362904	-0.958924275
310	1486.4807817757574	1563.7180992526708	2983.8925735709367	2253.9672528638603	0.909297427
353	1729.2207359236427	1778.372045597721	2948.1624119437984	2469.6382121842025	-0.544021111
33	1531.223272432758	1605.2561830610607	2975.8189898348837	2234.138518942364	0.909297427
446	2187.500683675142	2284.9106074875567	3530.9770805825797	3025.4099338901165	-0.279415498
144	2313.725596679079	2365.6738194964037	3698.0137964473556	3029.848085316688	0.412118485
106	2159.3326621273773	2301.765727155087	3406.294150810904	2901.820000786168	0.0
40	2120.4381246921594	2319.4725065090233	3563.3668650635423	2974.3645954304557	-0.279415498
190	1570.2568928153607	1605.8340454816946	2891.649266016096	2274.0347658165315	-0.544021111
76	1629.9427621125292	1756.2611391049186	2956.030147927908	2380.824230259203	-0.544021111
381	1426.0462309892857	1543.6940770211822	2943.2109832456144	2130.147798017256	0.909297427
327	1635.098636937953	1704.7385452960625	2859.3013348390436	2392.8951104932007	-0.544021111
79	1703.916212575671	1798.161898585433	3019.4629654136593	2475.0886196235083	-0.544021111
19	2206.0098745500586	2372.3693217818786	3593.5069453314627	2995.7986665920953	-0.279415498
219	2126.420113825259	2372.5977614703966	3404.8635089482277	2961.9470266468934	0.0
273	1267.8540510383557	1332.6784497463786	2768.72428983629	1975.6236920329611	0.989358247
156	2177.9722555292165	2298.2234102260622	3483.257052774684	2905.50779979549	0.141120008
24	1749.6973257826016	1723.4016587932788	3193.0404093071065	2450.0856584649355	0.656986599
108	2190.124687261517	2303.6218757716524	3556.5571880526513	3008.1100714430763	0.141120008
64	1482.6961207073693	1498.3235937564946	2666.1148651651934	2205.1307910476685	-0.544021111
152	2208.015186700403	2296.4632307771863	3536.0486160351215	3027.5670374064202	0.141120008
30	2105.0315635985785	2210.2917341709126	3443.4573004927583	2915.8765618664984	-0.279415498
269	2108.9817889434225	2245.9000776157814	3479.4904097756175	2957.0484122235457	-0.279415498
294	1462.2822712187124	1531.3593975146366	2725.0272962315407	2223.3826925215953	-0.544021111
202	1521.9804383470068	1584.2154671407004	2791.0512506293776	2268.4387630273973	-0.544021111
382	1556.9119366496163	1489.5959513295138	2941.625551556081	2199.4880687971017	0.841470985
114	1451.4790853243194	1423.897573329865	2900.2346386115273	2169.2998445097487	0.841470985
488	2171.9284391874075	2339.923343500781	3432.6474751320293	2904.1843221112713	0.0
264	1332.9418382053261	1336.1393929292465	2850.2792915879063	1980.9340071296112	0.989358247
438	946.1624422172958	988.8421280496234	2262.525433422289	1583.5822533549112	-0.958924275
439	1374.7875940923793	1501.390466541372	2744.4751480222976	2166.3828881129025	-0.756802495
417	2191.4188261704776	2306.577004158674	3594.924033247472	3055.440421880682	-0.279415498
470	1815.339405946007	1889.5934345665896	3100.5484505262716	2593.6291470607366	-0.544021111
82	2238.5464707463143	2345.8913419609557	3591.8916560421317	2992.3304234660122	0.141120008
18	2229.8178003857383	2308.074009021663	3599.6871301629553	3014.132308516382	-0.279415498
74	1327.0104134170178	1424.3038254965963	2871.3128485073867	2065.2864407377665	0.909297427
203	952.861414817183	1079.608710972429	2320.2243947109737	1682.0981540861144	-0.958924275
9	1956.5794841014135	2032.5867077908888	3479.7410558718675	2628.1268483950903	0.656986599
115	1480.4191419300378	1693.999287327073	3089.2380745504447	2232.1464408454426	0.841470985
10	2136.4163288463596	2215.851581238039	3572.9230803750174	2989.11859285643	0.412118485
476	1526.9522243971537	1497.4744176799795	2960.442648730499	2217.537694744105	0.841470985
483	1357.7989997649668	1397.5047427133609	2842.461184959762	2082.4285650631155	0.909297427
261	1618.5972776337305	1741.5853879626814	2915.2405687181026	2417.231682288107	-0.544021111
129	1349.5024724081707	1323.2613204402503	2575.4899769422505	1980.3134415810805	-0.756802495
437	1341.225968752978	1445.9573021378148	2674.210866967753	2052.843289552376	-0.756802495
132	2174.4303968657373	2429.1045063058955	3517.781698736653	3016.756236970601	0.0
96	2265.3980161903637	2245.7380048827545	3635.0575404597794	2989.724287665953	0.412118485
215	1351.9373594493775	1407.6200544957203	2848.308578761503	2051.575980773276	0.909297427
175	1402.7159773723301	1521.0390838452765	2947.7481961941266	2207.0681244695684	0.841470985
197	1584.1871982316725	1720.2800080383	3147.3978125145522	2289.702265104294	0.841470985
159	1627.382850021432	1662.881227888507	2865.733570173105	2374.5179997088812	-0.544021111
12	1568.2705615933144	1604.5025556659127	2803.9074577802976	2280.9672478693	-0.544021111
58	2119.1045423566875	2326.616069091838	3402.9040039709926	2887.5670110821916	0.0
242	1341.1950890602134	1387.5119706047958	2873.4762554901345	2087.25398728556	0.989358247
254	1514.5097787085638	1651.7755868746285	3023.2736014815287	2152.889144969508	0.841470985
164	1721.416383620863	1757.154636061283	3250.566111610538	2411.6650899008373	0.656986599
232	2089.4661011085695	2282.60318596281	3386.038658123409	2899.531766495497	0.0
150	1638.2374196174696	1629.0910267995603	3094.1699327642636	2312.202609165072	0.656986599
139	2158.270466880316	2340.200440641432	3588.4744537893625	2954.6203874562098	0.141120008
450	2107.889684773826	2155.9442384976896	3436.8123639021983	2840.7731052525032	-0.279415498
448	1580.6377565301118	1730.2765001469224	3182.6441740452806	2316.590374528447	0.656986599
317	886.9816111790494	933.720242822434	2177.827923422	1596.3037758296991	-0.958924275
81	2211.067053028194	2379.0445752973937	3655.7220756179054	3086.378420935506	0.141120008
85	2050.529735109816	2192.484003633594	3455.124251271798	2845.9027886577364	-0.279415498
35	993.540125717871	986.1521900881852	2217.6628457232196	1628.9102342322103	-0.958924275
435	1755.5360560315776	1775.9480323446394	3001.506948888353	2498.555234045416	-0.544021111
361	1435.2728601943252	1457.2628498471188	2681.5119607071965	2144.490070700608	-0.756802495
94	1906.9763800763715	1979.2114930954187	3468.1863228456486	2718.932608028352	0.656986599
56	1590.1577972837997	1606.8735829699815	3099.614202939912	2296.7223420415517	0.841470985
357	2076.3135218958573	2294.5875825784155	3349.027683658669	2909.6532865912845	0.0
127	1288.6696445256155	1300.6581092186902	2547.7595533825784	1961.2857384631168	-0.756802495
143	1530.7407195362625	1536.5303129703245	2941.3535220205054	2183.2691581333893	0.841470985
7	2136.37833598814	2353.048348486487	3461.403368307659	2940.557756849771	0.0
231	949.0381975826094	1049.7789857684295	2287.498718329232	1622.775799357538	-0.958924275
8	2144.023353538422	2315.040401228956	3430.7482955642176	2956.088806688784	0.0
42	2041.6860390892139	2121.0714640836504	3454.0118962607426	2806.680387167691	0.412118485
36	2196.3613672043684	2337.862154356398	3621.5066813339367	2975.081383359157	-0.279415498
16	885.1354121384945	981.8188928644665	2242.682403941483	1560.1849160712218	-0.958924275
492	1345.1906214567307	1402.6246957602427	2862.861981978406	2063.896898999573	0.989358247
282	1416.7117141779265	1423.4061816654505	2956.750080463021	2060.896541985746	0.989358247
46	1675.7579165507993	1708.15934215691	2910.8887017897036	2356.7618681997033	-0.544021111
92	1593.9597187869317	1739.4164786127233	3116.409968797376	2260.2664964447977	0.841470985
299	1013.161868928526	1127.6542818807234	2367.3757671830813	1730.006249525489	-0.958924275
281	1998.6490200674716	2094.420507036576	3564.047586022316	2755.8800825432763	0.656986599
90	1741.903988175974	1804.588640900419	3021.1894083498546	2548.243034607021	-0.544021111
466	1368.4307004640918	1450.2469653069634	2943.7261071799803	2090.374204216191	0.989358247
449	1289.472996502718	1397.6205347163489	2725.8808668536403	2051.2869059437835	-0.756802495
307	1411.979085168422	1482.6604073405188	2754.9921592690066	2140.8544063834306	-0.756802495
234	1541.755360377681	1607.911673975069	2828.5140790482446	2285.081044473645	-0.756802495
169	1971.6293415792031	2106.0675813068283	3575.7487152707467	2752.691805384767	0.656986599
313	1844.7009074229657	1961.0222492174091	3237.9915475042744	2636.3769422424625	-0.544021111
319	2186.4246143180003	2419.723119765408	3537.524523809744	3023.0979703777607	0.0
366	2227.912249834935	2386.029527091015	3673.346961523452	3144.673436810079	0.141120008
275	1251.9227478989906	1353.631366457853	2648.5204087680154	1996.0252315543464	-0.756802495
0	2149.213607873261	2347.3250422250762	3666.5359217887417	3019.555787571768	0.412118485
177	1027.610306500954	1115.1611265033	2379.4722905689546	1728.617720718948	-0.958924275
402	1485.0903615030375	1451.076284840031	2938.8135530434597	2193.0376704037285	0.909297427
182	2112.273200577172	2382.1648694813775	3447.19982943459	2950.305800403444	0.0
248	1047.9460824870384	1189.9287456136874	2416.8962612072814	1790.1971960194323	-0.958924275
211	1879.196768966231	1988.6322922349973	3454.261977439382	2635.508951038553	0.656986599
467	2220.346375157399	2315.6725864882383	3601.7373717535374	3071.209502459435	-0.279415498
367	1490.139354386806	1580.642505324915	2988.0508556561376	2268.267074808117	0.841470985
443	2206.5920034465375	2301.6373079613904	3561.4122469623544	2995.1529173202434	0.141120008
497	1354.2134147103995	1391.146289113442	2925.2797279471483	2046.053667626323	0.989358247
186	1368.244591240963	1422.3479422365992	2694.93351174095	2023.2001184533963	-0.756802495
246	2232.0270080861424	2313.585470882364	3573.5860921349467	3012.615053794933	-0.279415498
28	2225.0841201624503	2281.225222002929	3589.196132211491	2989.5628321202016	-0.279415498
218	1382.647354606394	1598.1765428733831	3015.622413549677	2141.802040276433	0.909297427
105	2153.6372137822686	2282.3761467689665	3545.564812414874	2939.989883363484	0.141120008
287	1447.5698097419531	1471.2397573973321	2962.1751904318876	2095.841563427669	0.989358247
265	970.6909208412358	1019.3045537374092	2316.659547502374	1621.128980655271	-0.958924275
66	1386.2984711166914	1397.419722604229	2703.1025493676016	2066.754455243708	-0.756802495
262	1622.7947026986155	1678.3792127907986	3124.4277798029098	2343.604819595502	0.841470985
196	1491.8986795105768	1554.1817479602787	2997.2791758510116	2219.98161031478	0.909297427
2	1792.4133779449255	1928.0460986820165	3160.6692866758212	2569.742076116385	-0.544021111
475	1461.5176097181964	1601.2305131964358	3080.0507356014477	2136.0944501294043	0.989358247
365	1145.5271089885896	1204.976438506483	2502.2853349341403	1859.7555051973184	-0.958924275
337	1604.0431611468464	1689.0245611509406	3169.0271689982815	2276.1399655089485	0.909297427
137	2388.6285228783195	2483.1841422782572	3766.4863382495346	3164.0327098610005	0.141120008
436	1452.6749348327235	1461.951798303878	2935.2000833641164	2214.7595639344468	0.909297427
180	1012.9306355820374	1133.6127539334468	2421.0690879278895	1801.4496016797941	-0.958924275
295	1458.7042570528006	1473.7607853891939	3037.2680317064833	2234.27842261235	0.989358247
441	2140.879289730771	2354.2383757497732	3475.8154353628097	2991.419911854869	0.0
263	2260.636529092091	2461.5793142854527	3636.2815106582784	3074.429978930719	0.0
207	1736.612320969246	1716.4536641737675	3194.94273888042	2418.2573736760983	0.656986599
440	991.7693394220922	1033.2423328034688	2266.9917076907263	1656.6989883688384	-0.958924275
398	1336.0693383733437	1393.870765591314	2875.868613104246	2022.3951467312731	0.989358247
276	2241.2964264050306	2472.120058212369	3730.2541752015045	3119.8179274325425	-0.279415498
102	1430.6327143413837	1539.996659137876	3014.0061832057795	2100.304617113112	0.909297427
6	1388.0797292217892	1455.3459238816863	2922.5242783194235	2152.1227914486894	0.909297427
116	980.6236297760536	1030.12366579933	2287.245667951155	1704.4187371570713	-0.958924275
257	1529.3809743403067	1647.8739920919922	3070.7347264313503	2246.5713807916536	0.909297427
86	1388.116508173452	1483.8645481986625	2785.2017071610258	2120.1277810014576	-0.756802495
87	2361.895548801914	2425.4456401872703	3781.468761313672	3072.9276129539376	0.412118485
331	2211.8083679927736	2333.349300826376	3679.7317286479793	3009.4502105237525	0.412118485
386	1281.3935685107867	1278.7808284083007	2557.167294873101	1987.3633547186541	-0.756802495
296	2195.2020435421455	2387.383286111304	3644.195686218472	3017.6822058577372	0.141120008
303	1250.9405400723924	1330.496937750387	2550.554877619356	1947.8274882323503	-0.756802495
314	2354.508393025948	2490.6645250854654	3763.438549079159	3219.1107995312404	-0.279415498
360	1310.5659154334035	1345.1157572775442	2651.617122543276	2019.0044911557898	-0.756802495
157	2372.3423458311454	2486.5807299723747	3761.919939809196	3132.8008975740718	0.141120008
22	1436.210782063595	1555.5904355283856	3042.2155444140017	2054.292101280815	0.989358247
240	1233.0369002008795	1308.7705080605333	2615.1660155135733	1977.3416477381757	-0.756802495
463	1902.4666975765404	1927.8492915844477	3454.1809352474793	2625.2133114069293	0.656986599
375	1718.0957447600883	1737.596528302492	2975.781883385029	2455.325060360254	-0.544021111
250	2244.6768455964702	2453.5359485436156	3574.5897139634026	3016.8282796412163	0.0
189	1037.7016956444527	1114.9438770050551	2425.2397061669235	1753.2973598282435	-0.958924275
409	1531.8856197544667	1580.649750204408	3062.094753490608	2311.415780601447	0.841470985
266	1748.2524539931983	1848.044641264799	3054.8435178684354	2466.3716977624426	-0.544021111
83	2235.116230109505	2319.7247002549802	3619.2794894401163	3081.3343063857556	-0.279415498
55	2162.9542080690794	2362.8879274992905	3511.8901753282544	3013.666840949239	0.0
260	1520.4200173102145	1600.3798502580755	3010.770380867717	2222.1322977360383	0.909297427
339	1402.4249316881935	1410.9293737590665	2933.619449117127	2084.9176086141383	0.989358247
445	1812.8495269191521	1774.7074411951128	3270.539397830137	2460.9970420114614	0.656986599
44	1430.3489800597545	1571.081718296573	3014.9897951075322	2184.2298166469623	0.909297427
191	1454.6893579049786	1540.3202638221267	2681.474548594277	2138.3513739420046	-0.544021111
377	1295.2632553593724	1366.282966605698	2637.086121479604	2027.2313856340893	-0.756802495
345	2236.4529097015093	2272.0228260701447	3609.3197403958384	3077.4282179724337	-0.279415498
359	1706.1517312399694	1766.4832794999566	3071.2930638883095	2468.957183219701	-0.544021111
280	1739.308886908139	1809.4070771304368	3018.696413927053	2528.7704905823566	-0.544021111
187	2309.5480405025464	2378.0537655465696	3689.7340995442282	3139.341785034864	-0.279415498
88	2154.000360919146	2432.251443780614	3536.9226274491803	2976.691560622515	0.0
340	1526.775534268724	1617.355184945848	2837.7396694850245	2343.4629836968616	-0.544021111
212	1433.346726348927	1465.5988445108262	2898.964546723086	2137.084246484648	0.909297427
206	2011.7116678575594	2114.4997454063246	3482.7369771770486	2799.5764278352726	0.412118485
423	2031.2572529716006	2105.4562502088957	3519.296754517639	2877.4626617413746	0.412118485
124	1535.7772409065851	1568.3529938412057	2782.19795679471	2311.929269153059	-0.544021111
245	964.0147618511654	1010.5905068806189	2281.219849801671	1642.1741597502423	-0.958924275
17	1539.8057987136642	1667.041612087703	3186.606004427242	2301.936179530445	0.989358247
301	1441.5981886017023	1486.0696174129132	3052.914693549414	2163.048405195116	0.989358247
201	1558.0647139127925	1615.9614934142878	3117.0077756543005	2337.2788587020996	0.841470985
258	2153.131493619595	2420.557198341375	3534.1451208599187	3011.4066867579822	0.0
255	1956.6480063234853	2038.161716936658	3431.080069800009	2760.092037878634	0.412118485
300	1692.720088397207	1681.67581023692	3218.5562096260087	2359.791823207883	0.656986599
145	1652.3738749962165	1737.5975593056153	3179.841238588827	2380.238325059278	0.656986599
155	1184.3050258794165	1212.405655608925	2487.535676855449	1890.093818286752	-0.756802495
97	1562.4278489570374	1609.388715116528	3078.30800372741	2241.366994686518	0.841470985
343	1486.8082691692432	1508.2638979579524	2991.764447467439	2233.4435854787043	0.841470985
259	1416.1233085180345	1456.6033741138854	2988.76386153836	2095.7249466486796	0.989358247
455	2283.666616346561	2295.618430481725	3577.4461743285437	3013.838441878468	-0.279415498
256	2167.1372994147914	2378.200225760033	3453.9536071539565	2935.884596383487	0.0
364	1691.1205511922608	1704.9446310070887	3243.757561452258	2410.671862325721	0.656986599
468	1825.989877566653	1876.489111467061	3245.4904471381424	2593.0123854248927	0.412118485
170	1444.277102221732	1541.973989081511	3005.1213864329934	2116.438664658731	0.841470985
380	1685.810105635763	1731.293727479064	3181.638001195866	2360.6703663202998	0.656986599
61	1383.1602400727036	1383.5641932113722	2847.5069027175837	2115.981137356611	0.841470985
151	1531.116093995341	1592.6881925138846	2857.0949084466683	2273.598052660108	-0.544021111
370	1414.8857948067102	1494.342687511433	2890.8414786845888	2168.856637200641	0.841470985
322	1376.4686628040263	1391.1626953384728	2930.0772429504273	2068.377990404513	0.989358247
95	1768.62912318341	1801.7568629574378	3311.847582354057	2474.99601419438	0.656986599
51	1218.0100557052147	1320.3503700726162	2591.7242758704615	1944.303842590757	-0.756802495
328	2214.121944964069	2403.118907071147	3547.5615427641746	2943.519146624901	0.0
284	1007.5946114168743	1026.651848794545	2365.9010975888136	1649.1840930990309	-0.958924275
428	2219.6250088613615	2227.0377524050837	3605.3445797925597	3011.9165163893695	0.412118485
213	2235.1178140395696	2395.959245461847	3534.132242234094	3010.4570050214347	0.0
460	1254.793677248106	1321.197449026426	2669.738903445238	1999.6916260644043	-0.756802495
148	2182.1254456767847	2295.3279352866953	3557.272018471178	3007.310837144979	-0.279415498
235	2075.5258502214374	2321.098286880836	3571.2440601206163	2935.4694760174766	-0.279415498
489	966.9468653750278	1031.8434327066682	2354.04195102417	1608.5694396096708	-0.958924275
112	1899.5378863582569	1913.6403649587737	3469.3424537006817	2660.792454272452	0.656986599
346	1347.7669485130102	1535.7726306009645	2980.8059752435074	2109.3367909907056	0.989358247
118	2057.127917742821	2287.3009929686523	3443.8318796388107	2896.679955333421	0.0
176	1459.5390937219504	1423.402186421807	2952.8055252912472	2117.1372319262546	0.989358247
119	1492.0550850944724	1533.1863380258574	3005.0283002196584	2121.5667696756423	0.841470985
283	2165.5625769228386	2218.2726123686557	3602.079054806945	2904.525790357861	0.412118485
490	1399.108041287184	1385.487944408179	2888.1415544807646	2056.8990557411953	0.989358247
224	1385.3612588460223	1424.2234764714217	2964.18323408859	2113.447788425406	0.989358247
494	2101.471081012005	2236.461174181156	3612.4466981587607	2971.0944389295296	0.412118485
113	1366.343654645496	1411.329974600752	2948.1282626432544	2087.6784413458263	0.989358247
270	1273.1424167436983	1267.0373858339333	2608.8705458158206	1934.8243034421216	-0.756802495
480	2247.9433909551453	2406.3910757044505	3691.5431253481693	3045.046444801712	0.141120008
371	2249.466602101314	2423.798499314355	3731.1661699392557	3146.5177041649595	0.141120008
216	2047.8963840617305	2026.5268064064196	3439.618943134763	2684.751694735758	0.412118485
110	1985.728175771606	2020.2583752437135	3464.4433081694683	2740.0972676391443	0.412118485
351	1164.250671171273	1151.5439918181198	2449.5554535917777	1846.5915779516804	-0.756802495
195	2180.9729610476284	2375.5225647437424	3697.500508146721	3099.082090402297	-0.279415498
451	1533.7950158903034	1467.1145408531474	2999.436362556787	2208.688803154372	0.841470985
4	1967.9954792266303	2142.4786449990474	3514.545175064602	2801.387815794036	0.412118485
277	1531.6374237128678	1566.9304929669408	2848.750223593746	2273.857240622235	-0.544021111
332	2130.1656234888087	2288.3151884419194	3595.549172814327	2955.2877103364262	-0.279415498
13	2073.821016058988	2300.7795176332675	3397.67903710353	2920.626744074741	0.0
11	1461.0876536599421	1638.0160476253095	2885.969385466033	2276.633499342659	-0.544021111
15	1235.7371083934083	1243.496217127145	2540.655856403798	1921.1925604686985	-0.756802495
162	2214.278316379917	2142.4735048128045	3573.2845775383153	2907.5188538470147	0.412118485
461	1359.8247338916692	1336.5730218585452	2664.0772150622884	2031.929259092296	-0.756802495
52	1372.7136736770246	1389.0830077068908	2713.0108716862587	2072.0163626609383	-0.756802495
302	1476.4076030488793	1494.800305196878	3041.5591639801173	2167.8004726028817	0.989358247
117	2137.472208051514	2286.7551536178557	3581.9542441873573	2938.8339291829184	-0.279415498
495	1438.041245270318	1500.1258725529701	2979.8122884706017	2208.802715950335	0.909297427
369	1466.9004969295709	1544.3307796876386	3012.6911648444448	2177.569948655458	0.841470985
136	2152.148490216071	2407.1169520720027	3503.127554355753	3016.4178706483012	0.0
228	2151.232149679233	2280.704553571406	3576.9340435678637	2950.911172961373	0.141120008
356	1391.694701694661	1550.5577895325755	2991.9423179927935	2081.6175060695405	0.909297427
1	1445.499253009271	1442.740398567384	2981.013130955703	2218.096463236379	0.841470985
392	1413.3806350186412	1494.7731252907124	3001.40796509626	2076.080441654739	0.909297427
390	1688.6790174391663	1790.8840105557858	3207.268119316106	2388.3143807008805	0.656986599
311	2125.334970527976	2194.737765722803	3512.917609999461	3001.2998605415182	-0.279415498
221	1448.9292938947176	1454.089828939448	3031.3065782127933	2086.8425873860815	0.989358247
199	2014.2798445516557	2237.337359897484	3410.5582838975247	2880.359102661929	0.0
427	2215.7134783470647	2392.061000521571	3682.0873927995544	3031.240476009321	-0.279415498
457	1198.4863752586207	1252.3079666919689	2589.8668160165557	1950.9395572075637	-0.756802495
14	1473.374297141969	1566.6663183573628	2967.422988506159	2247.779585550846	0.841470985
249	1365.1339783797862	1422.9351102564744	2993.628945595163	2116.6386927196236	0.989358247
48	1336.3242997996824	1367.4945237219122	2664.8139328550847	2013.8749574189733	-0.756802495
107	1471.532038301976	1615.9850135323056	3087.380498630884	2234.7663156543367	0.909297427
403	1708.5154473138775	1780.938054813565	3065.7380283308403	2433.9468309899225	-0.544021111
194	1320.0476036238497	1425.0210676313623	2938.916272279692	2036.4842899794512	0.989358247
333	1703.6579922948097	1787.8141567057053	3024.786944589529	2437.3692009127976	-0.544021111
241	1782.7319818860674	1823.8782827735301	3092.020508065684	2572.976238022347	-0.544021111
230	2280.097858739173	2403.512757127926	3741.2923151147356	3166.469926164696	-0.279415498
389	1701.0331119438367	1765.8408466605133	3019.317982873039	2521.212902977716	-0.544021111
253	2378.9706192627	2451.315027243405	3769.8075776917112	3154.733824968068	0.141120008
60	2131.0121285888094	2214.3344433359052	3643.1445452485887	2857.169226406214	0.412118485
130	1650.244778164507	1718.1525705172521	3237.869185840376	2398.685205660274	0.656986599
32	1453.7944112237572	1476.1212912060316	2999.8530258302726	2159.260536809011	0.841470985
391	2235.997000869072	2442.2382151505685	3752.515269727847	3030.89188443634	-0.279415498
410	1549.128898195331	1697.3224801531799	3190.1464344367646	2288.533304848094	0.841470985
433	1347.1285325030478	1401.0656814784163	2996.543943949092	2158.645065215097	0.989358247
291	1784.3708356625173	1813.4962230839662	3282.3577055193336	2399.3565514045144	0.656986599
68	2101.8682792712248	2315.760156248181	3422.6421763360486	2857.3832447437057	0.0
