InstanceID	N1	N2	N3	X	N4	N5	Class
477	438.6235868966599	321.71483103213353	337.01853832386007	560.2473010433573	283.2816105446236	397.59372870733176	-0.848872488540578
421	455.16007477122827	342.8632454394098	375.9791068468464	666.7792122168108	311.09716585172777	490.2864279930646	-0.848872488540578
178	523.3798970845835	397.2649865827101	411.28853091980085	603.299686002534	369.6167673359975	488.6510424523757	-0.49901177664292
576	400.30471851484424	271.4108312905061	359.8650120701092	555.7786237764227	239.4815908835688	336.69576732916306	1.41088885306209
387	713.3915867834493	490.4726443014317	596.7145048720572	851.8167013807628	490.3840132631191	595.4965965700844	0.493150590278539
183	583.9260173686154	364.5214997234395	453.70326481637267	797.9836657015568	332.3127145883297	487.67171717879756	-0.675262089199912
606	567.4130386483176	405.76588941834586	433.8783173525221	783.4814403360733	330.3961288743085	488.4610248152176	-0.675262089199912
212	701.8731002723817	497.7107965824031	557.115614713945	851.8974146562643	462.02680237038646	615.7805408733983	0.493150590278539
617	295.00085322355943	141.3616696583578	233.27692453898874	467.6314488982463	95.45759158559606	198.58631459363167	-1.38309263996582
433	285.52070100071734	140.68563466160606	271.18616808173704	619.6659188647279	110.00715982384145	255.1346318525869	-1.41044611617154
398	639.8876398353622	431.60866909769913	518.8514663326162	768.9302432443144	387.4402368763276	524.6561140531397	-0.49901177664292
145	491.2759584979049	347.1790492520109	366.2685355234134	650.248659102462	305.07387214784694	457.0261935029969	-0.848872488540578
3	712.3742999505808	498.09050398323643	609.4849134087389	867.6550167975607	458.9947657871723	646.3895824701237	0.843858212814768
316	584.7433951363038	461.460607538521	489.98335536945984	628.5844142593837	438.374315952126	580.830642954055	0.68075478845144
153	565.627472141105	387.9913056696167	508.57183187130033	705.9327928355978	377.53868628060246	464.8350630195413	0.843858212814768
616	723.91200801379	508.8360807980345	585.0580729643195	837.2478598583818	463.07337823983534	630.4868782647222	0.493150590278539
284	375.9294562457628	263.3017296376302	322.7072072250137	491.4630322105384	215.10868827641454	300.6851468505911	1.41088885306209
494	271.90376352382236	153.7271320867852	221.05392649813697	594.0640806768513	85.13383537871215	224.55406410268688	-1.41044611617154
84	408.0753940553155	269.6046259844981	381.20336650052485	613.6727863454545	230.25942739425412	361.16591015158286	1.41088885306209
567	295.33465504996985	149.95357970251504	235.3727853144983	554.161033619407	110.63410325680844	194.4642138929678	-1.41044611617154
79	426.96895688617815	284.96829744714273	330.20700347089434	690.2175446549353	218.5906857214398	364.96708049999927	1.38177329067604
412	690.4879591046334	500.32149039573176	603.0916583420703	869.6365823128193	463.82900762848266	623.4290020547306	0.843858212814768
121	260.09423896051857	139.15329400192192	204.22685314643786	438.9271497964841	101.92735158705005	149.5229194138614	-1.38309263996582
431	634.9391359431723	384.6588740292	472.6818494770614	845.1524119836317	379.5930571987199	537.6798837750897	-0.675262089199912
330	392.2158911870929	272.5240122343244	363.5326046479134	523.0733344583318	245.43181186924173	338.8200196406588	1.41088885306209
14	416.8928081369332	260.86622334488743	356.71523802329705	567.027120706475	230.02784373534442	305.31761740524075	1.41088885306209
486	559.2752390305943	414.8543033287104	492.52561721016076	758.1515969531191	419.17661174339815	520.8476142543772	1.0
269	473.6494295188469	363.0788736638655	416.7111488234294	680.5041347808731	343.3099405520683	438.91778528762035	1.0
0	598.1502405225235	475.81876782762856	485.01723042496707	639.0431216460983	454.86343557157204	564.6699074814237	0.68075478845144
358	580.0365889739445	381.97145662754286	417.8548601513275	788.5721985247695	326.06556695372	455.45124604798843	-0.675262089199912
220	681.8401553854466	464.1271968491974	573.3366870871621	832.1351932648296	466.91162298259337	565.5174789679597	0.493150590278539
117	492.57288882389724	371.85929386190077	389.865692212829	548.2944577592509	340.1730867900002	484.9012628272677	-0.49901177664292
184	580.3725304185732	465.4423440083376	488.28445685888113	625.7956407030034	455.1509641116943	556.9525005480095	0.68075478845144
586	357.96195623849286	293.1132819066049	336.16913358655125	554.8784899930723	271.8329565037599	392.5249928561321	1.0
536	264.6377510580716	123.16257093637489	215.8038230878643	588.820056315142	85.28581495987424	211.99318999724395	-1.41044611617154
348	393.27960066768736	248.43509144294464	333.2039884073253	508.35164311669354	240.3494964890381	299.8793108123603	1.41088885306209
103	725.4248066032708	502.2353374043936	610.0759355664887	857.1129976089537	491.8215138867367	610.4311830197569	0.493150590278539
155	562.8158577320156	385.60726738381055	483.6205184889533	720.2077499471657	347.3321933637763	476.6240639832483	0.843858212814768
452	537.7524205587715	387.5763767591436	465.41733990113363	674.5635235869316	335.076959084899	446.2424339187289	0.843858212814768
589	269.47216492157924	142.57549442672536	218.20408949933798	434.4348928534591	86.65802335543539	171.90384277296786	-1.38309263996582
276	427.49053523713195	347.67089795500596	394.22496982788647	658.7410992255456	328.3638248100714	451.1310688386019	1.0
614	572.2368280716886	359.1987701971912	451.640479489252	782.5145637286478	322.5125075798172	421.38799008658106	-0.675262089199912
444	233.42098401039448	140.0961956577561	187.11168068056432	412.2665963471583	102.4332229374465	154.3746658629723	-1.38309263996582
560	710.2235344122133	500.3148264095345	615.3639763496993	886.2500697431097	484.5018983716447	617.1397172058771	0.493150590278539
527	611.2473131807075	422.9797962962859	512.2822135324753	746.5164616492344	398.259255982465	485.60124412364416	0.843858212814768
239	276.02051768292995	149.51636225633126	257.0837231976032	609.7367195593864	109.42623741263834	244.0357188612067	-1.41044611617154
274	705.9183047744289	479.93913098069805	581.8073612479407	827.8068637269854	476.06868438430797	573.687607996906	0.493150590278539
478	498.0030251182311	376.30070713500453	387.54860288623223	552.3617889279997	337.95890606933807	452.3481140772286	-0.49901177664292
118	249.08450733872166	152.37479401470458	215.75963904940537	403.3620411658325	87.01758207587196	157.99665265761033	-1.38309263996582
425	285.2755065142097	162.4951228415735	240.96475967746028	478.87312888695055	117.63168424629737	202.26127561421092	-1.38309263996582
604	593.2606400799237	423.6797748736548	480.95293540204216	880.650175575751	353.1528751182796	527.4389421681706	-0.675262089199912
146	707.2489442586161	496.63099899356064	567.7004549631117	851.6634923160319	466.39501889964805	612.3769869329918	0.493150590278539
60	643.0282031006474	471.8982740664876	496.0394675051004	665.3511240405647	450.6454719705785	569.9323904337781	0.68075478845144
506	504.4018231922338	380.9475878200947	375.5326663299466	540.6594952290255	327.96421272524947	453.90634821891746	-0.49901177664292
113	406.37483560798535	290.4582381019052	378.9183399928802	720.1083501101999	230.37650369360082	352.3000869495754	1.38177329067604
42	575.9381380880824	444.53514737194286	497.931399176813	632.6851273916485	451.0124769567634	570.5618435215097	0.68075478845144
334	479.08192001828564	362.452419943662	327.47647949367274	482.4414504992685	328.84999389098624	391.58188424418677	-0.49901177664292
298	578.8045100337918	398.6281328171944	449.40808333196645	778.4613882616161	337.5523702520113	484.6492503606306	-0.675262089199912
253	568.2838610689604	443.70336806276737	489.21155110144025	622.0348079407512	447.47527089788593	563.9015237241556	0.68075478845144
488	357.89615312039865	284.85957614806495	351.3528034446425	585.9065458756935	270.3205603906948	377.85666464204525	1.0
67	333.4508987982212	242.7077747249347	285.6137526612637	502.1497469954639	244.86497167033315	355.6230202764448	-0.848872488540578
241	586.9756718634198	372.2168328211248	440.7017896497063	768.9235334896795	330.20976466164063	422.2250785287136	-0.675262089199912
462	485.9245538923131	367.35244873994674	360.5212852673586	514.0095577239089	356.11129275303216	440.61313354189537	-0.49901177664292
34	539.6733778022603	389.3330929412425	455.9780068711752	676.6276869146087	353.40502163426356	443.28408729499546	0.843858212814768
165	553.3342682706551	445.08769377296	477.65478596126263	588.0148476468147	444.375398964128	520.6035277030396	0.68075478845144
409	445.41881775334554	312.91640636997494	338.72469163925024	477.8555191113397	316.5965026991335	387.7970554330227	-0.49901177664292
11	473.9583794577955	331.9927600484211	396.4679432356981	634.6816264779252	274.62017561025704	373.3740137551002	0.843858212814768
207	307.90316908276714	234.81217787030045	276.63556691293377	500.6895501394584	239.75732871697295	347.85548246666156	1.0
602	348.6551013424082	264.41069372299347	321.2333939772242	552.5855343587101	266.7769338482533	389.3020884146576	1.0
363	360.43059437539563	267.93198928659353	329.5682585594483	546.2076831802872	263.3896965425217	357.46089915978627	1.0
367	573.7216584601352	435.0422768246252	466.0990180269651	592.5211248693787	440.51375130158146	540.3804995832184	0.68075478845144
135	453.98356127242533	312.4323497051413	396.50329789797166	610.1762830563157	260.1508415640629	393.9596753712071	0.843858212814768
397	436.70707196440986	277.58202185395226	390.1363725396887	593.6735495744139	273.8795371551864	316.09078571297835	0.843858212814768
271	433.1423632637275	279.2302058078089	383.7401757495582	569.6930183013307	250.4512127299438	346.7008497623862	0.843858212814768
396	459.62593325566206	336.9374718438405	357.1151889988574	510.3493188217636	311.72298864366866	386.7480283509387	-0.49901177664292
552	689.1593429214719	465.3747853275701	555.3654997647875	820.4557718687669	452.46556275996056	548.2728982306821	0.493150590278539
518	696.0659173751882	474.6678244173077	594.0334505791141	857.2523146982089	436.6388939767521	573.8272011415032	0.493150590278539
54	689.703775766143	469.5705015189154	578.6850600403725	798.7855739924132	472.00529217409417	553.6093970795637	0.493150590278539
344	324.50322707648604	258.4334001566638	298.4680552841539	491.17860894603723	229.9827818065289	292.3931032542241	1.0
329	327.644737050355	186.55107266431082	313.5120573711432	560.2055803938196	191.63537655418062	269.61739508527495	1.38177329067604
134	294.20032818669927	203.08475240300788	226.41493065976948	423.10242859611225	194.22764105657745	277.23070539355496	-0.848872488540578
48	496.84310408777213	361.47341909635855	435.3232427518549	634.2249126463215	322.19485069460245	412.8679909343901	0.843858212814768
73	468.12022432701013	373.5902171349513	361.8585330392767	514.1787383035902	318.4062767128809	426.87387634645034	-0.49901177664292
98	491.3665657768844	307.3201677388553	426.5470134359606	616.7902111754335	311.1583024273996	420.46223990168926	0.843858212814768
229	467.9608666768414	375.7830191187654	356.3860957712824	493.53353525628205	325.54295487785294	449.8003188082307	-0.49901177664292
570	707.2362806330827	501.67209753443825	586.1790346754555	819.4454583795797	465.272582396664	588.2633277026921	0.493150590278539
548	320.07299054394883	218.78031361897146	293.2816988540015	583.844331454415	166.4235170307326	239.5608455830973	1.38177329067604
169	333.0881682082756	253.53770457930295	269.19053377628506	484.04984274285545	238.19445118255945	345.0255030913873	-0.848872488540578
133	376.58256731804283	271.5591085895059	321.91146589625185	664.1702507496323	188.55599110483857	350.6944834392552	1.38177329067604
89	290.0078609655386	168.32534639528464	246.64961047910595	467.86291522967537	119.12621904304044	201.2774994475665	-1.38309263996582
21	280.59685437203933	167.5459712303938	227.05645162587152	462.6825251171427	101.1924619042157	176.85783867170187	-1.38309263996582
100	561.6203789041929	438.24246381805125	513.5585862153947	782.7024279727382	401.6798951737163	501.6929809421747	1.0
256	406.17778119252563	257.31016135490904	368.57727602364923	557.2669593476392	240.1837625371557	290.7863970063146	1.41088885306209
95	626.2002096868872	385.88873082097643	467.6652379481286	730.7703117361297	363.01161901185617	445.405298146467	-0.49901177664292
568	462.7715997307508	354.39164198603254	416.88382429570265	674.0661106550668	335.2899774940471	465.9733319454224	1.0
189	565.6049444119076	376.75619623080047	434.17926081857775	799.6562244196878	318.3953100996285	442.6353064228126	-0.675262089199912
198	420.69098782560087	281.0881825474275	376.26597305946956	571.9109943169972	252.1615522993794	322.548661467455	1.41088885306209
612	501.69844642779157	369.15168268243275	406.21842144700156	714.4971708283771	311.8953015285985	525.0500485994019	-0.848872488540578
556	578.8310640063789	380.8358267913809	461.59513618850684	821.7445997968517	322.77356231503217	525.8523396841425	-0.675262089199912
609	563.7319818179257	350.234745024505	434.3049199023981	804.7272866091652	319.39845091017867	445.7504618139896	-0.675262089199912
475	410.88799264817777	264.2643023717986	368.095100160517	571.6900169516175	253.15236006435762	330.06807127544096	1.41088885306209
467	728.1613272946212	505.9444035918443	590.1329255676404	858.2291931095896	472.74313161568506	622.142421782068	0.493150590278539
65	602.6250384953888	376.2989691783387	453.15563165801365	818.9311765318374	360.6577778367621	514.3831845222674	-0.675262089199912
97	557.713874436422	454.74520077944544	512.6316182654285	657.4571550333067	431.2641066242665	551.443203033863	0.68075478845144
378	594.2075591294193	374.5214699177608	455.3537766950895	818.4642738474821	348.1108307334136	514.6711525401685	-0.675262089199912
335	356.04833303727287	270.0138856290707	275.9239370142043	523.4935873042112	243.47155486566143	402.4500953993257	-0.848872488540578
562	698.5306200536616	492.7645222184111	591.9884112583127	853.9357998996552	477.30890197186903	607.8480509310966	0.493150590278539
295	280.997904155975	154.6068754826589	240.9824206924444	604.3274098845744	90.03666623599128	239.14996827113228	-1.41044611617154
326	477.394422348128	365.06028313623847	338.3040940535887	601.7211897146016	317.9644916488557	413.3714771098957	-0.848872488540578
195	713.1454364797373	479.9730935429106	586.2876406082373	854.0579889033977	449.4667041189361	601.0756969856984	0.843858212814768
446	278.127814950433	162.91547294397594	237.36355849808444	481.78789618739216	95.83128488878916	189.56363577974614	-1.38309263996582
251	424.5456987535995	305.4908790291922	353.8305441423483	710.2363423898488	252.19101322415963	411.8216009546375	1.38177329067604
338	303.7397603658544	171.33413640357023	240.71819981563627	467.15582659190744	106.56776963929687	179.0701943935318	-1.38309263996582
285	667.3276759548112	439.36767252938546	552.5390783314645	828.2405335046499	413.1233529036825	560.1674710323695	-0.49901177664292
171	411.3249435668368	290.9356029530543	380.15654857013067	577.1078791249003	257.25881861311825	302.8246074496556	1.41088885306209
201	270.9255239697449	134.80975561325783	231.10592949080606	571.5015277650081	100.96013396217978	200.3559279041177	-1.41044611617154
297	352.81066765575974	219.86278242389997	306.56593043812774	687.5666793201138	143.94068994094994	349.6111651681034	-1.41044611617154
61	454.98658829436675	278.31903053840756	402.81376541753815	715.0405465560159	257.8600023453469	391.897564427921	1.38177329067604
125	735.0677706511093	512.2170525976518	607.2336756917051	860.0202547306195	486.8527091633223	592.2721131269816	0.68075478845144
243	588.9046193694265	415.23414480999253	471.2740428163162	851.6694644317924	342.66640278624175	530.3108598829411	-0.848872488540578
245	270.49243074883356	133.5398742349783	226.69235622411063	595.9682108794791	124.88249890713095	248.1781226716464	-1.41044611617154
430	636.1032486370303	397.7670507566608	477.6155888546182	870.0903815200836	367.4667777831669	559.4385625916905	-0.848872488540578
521	421.57834775213286	265.10877199448566	372.3814850291694	604.825073486346	220.11776919642534	360.1795207015509	1.41088885306209
385	666.7963889084485	438.9834996758309	518.7154852760987	776.1503547590602	381.24743242998164	518.8873107443848	-0.49901177664292
283	647.86037536844	432.8659686920963	502.64702697338475	770.6024773772045	387.3701399406765	546.0731155835049	-0.49901177664292
406	676.0034129078831	501.2468029782975	592.2763261929862	858.0333806034832	455.1028504191647	584.1484027564907	0.843858212814768
119	465.6923471001539	362.9689082372797	391.2741409263799	664.6864629388986	331.55423696324016	475.7061088188083	-0.848872488540578
597	303.4644911205898	157.01045516372804	256.39456426758386	468.7386956666854	112.70268996631003	192.9172607744841	-1.38309263996582
196	433.8701726941037	269.81966505555005	383.41914691327736	692.0874850064162	240.08074328808618	347.3315652449727	1.38177329067604
187	618.0407710673427	381.44960563212663	492.02779374737514	894.2916717520816	339.60429303152137	533.2608922022986	-0.848872488540578
543	428.2068355163915	251.8571747426011	394.80935288690983	663.7343507195195	244.59520712294383	311.80886182146236	1.38177329067604
539	688.2387668920672	483.972932421881	565.88122480829	842.4663872585543	447.19087543113267	602.63913715089	0.843858212814768
223	409.4726523050771	288.72038836961826	368.7160806879668	571.2147620124656	246.2730190638265	328.3525582281884	1.41088885306209
535	470.6944113019609	346.4958023778045	410.8880810725169	681.9168141806199	352.809555892261	448.5860290969156	1.0
249	417.81402499599415	263.8048475016069	370.6592539480203	628.5625296432701	250.48097569064282	321.3377500044856	1.38177329067604
191	582.8572070376666	376.99397395647753	443.42347047048827	771.1623298269427	330.44601810394056	450.36212097217225	-0.675262089199912
628	411.0415979130035	292.0031092065252	365.0068761316723	555.2787585351141	314.30411890194034	369.3113590514097	1.0
393	295.4548875703653	178.08269649995225	248.87569091824926	485.1532172200834	105.23751433469009	194.16078302848817	-1.38309263996582
70	420.19676514299357	287.07231679721065	375.45053116485695	575.3164875825596	230.39997669286578	322.65726661242644	1.41088885306209
341	313.7590851406194	184.20826891898486	227.72787501123685	468.319415544233	119.74799713800181	176.15123502347183	-1.38309263996582
142	741.658919117705	517.2080577022531	625.8152292886018	896.9296136361156	492.60792446073873	622.883215177339	0.493150590278539
180	468.31487738220835	348.14141025700036	421.54803297060676	699.4860560540568	346.75218591512436	516.977629742499	1.0
498	347.38087741510947	195.00835589259546	332.6641065522163	480.93802143782995	204.33826170745874	288.4083541863475	1.41088885306209
90	279.66816585684705	142.5260940721735	228.00430633242132	446.3903072931529	106.54323303949312	161.24063560423977	-1.38309263996582
439	250.3569743399006	161.85730016251028	223.31010220374378	575.3815696675482	96.50851078631227	223.5752948612879	-1.41044611617154
574	295.46342583277044	160.663881185176	242.7744397819617	574.5099738092354	133.28707109428507	206.40549497680948	-1.41044611617154
257	411.8047526182209	260.37756866777465	319.6306864413074	705.1980594472543	192.4572157099912	365.3850867636644	-1.41044611617154
304	492.329906896481	309.6688902744421	419.6017802883746	721.2978565125787	279.22116706437674	374.44406438400875	1.38177329067604
124	406.7936909306873	246.75900658301302	343.83678958410087	720.9275862769726	176.5206223714989	353.8068064159363	-1.41044611617154
547	390.3925958622546	215.5500400963646	328.20685158788314	708.5902481168088	173.7165948954629	326.21346500323597	-1.41044611617154
356	461.6164304711095	345.0974233078479	414.52909716178505	627.785604657891	268.59466824087195	389.54227184131884	1.41088885306209
482	642.559618132074	429.0545095908366	483.0268898213402	858.3667135167464	362.18754850535595	542.1918045820452	-0.675262089199912
384	746.15767501162	516.2675290016964	634.9839988903584	913.9610455648685	485.67636907507807	635.408607659336	0.493150590278539
419	729.3765652458403	504.4455311163548	599.5232903219207	852.1726005813944	467.04003984756235	585.8210696741054	0.493150590278539
116	521.5533093094267	393.68740378381506	408.7212637953547	625.192301528862	326.82790553330847	431.6914653782286	-0.49901177664292
571	467.30752200794575	321.5671135787336	357.80742896271784	603.5524896715707	294.8199614429298	413.19074334651316	-0.848872488540578
603	700.3828298581786	482.84808229767685	575.564064860134	853.2885159524757	471.48877930558814	589.2522814781538	0.493150590278539
138	322.6006589410103	224.40739077918417	326.32760907567524	633.7681253534057	186.1160605561469	326.5572233893164	1.38177329067604
311	628.5096855064642	435.227775231594	533.4606212498585	768.5760291789821	406.3335344780891	561.0166138344956	0.843858212814768
140	568.7378768357756	354.37356152188033	450.78206039794065	800.3700224624749	329.7650615353287	506.36873675413995	-0.675262089199912
168	493.29806093766274	348.0547225597692	380.1981317000646	528.47525580839	347.21342092296493	446.77318155605866	-0.49901177664292
247	359.4035829829397	206.96630996887058	325.35764084853514	615.8001302797348	178.99526719768983	274.1561284380396	1.38177329067604
16	262.750066717468	154.8233435618688	223.50732222392142	426.9372032195716	87.27505101790142	153.30667603130354	-1.38309263996582
327	711.4667842471265	498.78786021472587	586.4152540051417	864.7664773852417	470.05893403656995	626.4550133413309	0.493150590278539
630	299.60349935349194	140.0949476232747	260.2619203353106	608.7520239051033	92.84018504242054	241.07000585269597	-1.41044611617154
558	559.9740365560808	384.7994033380383	438.3890054493787	801.7052216977112	334.455885150652	515.0394492103203	-0.848872488540578
40	516.9431321861599	363.2530771766887	397.5177818480512	715.4221959028725	338.03946245902875	535.7663147544093	-0.848872488540578
350	711.988044512266	459.36172552797115	566.5354747342914	832.0260972398256	458.48541102433325	588.5342072893167	0.843858212814768
262	640.098373569523	470.5487019464892	535.930781071534	773.099322956041	406.0695232170308	562.8140535580081	0.843858212814768
76	467.92664785037874	333.0352410385501	351.61998469989317	584.5597268598253	310.7654966339576	392.2358525702008	-0.848872488540578
590	597.8916421595891	439.0930673296675	500.03061955971475	642.7972678091004	463.96606740647667	562.7350940063507	0.68075478845144
179	562.739134862817	452.51321359144976	509.64937413544175	641.7717680896303	431.46540727134766	574.8285100453863	0.68075478845144
301	717.8756758948891	478.5490616699119	573.2533061699436	845.8033026446398	457.81782621282736	627.0343533841593	0.493150590278539
553	701.1041722210421	499.47996850549333	573.7084872314498	858.5237108315823	465.9581334588372	632.9176495167155	0.493150590278539
479	567.3032355285607	463.0993754644486	458.42988208940534	593.4098149628261	439.49651396141303	566.098487259581	0.68075478845144
429	245.28078229320903	121.34984475632905	191.56092067626082	548.7809482785968	72.26767273009409	179.74529758322146	-1.41044611617154
592	288.0342641821005	155.297559014191	231.2295873675846	612.1130141908419	97.0271855785364	256.5041574300808	-1.41044611617154
225	590.1144457054701	441.52824578324925	508.7493665750975	640.1750811139484	446.7545902118863	545.3013846401294	0.68075478845144
457	229.96175040631425	152.42091118932302	225.7832900023903	551.1841994466976	72.62964995969426	202.2918247641219	-1.41044611617154
317	459.22909686142975	333.8638067400989	440.99739384931934	651.7070993911134	333.1205024239368	444.94566843083584	1.0
267	252.7640823975799	177.69181423689068	215.87474656232052	570.4241090433793	100.42171606320412	238.90735785988429	-1.41044611617154
328	287.20931283494497	163.71833573765826	246.3209891322806	621.8735742574645	117.44653855100759	253.6008692455875	-1.41044611617154
154	716.8238377246249	512.5443841440193	578.8256624171925	896.3677899785503	454.7679581745857	616.1262926944944	0.843858212814768
131	521.562604939455	387.73397347336913	443.7668957345823	750.3750719168916	367.03207793695236	490.180219225754	1.0
584	597.4234181502305	418.9892982636552	440.6626897997307	815.5817575095854	351.9778075812053	530.6940160816766	-0.675262089199912
27	583.7222510632917	478.64054312690143	468.6893100090759	635.8967776933072	444.37002544452196	572.2285298676792	0.68075478845144
600	494.83712983619455	374.85733637201577	397.48562707561126	550.8656881137299	370.5561037239935	477.9550699504738	-0.49901177664292
523	363.59514956449505	282.4937054842515	320.436807767476	507.9612032260347	270.00298181351786	345.78231767519856	1.0
529	546.4166860256496	380.3776066905814	452.90264521348774	664.384573322978	346.3819469784132	470.6511341659686	0.843858212814768
38	481.626203362499	372.6298410401042	364.7838620924504	517.7211715602906	342.4851863992137	447.5137990726734	-0.49901177664292
45	344.9240321034465	222.55228226603302	313.64696548201545	648.8220017058895	178.0909300260608	343.827435221655	1.38177329067604
557	294.2986912811593	151.45776714036998	208.49228913143145	562.441426562624	81.8295326886861	209.602419701532	-1.41044611617154
349	443.8958927363904	342.3715841136323	401.2985191471404	599.6833120382838	320.19598087608773	380.96971955626003	1.0
346	285.2651709914235	157.3585407608135	212.9422350698343	556.1380729817819	93.12418024303689	185.940337868932	-1.41044611617154
489	612.9021024186551	402.5189280338829	455.36357488030194	840.2682186019613	352.2030297663415	495.2511966878445	-0.675262089199912
598	295.5669445630654	163.75092530574457	238.2025256963817	478.62557550262443	106.87142137682149	209.9557659101746	-1.38309263996582
263	308.18063287343057	165.10904513588505	224.19739410288912	571.8734340492072	111.82693491066891	220.46929763452508	-1.41044611617154
226	644.4960660928216	436.2029187582689	510.35820579246644	781.1701056254411	377.79371222237063	492.46278734871635	-0.49901177664292
321	724.4174574101049	475.487416232381	592.8877463747141	870.967050949581	472.09832286742864	587.6900646623197	0.68075478845144
629	279.68299479083674	149.559044272856	211.9330437006043	559.1420755888795	93.50556407299719	175.76570944267334	-1.41044611617154
126	658.4935336390542	467.2740141666004	547.615180204239	874.9978114347952	439.0466647328001	568.3558022940291	1.0
91	578.8899941181573	395.3915328970948	466.518845231169	873.6560982491479	320.611837146971	504.8948879468096	-0.848872488540578
265	408.7702053359317	261.66050352678764	332.06461542720746	525.3928451634848	247.635078762511	331.32943487435756	1.41088885306209
544	438.4536972739221	288.2058353482315	360.16285121378627	697.500298567199	256.3462830002309	409.9945427416331	1.38177329067604
459	383.7014255111282	269.60348310862486	391.2912262073616	718.2642523990273	244.65067086006817	380.1739522568958	1.38177329067604
621	653.736984394791	426.98711859508853	496.7560363726824	763.2553225066529	369.85509155561846	502.8274150618934	-0.49901177664292
266	670.9683079016162	429.6400558606651	527.9978537858069	786.8034944675472	371.608673414483	547.0634287298388	-0.49901177664292
217	581.949829040265	389.7201611844831	436.66707075703334	796.607609828713	333.85416595683347	467.5005023289859	-0.675262089199912
401	398.9283385468538	270.13406019730127	354.6962361733739	560.4225946882108	213.61739432800266	321.80436522047296	1.41088885306209
324	589.1149182589048	398.8855048145031	483.7912748310016	805.2271776585309	342.6176620256785	508.4408594114905	-0.675262089199912
417	291.08505016076714	165.07042424474096	240.50953365868833	471.05549054306	102.34023454674598	202.98823606023325	-1.38309263996582
308	645.2445745338287	478.64305692907516	518.1153055451199	717.1006633179039	460.05369836804886	586.7390290252644	0.68075478845144
445	575.3829859217121	453.7735645397961	475.45488065828465	605.4528786220031	435.3969230302268	528.5440741712349	0.68075478845144
458	721.919936353327	487.51947401290266	587.0645420626679	823.1898874349337	466.99876989536443	588.8325140455721	0.493150590278539
376	406.36410552111624	294.3690874202111	301.4238499437703	580.2018594693441	291.5168881468773	464.4406387558012	-0.848872488540578
371	716.264178847033	478.9495546298994	591.7092987706657	853.7980270022907	463.98855740433237	599.450270266717	0.493150590278539
312	482.79314998828204	363.0465804766045	354.86505535989653	521.6249615545146	338.96149433037556	464.59454999644987	-0.49901177664292
545	370.7213554630574	199.78940571879892	330.8050289953188	628.5477937728537	195.0105726485391	287.794374821593	1.38177329067604
504	455.6346559709179	347.4759831669658	360.25371469550237	606.281304930925	307.13024858553484	458.87450339541317	-0.848872488540578
404	470.1878407983514	338.9504001644025	355.793851148974	650.5128871876058	315.28210288141963	502.93095921077855	-0.848872488540578
246	609.8739381226077	404.28838127953037	508.4537050754846	765.1651970792518	404.63885401083354	514.1505431874691	0.843858212814768
420	286.9091467942956	161.47822869566977	233.2852577580669	455.88057248064575	93.88821016739402	208.16904138761086	-1.38309263996582
206	240.3797706671247	148.98828188390135	221.55164377025142	551.1404431695235	105.10492731654716	183.1278440712292	-1.41044611617154
231	424.60124692665755	255.05621144547345	388.7035582413898	684.2947193641235	230.8950913251408	324.5418679835179	1.38177329067604
546	400.76225889735707	264.85217564349153	381.8252793214853	586.6338078544104	231.7327052284471	342.67841208904775	1.41088885306209
490	635.0594134864571	430.65612677401015	494.47892611655305	876.3215779605681	368.005664382321	511.97259581109444	-0.675262089199912
25	226.5250713116805	110.96055536901561	178.89840022442127	528.6617873940188	81.49327099872984	166.18455940830927	-1.41044611617154
320	367.25584023309557	225.95016842821155	275.82229579195746	532.3408786038204	132.46215043311264	239.80514449359728	-1.38309263996582
62	755.2052847050737	522.828944115917	605.3145353197003	896.4678112432529	477.5254980505821	632.9734800811926	0.68075478845144
77	625.1712327413097	402.2737574760017	497.4231362202296	856.7940742670494	347.5066825848928	468.9971503507026	-0.675262089199912
455	628.3915515663876	423.79666857412053	480.04710328328275	748.5004541455049	351.4804217714081	469.86208745738537	-0.49901177664292
626	435.62998391790643	252.53775245773969	394.16998009515913	690.5897788754694	223.19522561265845	319.70249681988327	1.38177329067604
216	627.3466629278256	384.6012920667374	523.1638423479272	804.2095152091088	373.24938377858274	533.2820822305654	-0.49901177664292
438	732.590236697254	520.2498712619239	598.7419669957775	855.3907085382602	478.0037250358081	582.9815962534433	0.493150590278539
581	311.95031190166463	186.93983786567935	235.75726920632746	487.88898803042366	107.21797010699646	198.52548036580615	-1.38309263996582
47	547.1058005311064	388.2621041885022	431.2766119157842	669.0840396755144	353.3153365075903	470.05157627395505	-0.49901177664292
83	375.9386588779439	215.5565065586777	338.9274399046345	531.7225371328656	204.0653920762761	250.96042619508336	1.41088885306209
580	388.1231669210855	247.73855532346798	362.96337550326535	714.6371221738952	220.60245297776615	342.46424314946495	1.38177329067604
78	440.21619869215647	311.166107530754	370.83741536251836	660.0771283073828	235.43459202377832	339.0231249585209	1.38177329067604
391	635.3408552336539	464.29735423043377	540.0144307842331	723.8547960924908	459.9241053180529	563.4494609219945	0.68075478845144
585	341.72901158566253	206.71657030161236	360.0891121423564	596.9241897515859	194.19911291078347	277.608817963402	1.38177329067604
468	638.8438321110721	481.19612084271694	515.4229133043569	694.7669140573815	450.3516192810393	577.4460612421668	0.68075478845144
525	262.1063063327397	124.82289247416391	196.40092140354685	540.2735594773669	54.26865141983919	179.35236390162203	-1.41044611617154
333	698.4673876387247	470.69728720510057	572.8738799572736	842.9562428211584	455.25186527061425	582.065093453304	0.843858212814768
147	338.2377797221242	206.83121774732672	313.6266250698602	523.2818391601895	188.22287442979626	307.03477933731534	1.41088885306209
382	631.6234034296168	413.5334475141995	478.9182420554684	768.5953903174305	380.5813090356524	487.2351146856019	-0.49901177664292
306	556.9447892744772	399.84102033633775	403.95102903329	605.1517878236689	364.271487053572	463.9899196337009	-0.49901177664292
555	563.973573621147	456.94227274342467	480.90479451254066	599.6520264039192	433.80039850892246	521.489716561939	0.68075478845144
192	236.2495999809531	113.22020621168838	180.71315938065086	416.45860551729106	64.74861010748725	122.57873902666512	-1.38309263996582
594	614.6628717913046	392.4852968512027	466.7371636622711	826.2785053976392	352.41379316699124	508.7269459427433	-0.675262089199912
71	543.7826347186317	368.1774054941378	433.80775074239915	609.4660891096161	342.28040016894886	470.4008618180724	-0.49901177664292
209	579.0752095478701	466.1554520390485	479.5868403053789	626.4810909889544	444.28865165545943	562.5851690186545	0.68075478845144
286	491.7467331500024	381.01465361659973	386.7972830355625	514.7190667277408	350.1151491221283	484.8447427167065	-0.49901177664292
92	292.68694797359836	136.21022338971687	239.48119593300157	469.65201246616743	98.75714579238661	175.17125577740694	-1.38309263996582
63	717.4066461300038	485.9117895311878	581.5060864046302	866.3726866495267	456.7174531896937	623.6095679881431	0.493150590278539
101	267.33429540273204	160.85414358689394	222.61704302210538	615.3498068161119	89.85010392290943	212.18618162821843	-1.41044611617154
157	730.5827939611067	509.2731931962973	603.1935036660925	886.4622542930783	461.45172557593145	631.1001380224933	0.493150590278539
279	284.35723936245427	155.59259490520904	224.36506517667624	473.4792841447747	85.28351422121216	192.38531787560146	-1.38309263996582
579	584.0616999768125	368.57402951145855	458.57500104956995	808.6219488066645	341.5088193707076	469.10885656140823	-0.675262089199912
473	418.4767569076862	283.37381032746333	380.50488019285115	706.739448516796	225.77785659411538	372.6981813014318	1.38177329067604
182	715.2255028507104	506.65252260264674	590.1756170105381	864.1013978434805	468.54649568766354	614.1726620235712	0.493150590278539
240	568.4634725683558	395.6870943043201	456.8305139490641	827.9968411539035	327.47015671736403	458.63068180721285	-0.675262089199912
565	387.4188991238018	225.768517844816	332.76239150434924	551.0720230100015	186.50004001614246	288.76507552653464	1.41088885306209
128	592.8052857333953	402.0420372740357	504.2226895583191	868.9243469201365	365.5287617123966	565.2302472615231	-0.675262089199912
534	382.0159380967621	280.62105541237423	334.8699132783954	594.677397902336	270.93062074042086	422.3232616980386	1.0
233	582.6252435385175	443.7581186001648	493.3991864363214	614.6477509915562	446.81532589031394	586.4855734243824	0.68075478845144
450	725.8729524458238	503.60487428589624	592.1541633456682	861.843301607936	448.88974168100884	626.7765687903646	0.493150590278539
441	310.88103378066	233.17779496782302	262.2265429839463	473.3712307062911	189.65233096530284	324.37287831764604	-0.848872488540578
32	347.2679068149026	269.64436436527166	279.94873810694736	526.9573634622686	210.10536365751142	343.33537652681736	-0.848872488540578
537	537.3966057223695	388.1180930195114	457.96317844625014	705.1374029662109	336.2599024612533	443.88266831977194	0.843858212814768
160	353.42951245065666	229.4173977696574	335.90500174855754	490.6780427525373	195.9275828130178	275.87055844083113	1.41088885306209
200	257.33485282744635	147.7039202590194	208.75157854314472	590.7158212901747	74.338808039218	232.61106883746783	-1.41044611617154
395	427.60710253113115	245.91178752094896	365.0114137104456	658.5592580675772	236.5077318669894	333.7334298479346	1.38177329067604
163	631.9472972279902	457.97970519023346	513.035026679118	693.5414816371559	446.1374372603901	541.84831129168	0.68075478845144
305	716.3947504245389	493.52895741730686	589.7242714308054	855.1466044561588	482.7475789335605	614.1446130076372	0.493150590278539
541	383.3794392729612	264.5126005123838	346.8151389171316	684.6301041744513	186.5830598838114	343.07461023210743	1.38177329067604
13	589.0635567257713	387.77508521179277	482.8931535014809	703.8779846566188	368.05415991732053	461.05302164644166	0.843858212814768
299	285.1170872404913	136.75354481760428	214.14959055387132	561.9250943983564	84.46092514597693	190.40000833692116	-1.41044611617154
162	545.6781315819509	361.0030526688308	424.92119361499505	640.1597280265372	331.46912672360446	406.3434458201994	-0.49901177664292
106	629.4186612360817	446.77103938410886	535.0521247397946	772.8427314395299	382.76073614122726	513.0749662740459	0.843858212814768
51	384.5511670442119	213.68213062206073	355.7307645373494	692.5558825573163	179.65620633699072	326.02594345183024	1.38177329067604
161	490.1753982391021	359.82985724851034	381.8025677837981	659.8286398899944	308.7690828730518	493.45875956836295	-0.848872488540578
244	597.0010975352441	401.4647063286188	454.6919560138238	792.1664841920948	337.53334952624533	494.68902132624277	-0.675262089199912
415	636.0254114761434	416.8360930042908	527.8842482504965	777.8608969216182	407.166815911926	517.630822615659	0.843858212814768
502	582.2591754194431	455.5280314349226	479.4746956439872	639.8987617301376	457.1975686873447	578.462867690476	0.68075478845144
493	550.4352670063125	428.6107903044292	484.202923219309	566.5401612541835	427.3932673801907	517.098014166394	0.68075478845144
277	453.70922074815013	323.3617314154975	325.30930213963916	447.99337532139964	307.49644275144635	374.9919315812566	-0.49901177664292
447	331.94732427810226	242.32191341913878	261.20850413518457	493.20946034641116	215.86229108856378	339.84394956431123	-0.848872488540578
222	221.15105959264332	104.20275487332782	198.22326841889603	418.05599741430575	73.57147730319953	174.48241585282975	-1.38309263996582
52	728.9940317740483	496.9554364872186	598.7789738914805	877.5042937007211	460.24261072751875	608.4614910089479	0.493150590278539
464	314.82947753337425	146.03041846263577	267.59320773903755	506.91225744525417	132.21147231168652	207.5076049616586	-1.38309263996582
588	521.5919438530942	388.7272152703653	411.4649264981727	680.1919863803853	326.5810024320315	508.47480445978346	-0.848872488540578
599	584.2549429463999	386.50916256986227	464.1664200936747	819.1368489012698	363.0624089434683	484.8585697752245	-0.675262089199912
623	529.3207654729458	375.3973896290812	415.7017543778493	611.1051750283378	353.2946562745778	452.12933506736715	-0.49901177664292
59	580.7547352052216	381.74203934774187	455.4804843515995	843.5812040559674	331.1911719082205	470.96998421865527	-0.675262089199912
620	359.2145109480497	277.30514003088393	322.9554594509649	568.6952369072612	260.0466509506312	382.3428414952103	1.0
476	451.18483573240434	382.8747621318432	357.48443477443254	647.6291106465062	285.40715926898736	468.8800069927392	-0.848872488540578
122	255.46451409289614	132.14549395843218	208.91034810085014	417.92958465426227	89.64255954561735	168.53367706361078	-1.38309263996582
474	692.9191733635093	461.83839146727286	584.238248184678	856.0738650668458	446.80811091767555	605.2407649234386	0.843858212814768
440	293.54282592238553	126.9165276916593	271.7091363949481	635.3155870424084	105.28312698504493	254.5284015953443	-1.41044611617154
466	658.0253379846223	397.4801066538899	516.7656253291035	802.200630228299	380.2076162313271	560.0478118740137	-0.49901177664292
211	688.9671895228339	470.7534440047521	593.2861164696549	847.3375622370862	440.9857994480013	592.5587134445301	0.843858212814768
46	596.4751829428303	477.0899174502712	486.19823600860803	644.2362930937546	461.9493910444793	554.7372996494381	0.68075478845144
510	550.4103929276761	432.795109315253	466.3102286662516	578.177348185908	426.8582952724864	510.91478752796877	0.68075478845144
6	304.51890159038703	226.12078135799413	316.3073846533199	481.41989392140164	251.3770535086497	304.5612431402413	1.0
381	496.44239587411624	371.41699837051215	375.6339387066643	489.14465661274545	337.3359632005244	452.3574931074113	-0.49901177664292
23	252.91900791481865	121.3928514647065	205.15476630341578	572.7933033838948	61.228620466307426	227.87053475888675	-1.41044611617154
472	391.4580170459551	240.12153683582184	344.3883733282931	650.1005469948302	197.11919022186825	329.6744274079912	1.38177329067604
141	629.2800183586387	390.82134954793327	439.77381518021014	831.9022081539399	339.70137852421425	504.1779098829784	-0.675262089199912
618	389.82278602301795	211.70591675663226	363.82109823100666	646.4318528773538	210.20212671063445	278.8531517019613	1.38177329067604
615	294.2205189068842	173.93941055878244	250.40855578986248	494.55931279094796	117.79097220556145	212.51210088654256	-1.38309263996582
362	712.8977792078138	498.418724508059	588.7745208616893	863.4190761629766	455.0052109132029	575.2476329509395	0.843858212814768
374	594.6000082040122	376.4904687903975	471.4822692102268	822.8513299013223	333.57230770457494	493.64746847140026	-0.675262089199912
508	545.2025285175848	344.8987782164091	432.2196148197706	782.5627747160875	305.7854546584024	399.63273081283	-0.675262089199912
186	735.1870917569059	512.9670665917657	590.664657556868	848.6418172766919	466.82082808552036	591.5540414292706	0.493150590278539
369	257.8082021001716	115.3445681064507	221.00733610643184	429.81318507913824	74.0111449921076	129.3862026915045	-1.38309263996582
41	621.6840259444893	479.8072246358395	536.119479638974	658.1839635694317	466.8931258523841	571.296709162908	0.68075478845144
416	335.21731501409624	271.96977973949515	334.5009234054633	508.1736998900239	268.6497727540086	324.91922942448593	1.0
442	347.2811274575674	229.1157641424537	353.76579047221924	559.5223806278283	210.68874646903717	344.33451647918116	1.41088885306209
281	387.19462717206227	226.71477104755036	360.4836931177202	605.0704143054224	213.51653169181483	307.49314856001274	1.41088885306209
292	674.756112114099	475.046819085942	580.7415189879038	843.0609502379458	433.70213857850746	573.5131766267023	0.843858212814768
422	456.2192285817527	319.9720522885463	349.5146337907923	585.8594480633901	311.11637302135506	402.53873932980366	-0.848872488540578
400	468.0709260455412	342.902701742154	364.46858671750346	648.9168105137956	318.65459589433425	428.6601968376894	-0.848872488540578
300	390.7602829833796	227.1625620608321	322.42467291277194	569.4287566981076	163.2829765881236	291.1308762496564	1.41088885306209
314	691.4331722882508	495.26232890453423	592.4080481827195	844.931803684978	444.11024919202356	591.534430861902	0.843858212814768
342	254.9658456555185	131.3121460537044	216.17388018984667	445.5137717262101	69.95662448247751	148.9388803290902	-1.38309263996582
343	306.91640740347844	173.67029058738206	277.0201176614983	645.4856886528479	107.95721564342037	252.96945005943294	-1.41044611617154
427	443.87650071466885	289.2916448437669	388.7395237117546	664.2823699622909	246.2416964598103	326.94459300363394	1.38177329067604
75	617.3517015099899	440.40460190417065	517.4300737164118	846.7175236302169	410.01194817204913	585.9354803945392	1.0
366	731.4299187677032	466.1795549968646	612.4220646020003	847.2217592439405	475.39861632391643	594.8309259396718	0.493150590278539
37	213.79452249868524	106.77387984067009	221.37035265757592	424.89954428637617	73.81086157466035	146.78226697364272	-1.38309263996582
208	396.5713676895604	255.78356041528045	338.5173156260263	715.0611802851176	188.29897244851023	368.39797229844123	1.38177329067604
357	735.1178841449843	508.41080214646064	629.473214937593	892.9907523265775	469.4584451975931	600.2127775831034	0.493150590278539
434	614.8146708937007	468.80038086506175	497.0124014733892	648.8353687485167	465.1751603373652	577.2052961439108	0.68075478845144
389	723.060393579892	498.7006313791301	585.2648640531446	842.1363325275743	454.23939660439896	578.0602752905587	0.493150590278539
282	366.73045089240895	206.43927004652338	369.09193495015234	645.5775458881567	198.33285872868902	306.61542282454684	1.38177329067604
595	604.9859815954435	459.8524774244833	503.68348788220084	617.765809039516	441.7476581544759	560.2580209120794	0.68075478845144
522	256.4387066611595	141.67072622714875	213.6566527045867	460.53951876557323	84.936277794081	165.08810029039796	-1.38309263996582
250	377.55930968548495	270.4717887121559	358.9519787247093	561.1366648033304	211.27617239180603	282.6454835476027	1.41088885306209
309	390.7631635703788	238.00825013215413	344.3139252631863	561.7744373847823	199.04513953180577	305.6462095519223	1.41088885306209
485	558.3965312202471	386.3509939938577	430.79393140431796	773.0198275928158	328.48254514232434	529.3256458543906	-0.848872488540578
149	431.8470838974076	344.6549401178955	373.49634498807706	572.647284258671	310.8374076451579	406.7792564792501	1.0
481	489.0564154369369	359.9438480121617	347.92642233248455	680.886199307523	325.64235976099394	474.2919331728126	-0.848872488540578
611	723.1204214893444	514.947877803644	596.2105565708135	876.8022059837799	462.23237781501314	614.1850224943928	0.493150590278539
372	696.8660361686822	496.69070949227824	580.5758289082561	864.6151952536378	458.6704694563821	596.4483434960396	0.493150590278539
188	278.6532258001971	157.25164199383292	210.61376912363488	435.4252492770531	73.96181695966968	148.85513749094957	-1.38309263996582
495	362.7318975164089	219.64880001685302	358.18850026106145	574.8298424297715	182.7996145121905	286.81441772702544	1.41088885306209
453	575.8138140875801	379.0431617234154	438.2505812277188	801.317726573201	317.0794189322568	479.54363652061886	-0.675262089199912
307	459.72537730455474	350.10818258723737	378.0403551495518	688.6066974417471	293.1912280889222	483.65081985800055	-0.848872488540578
170	631.0453723100052	439.25721333898525	506.87654659857446	645.7351913358501	448.10395749056414	546.7228244680322	0.68075478845144
505	382.1620243678486	265.53454407013146	350.2907204436186	590.3342699269194	184.23634944085222	312.94063346190006	1.41088885306209
370	596.6645742534527	397.92015279765764	457.1253180663366	815.6189051523214	313.9940058276982	479.4074724455277	-0.675262089199912
542	627.4460528142384	416.55079079661243	531.8798374188108	794.6619553540314	392.33315755675716	552.10791199586	0.843858212814768
497	485.2951466252377	328.5690504964018	356.0805381698745	485.9056265675168	306.0080858004449	391.3694130945197	-0.49901177664292
563	263.32098397819175	136.17656407894043	202.19458041294868	561.9642157574482	60.64666734301848	150.7746212132759	-1.41044611617154
68	544.6427070109843	381.298679194193	422.1088489856199	649.0347322803084	321.5169386777846	425.6253391650923	-0.49901177664292
43	294.6636452771713	165.98058951795943	265.25467751837425	508.9220004173609	97.57754523962325	232.73985337843018	-1.38309263996582
20	599.3689980217723	409.81404664061955	481.9311010769394	871.6333418110963	327.81480267786526	522.0583103161329	-0.675262089199912
515	524.3295671969167	354.0849977539371	408.0737445930193	667.2862306081133	333.7594352605262	503.68684574495006	-0.848872488540578
633	307.23540626391747	165.2616628768009	268.4662827100495	485.16775014816716	122.62160511036602	186.53033950838392	-1.38309263996582
619	593.9956170475206	363.64460873632083	475.6822741682129	751.0121304792469	342.1922241997712	465.49109830095887	-0.49901177664292
575	322.88190743186055	158.79586147776624	279.7596402541823	507.51508536459994	136.03601614846994	220.69540880978434	-1.38309263996582
273	600.2077180893439	336.95296481800347	472.3760249562014	846.5005199007354	306.29719725920427	452.6972712044994	-0.848872488540578
351	629.5973882015735	410.7028134775524	519.6542860655188	897.0269530039012	353.2827072329074	535.8509116429855	-0.675262089199912
500	310.5227437215479	150.5410852886681	235.1716058118262	474.2513445713875	113.09622880312506	202.93982599742307	-1.38309263996582
280	435.03966871405225	260.22223957910296	389.5353258158746	693.4895678058681	237.33557672542912	313.1774790802934	1.38177329067604
583	742.662837049141	513.9532721006423	623.4628750347649	912.7138703776981	461.8634502106334	631.9336804937749	0.68075478845144
49	644.4893982112036	471.28799517586174	530.5280792063741	728.721334049362	452.6068474362215	610.9944481614594	0.68075478845144
394	411.0372762130135	327.41077777706863	367.67933745957157	582.3852613359	304.0215703717346	372.90153055869234	1.0
136	365.31083911183737	232.89236224645393	354.5742955418742	594.3665783046505	169.85581096357626	308.49199061867427	1.41088885306209
109	716.190336842904	464.95538883158565	578.6223230915351	843.1553199849099	443.3643840503762	585.663789774931	0.843858212814768
219	612.2150676977009	398.4164995155123	517.479065000793	772.3243723262921	385.0327631127885	488.2397868786935	0.843858212814768
173	269.3812915749409	112.22364260286442	210.79906554529808	581.413257042893	70.17672072934181	200.29177461404907	-1.41044611617154
69	614.9563740836862	395.4587259342076	449.57610481280796	837.0471786726404	330.02841646245435	492.28071421882476	-0.675262089199912
288	746.7355408561747	489.0291381873242	598.4531781130098	863.8566037563457	473.08384542780044	626.1386054929694	0.493150590278539
564	626.7620798217101	390.95294705616357	474.31919600332753	850.4649378849409	331.84185471900713	525.2073911688926	-0.675262089199912
405	358.81083701590643	211.47700179409475	331.0287092749603	614.5519606351097	192.53404021636933	298.0132620232945	1.38177329067604
80	380.56781734677224	213.48311275550915	351.48454461668024	608.2745300420929	188.45810605474182	320.5179233563444	1.41088885306209
461	265.1269342938784	155.05770208081557	189.85101218604345	436.89580485034344	61.41786988037501	154.19675387457565	-1.38309263996582
144	652.0653840792666	403.2204564517824	491.00551076470157	755.2066646521945	350.6835648283837	466.92873030146035	-0.49901177664292
205	427.80011437024723	261.4756647797242	377.63187022145866	687.6562540369488	234.3567479034453	356.1061397072338	1.38177329067604
313	265.2017195072115	166.08093772675252	249.7218857054308	481.1641258338949	94.87547819498006	205.07437321979546	-1.38309263996582
166	427.05130578381255	282.1433093201529	359.26672399996977	583.7173015339672	221.70740667202153	317.79304463909403	1.41088885306209
8	652.979347284757	410.7463053078939	514.4557661352761	878.603200259821	344.68663953778264	506.6360750517151	-0.675262089199912
255	400.78767532898667	253.53649841673553	357.1317690744708	719.8032406182206	196.49968577581583	370.0659554197633	1.38177329067604
258	385.3905776904492	250.2921670927185	334.43563813148785	595.334368403446	171.40997216318198	305.92645148830275	1.41088885306209
151	690.0991600939011	485.57895295954546	587.4876646935224	901.0320772636499	426.40314403000843	603.9322787647103	0.843858212814768
199	563.5552235920989	401.21440575416244	444.99309397131685	687.8634231874026	350.75380809783377	482.6800050253097	-0.49901177664292
587	279.42038879747685	148.08714988446428	236.3289268590442	627.0873405598936	77.31435027281532	202.84922627427014	-1.41044611617154
53	324.77257997574895	172.50799090852098	251.598737172383	496.476498133112	106.60265663220389	187.43389253490344	-1.38309263996582
252	748.4145626858881	513.1821498742418	609.2685337824399	895.9292955290147	464.7334187575002	595.1834343322336	0.493150590278539
99	582.7689402988896	380.05416157045187	461.1544427702201	845.6220156400678	335.02733840769497	492.72696374404575	-0.675262089199912
410	377.0262690956522	268.3633622661945	327.72328614536497	581.9860622904137	179.16488328197903	322.93130284233763	1.41088885306209
465	576.4701775409384	405.01379719939024	462.1081950459083	703.7745345628387	349.4081063912447	534.6821006655911	-0.49901177664292
437	486.1766490269317	380.4397193508462	375.11870808119284	560.9419214822548	327.78714164128223	450.7128120670405	-0.49901177664292
293	613.1448075684987	394.0761537242821	466.21972550513476	851.9778122374913	340.1280866819366	532.7033358675013	-0.675262089199912
105	448.2613032709895	317.79200336522575	334.8892977116355	611.3133110655074	289.4246694434579	448.4037710048082	-0.848872488540578
50	260.91340109900113	143.18847659510146	232.61250224447792	617.6715061005939	56.590990082544394	221.07197268426998	-1.41044611617154
572	432.56016546336195	235.2572540817961	357.7716844835849	661.3288745333607	242.86412329602948	369.5065828423505	1.38177329067604
591	624.2466805800523	395.5166186716763	481.95269888571255	791.9559918567348	365.0517598394805	489.41542213395127	-0.49901177664292
193	717.8261925895468	474.1478981247206	579.0456396535216	849.9687831821881	458.9989337984627	583.7913772528827	0.843858212814768
435	465.4223911613032	348.4376912803197	402.8580719867885	646.6550931713227	308.38441186055354	481.33524560721725	-0.848872488540578
260	266.8045085292366	118.66419557775573	210.31216775058036	447.67875674942707	76.32325411044744	129.16607569466507	-1.38309263996582
318	611.0155002183378	372.8653019720649	476.1559019414391	909.1967447781698	344.55139000858657	512.539141427385	-0.848872488540578
454	712.702542873159	497.97554790080005	586.4286073632478	850.7860072743157	449.08662282493486	576.4353950644971	0.493150590278539
624	494.9408459794045	386.9824099055643	384.57222713488	559.836306461522	329.22566856844645	456.68216400610015	-0.49901177664292
87	508.2426550599878	372.04382915338437	400.28234714323304	540.6498059431772	333.83834307208787	468.06663004875566	-0.49901177664292
601	459.46117076814795	371.4214641092815	385.71440321061937	657.7766921965014	309.39601018699307	487.5941076173601	-0.848872488540578
291	553.7031568769415	449.6832893427815	491.09602414037556	585.4214065048785	427.569940327851	512.3937396428139	0.68075478845144
111	251.21971422600757	118.82863036671961	233.51421336783693	607.392342771754	54.4924704064579	209.89778922845835	-1.41044611617154
302	562.5932500847572	389.48652951715957	447.869085618672	680.8602374191153	347.1570998367947	512.1884365870419	-0.49901177664292
19	611.468016463413	452.9877966227998	475.56713270986074	630.7271304494876	442.23910557079137	554.416584995724	0.68075478845144
287	569.8987578120966	361.56060825563156	471.6436274005733	727.193349386459	339.13200804178547	473.17610943976786	0.843858212814768
4	368.2451580741481	216.682186281148	339.09906148666107	579.1837476506497	189.3476165538766	275.30768165048875	1.41088885306209
66	275.37377251832993	138.5296923078412	223.4783649124565	472.29496716714186	76.98595768149883	152.85729431729808	-1.38309263996582
471	608.818561922798	451.8464783117968	479.6961168387298	660.1708270444809	452.97961815288227	527.9153572664752	0.68075478845144
289	349.35193736675006	223.11422987110072	325.95181706088306	548.5118894252204	193.20753730720594	309.20286189757195	1.41088885306209
213	625.7233474289573	417.28294604383194	517.5678887122803	801.0249394480442	354.2989645293748	519.7224882445993	-0.49901177664292
528	271.8204985473487	151.95545689349177	216.736862547511	460.41091754431153	74.0216941733329	179.67864993098294	-1.38309263996582
380	656.0439751171701	433.1976156916304	516.2770166995333	825.8343688983094	360.3123209571283	539.7991993918473	-0.49901177664292
428	500.31934051257895	346.77140163180604	384.32590203063563	652.9010929543211	305.52934976314526	448.10609565932555	-0.848872488540578
158	432.1357854075157	309.9773078932325	368.9330879698332	579.7899372429465	322.21589703972427	403.20806448751847	1.0
39	584.6248575863902	448.9702744807263	463.62882758019555	624.6129635771836	442.5526184108502	520.937558740407	0.68075478845144
36	713.6473664925343	482.36583627112964	579.1445392607047	841.9842685059959	460.95737103579836	561.5371967849446	0.493150590278539
156	431.1997360996401	310.89133087195995	338.7386945583485	564.1369185133055	283.4112003279646	402.3184774035325	-0.848872488540578
24	250.6430873198324	125.64914565919798	235.92265897605452	471.69362501872763	60.29753822212965	160.68227360870273	-1.38309263996582
108	592.889322170945	382.91297463321405	492.47314460987667	878.0161478257234	334.3048784350851	538.958350794616	-0.675262089199912
635	602.4080368336732	410.3851698219887	496.3525158775819	887.4426160121169	359.3065543046775	558.4550534957933	-0.675262089199912
152	367.3458099373864	232.7001080826514	337.4753349176742	535.6272920258278	211.2223989672433	276.9145970620713	1.41088885306209
377	391.8203944866104	287.43051549771707	352.27556278024934	561.4613339716001	269.23997637895445	385.9134443394703	1.0
559	640.8859328351928	443.0730067122625	534.7464041346601	765.2552130343718	403.6809491758845	535.5400148395036	0.843858212814768
451	481.69628418534575	358.4704581570548	343.29564945547804	514.8415543744578	317.97683501455714	418.11511194741655	-0.49901177664292
323	399.1608671242874	216.62309846248607	349.60239750476023	682.1610636375619	187.75882917839994	323.25704550376315	1.38177329067604
337	596.8755978013138	386.59710708281904	432.5713250439231	828.0837220001557	322.62391172334856	492.04518403181805	-0.675262089199912
484	547.2314691445565	348.0407361346291	471.1777492931806	693.2637993838193	329.73504775250046	447.02756455290637	0.843858212814768
411	382.58234735486496	275.7788168614819	288.72149929492934	512.3286402263849	252.99352612931213	389.71206317548484	-0.848872488540578
294	400.0698515867196	258.69646237937707	322.5038979351928	563.158317827035	177.74115324377374	280.7142222740466	1.41088885306209
345	500.749162488087	362.03732979397984	383.1931606511633	605.8990370372969	314.9151756624641	427.7792455901041	-0.848872488540578
202	271.35541670404115	126.33332914767782	214.98114723306153	563.0721666119306	76.74956284394963	144.35110939996534	-1.41044611617154
15	541.6289893234307	374.62050216635095	436.37549327364144	820.1034436592909	301.2318482916246	476.86358320894783	-0.848872488540578
332	703.7531115614223	482.7306561773556	570.0516344984699	876.7165985454773	428.1494413592093	611.1506061264922	0.843858212814768
268	553.8068191087741	348.4852960605699	443.18337099195725	804.9287755580019	304.7451136583386	408.98192055541983	-0.675262089199912
114	411.0743880098535	212.46724011144082	340.1793711455727	605.1489959014801	197.2697727110935	283.8794216686002	1.38177329067604
230	415.60489340275467	290.31938750210844	387.15507316886135	604.3438452933259	298.63520535834715	369.206753878952	1.0
264	511.426349227324	376.73034909398297	398.08476614902895	575.8652365321925	347.0853666983908	469.0552225925128	-0.49901177664292
355	249.0266055731195	131.6202810368397	215.82863653139066	453.48004042693475	54.06127882687465	148.3712412814447	-1.38309263996582
503	531.4868680794484	339.1247548751036	412.4947355150791	791.1616931997806	299.70790187703307	494.5436597512149	-0.848872488540578
322	611.0054305116504	450.41250146247086	487.2508704022962	670.2540999641164	442.31282215190697	576.0930867310486	0.68075478845144
112	691.0417979232002	499.90484580474595	558.8338723123242	850.0071299201788	432.84699974434443	587.0486123634569	0.843858212814768
593	377.64362976250425	219.8282182846182	346.77621706319195	624.0405521226432	184.1902085428091	290.558166440894	1.38177329067604
278	611.3108589635374	376.98002526080217	464.9529922821206	812.2618718376498	321.3866166962979	466.3717937992555	-0.675262089199912
218	584.6609524773729	375.7487794154898	480.99143992924405	734.1520435312144	374.62814377733093	480.55185654537297	0.843858212814768
347	697.0057355796745	489.18794820742494	580.1689754719115	884.4718441907909	451.4837445895665	612.6917897886453	0.493150590278539
259	182.3170877826539	78.59537966730089	157.46797981153352	512.9884062041941	60.55916107180376	116.89004610708997	-1.41044611617154
360	540.0770733522984	400.2135310991761	417.0198128481553	583.8426937215507	355.38220835559366	485.71849478819854	-0.49901177664292
228	727.3270132225125	498.0257430483916	579.53727545292	871.0531189228961	445.8045138751929	595.1556321358663	0.493150590278539
82	340.5438211476667	192.96289699288664	318.0004236213438	523.3291122294355	162.56928719003417	268.77311811968946	1.41088885306209
368	482.06720714831573	333.50772614770716	361.6133900086388	652.1171176524866	328.36703692273807	448.01707850813784	-0.848872488540578
18	491.9759685367747	370.20610277881343	419.1948066721948	584.5370440101938	335.77308517870927	490.143594228557	-0.49901177664292
74	376.62679572101064	287.2932408005579	363.6746101874017	567.012450956506	273.5449957636364	381.52591833781855	1.0
203	715.8876648120637	482.50171007896535	582.406537033428	831.1475581302976	438.25931095882385	579.3873775393612	0.493150590278539
610	723.7683256007219	511.7996615048676	599.0965277970841	873.3927241220667	445.69648047669403	625.6655129096299	0.493150590278539
115	328.79797002342764	218.80463121220978	312.93681185106607	586.7291513706136	170.38600277607895	291.9392641751502	1.38177329067604
10	360.2458498299951	229.24045921772984	351.1700554228612	702.3936921277462	184.3541327403835	331.0787777099092	1.38177329067604
418	363.04098006745863	233.7279143900874	323.95663104873057	516.9367128076364	208.3868729363064	311.1768014496507	1.41088885306209
608	262.7899674616601	125.31580769509647	213.22611802131283	571.5999662532856	59.06812958798615	156.23739527382313	-1.41044611617154
636	253.53143547796347	147.27115553249635	234.83281453431323	469.0755300446781	111.50026970946266	198.38067516697822	-1.38309263996582
107	746.510724462	491.9974331685762	599.4484931787167	906.3348975990675	456.0479153249601	626.798087373931	0.68075478845144
530	282.2569960152752	166.62739622278198	273.27869461456083	650.8909190136352	71.7008238625314	242.1380904672561	-1.41044611617154
532	725.2278187409476	499.1588298727201	578.5468732663239	872.0807817381427	458.9951117556113	601.8892914857059	0.843858212814768
631	271.4677351387494	167.1975936565594	237.2433999165985	639.67810086903	76.27501127642883	234.3280040816	-1.41044611617154
129	543.4619754606965	399.4479364240323	461.88719792667223	762.7516144783558	365.26999412914114	490.5062616502129	1.0
55	541.2890410036684	377.2016392181152	402.1413238024891	749.4405239838323	324.04607159889315	533.2069580950036	-0.848872488540578
538	513.789194501902	381.8378376769041	418.53627555988396	758.4349136587613	325.16275142645753	555.860584341702	-0.848872488540578
627	590.7629066681427	404.1652153694828	465.8516896771468	824.2354420467351	378.14100763103664	488.0376325274105	-0.675262089199912
407	667.2283224787659	480.53739200006686	587.9228111689469	852.4423810423843	439.6453597123858	586.7003660557294	0.843858212814768
215	373.15928543648386	230.9750934168749	371.26208681290376	661.3758612446939	199.11228893518864	333.06761086569065	1.38177329067604
175	470.81259450083655	347.13175371002933	367.85428927198154	630.779933994727	316.17319115175104	474.79155566972554	-0.848872488540578
197	511.9202124695431	360.26729660232604	402.0075170849781	646.1983237070804	294.5529667608135	400.68194071895323	-0.49901177664292
159	732.8931196704845	472.4492727065962	592.9890225268865	876.0026362808686	458.5702026201306	634.830465345344	0.493150590278539
550	598.1581233444366	391.77541112192455	471.0887903034347	833.2144729212246	341.1535501003026	477.1466203115317	-0.675262089199912
58	584.9426140175542	439.4458579397654	479.3452748150005	623.4995412983629	417.5216488897824	550.3789365047447	0.68075478845144
242	317.5084205002202	219.55967269285205	298.4571693777878	517.6631749510818	247.6887524675331	333.85102803339845	1.0
254	467.45453003785065	301.88318024689534	413.6826980506784	639.5424848065293	245.84994811490787	380.8571284330291	0.843858212814768
164	220.42638026186367	116.47345731434821	181.7161833524524	437.717544024636	73.25492348904724	131.84994539733466	-1.38309263996582
359	275.7064692477481	110.47343146791155	211.67018728996868	604.1989309950766	85.89917110350486	188.7141631240135	-1.41044611617154
551	627.8495951911362	410.38137310596545	502.33857946479947	791.1670082869954	370.74631365738094	540.3233208624184	-0.49901177664292
150	274.7231652121082	142.33026560211624	233.51301636684374	478.31550975821233	80.55561758265095	168.4788567285205	-1.38309263996582
364	660.9244532819304	473.4505427714019	532.4668687985983	741.0070837949979	435.7463047595846	586.5172218707904	0.68075478845144
331	695.2028938918285	496.86289720675126	590.2144971632576	866.4091127231062	442.0834851579031	579.0673186480235	0.843858212814768
139	480.29919668893507	327.75998703125845	352.8803885427003	594.2158593343737	297.19050779070386	429.9783613315359	-0.848872488540578
336	355.7858012422844	267.89898441327136	352.33219040331136	596.7157455662536	277.07527357440034	390.13460472153247	1.0
86	724.8273777616425	488.17504114164063	606.6071229186578	856.8096856736267	461.97189188008423	586.848491852049	0.493150590278539
487	390.7170247757479	251.47084139663954	324.73408321245495	669.7565481287061	192.7794693707941	362.78292268242853	1.38177329067604
270	368.00762249000087	265.3411366024522	348.6179369369471	516.8682405262539	266.9029155071152	347.26425887470856	1.0
130	721.8553235580416	503.8763199846228	585.9594424400813	853.7327538850268	456.4277781341325	584.4019891163186	0.493150590278539
81	601.6507557943496	413.2063768120044	482.38165732659354	610.3622239587377	445.6827419269402	518.5666829258752	0.68075478845144
513	700.4219287121806	500.05146576123514	576.8567257141003	822.2293288909245	442.53722492863847	585.674450944485	0.493150590278539
577	611.3901312100435	400.685652855028	444.1886869559601	811.3070857372583	318.6671886280501	457.49289912736094	-0.675262089199912
148	240.7917889540564	119.96422063788957	190.76716064441575	557.527547760403	56.97531646735072	192.68600737359367	-1.41044611617154
176	262.88967890859334	155.68671107859768	224.73461341351017	472.8250472671696	66.15850450898704	175.3949084313522	-1.38309263996582
94	578.6549163579105	346.7243022931084	443.90328691104776	824.7312485539996	316.6588804262194	468.4475769827766	-0.675262089199912
319	254.94688690381471	106.4085122028931	229.50853929356555	456.5534719912099	63.19868719978159	156.26896746005312	-1.38309263996582
408	633.1900081771623	405.73051598714693	504.16051562973786	885.8846650034569	360.9811974410003	513.2144730221466	-0.675262089199912
56	385.20948374462205	222.37617576167506	328.4402250042864	567.733026944653	188.9515160035703	263.9501996701639	1.41088885306209
637	287.98001549311067	133.49263985342407	251.0207868743111	488.32718284934515	94.28460128780387	164.20653330683933	-1.38309263996582
127	744.524603094462	523.5335554759737	601.392795081409	912.5435959505185	454.1384463841125	632.4429024904862	0.493150590278539
143	392.0619552106232	267.19846060414204	364.8930359623212	682.4164369127466	198.83695052657126	323.57830284748445	1.38177329067604
509	313.22879839368886	152.64700256318076	238.4001714807841	488.1889381955353	107.0327608312709	172.35173691670403	-1.38309263996582
386	578.6461540131186	356.05283852194407	471.18363821582045	915.1363046432731	320.1950524025416	523.9553154362281	-0.848872488540578
7	730.9790044814819	474.94510898039215	604.0010983868115	908.8769333476282	458.9741400747235	620.7118128969066	0.68075478845144
463	414.1453284772095	299.6995890596826	380.9669867277616	582.1047932685343	317.3327285351852	379.792011594869	1.0
17	488.16009004058805	333.2780114286236	359.7389425557861	631.2237916024033	293.43308753361634	418.16646601470325	-0.848872488540578
85	480.69198029108054	370.04966979333864	341.06819010086207	709.864189872345	318.34233343811013	466.12892866964097	-0.848872488540578
72	485.29487691569506	358.86561167143117	405.94560599484316	698.5216922640067	314.772000972937	505.5225195988509	-0.848872488540578
33	598.9576679142507	391.3318930513909	485.02334856222643	874.9235525560608	342.651314590138	484.60421082046895	-0.675262089199912
634	387.34590136848345	209.41590347074023	330.3477405346125	571.7328442350127	172.35325655807722	275.58191821876153	1.41088885306209
93	565.3114331282005	369.86277511782794	436.94652847176326	840.3783498504464	310.74990245283226	479.0927404742079	-0.675262089199912
185	572.3284607374632	454.2444690077705	509.72964605336574	660.814179031588	437.47503616564586	549.1455316038565	0.68075478845144
181	364.9127539410639	272.7580358842276	320.0681204063434	576.1099753033446	263.8183368724231	396.19403640205087	1.0
235	728.99009269728	493.85369612562243	582.7206277172688	864.6420006669879	456.607023289022	590.5377532117395	0.493150590278539
28	320.7527997443701	237.91362643249212	262.0403427806402	540.4679464481989	243.0539035814969	369.25056074481006	1.0
469	368.74705494027995	204.7812413403951	307.42628519328633	544.4631161668029	180.13609194529536	239.18015442477807	1.41088885306209
339	433.9379976926413	328.90980496947606	333.1532721942786	604.8125210902924	306.70300013055305	432.1380046920857	-0.848872488540578
1	384.0077407888616	249.28009041043217	373.5918756436614	693.3858823403806	200.40053971427463	338.31342106705085	1.38177329067604
354	509.10311697548946	342.69267005515695	364.8822826772514	588.7024042531627	327.2518732983798	431.0470599038073	-0.49901177664292
573	361.0523105441056	262.51783592556063	325.72866476673687	596.1942414943435	274.27607182296606	377.18057550789183	1.0
365	634.3918973703351	443.18623787659305	493.90526085188037	625.8552650779537	431.4075476400388	565.9080746287208	0.68075478845144
496	478.00224456789306	341.8053750897762	370.60098634501173	490.2308306896022	346.3644309554478	449.90436570178304	-0.49901177664292
423	309.8997630163342	224.47747961210683	293.68884500205746	489.56483046563017	229.2818118168497	301.1658619195426	1.0
516	380.34042864632863	278.7085138276298	353.2788102398296	571.9106675161928	179.77715451990426	302.01010119210565	1.41088885306209
549	313.44529679529523	229.4820023051197	304.4444065462625	485.90878078613207	232.8962925597478	294.58297763798174	1.0
373	223.86953532175573	139.59021984649797	202.05063234078744	432.438801609256	68.28091223661414	125.94123746445153	-1.38309263996582
492	240.66442191260438	109.35834678774836	192.00368878224626	435.81703877876765	66.98783417772455	129.74764026824022	-1.38309263996582
57	540.3411679994665	341.09282892670996	407.3612357952693	748.783468186691	315.1676014292355	485.46077799764504	-0.675262089199912
436	551.6207479233381	412.5228705744444	451.1385376947046	620.3074028946354	402.42063910565105	528.8975638332057	0.68075478845144
210	510.4190041055799	335.99101030730105	403.5071530973339	720.8862761951352	287.39709846021157	401.516944168221	-0.675262089199912
531	424.3559068589542	322.030118440212	328.9160956847322	591.3594236109589	282.9802930201793	404.6355982047583	-0.848872488540578
132	222.31153998835796	111.20353397961432	179.57234229400325	394.6335362759454	73.02092471475467	138.6180420316432	-1.38309263996582
524	533.4843951905899	349.53253211583694	402.6844050840156	722.621757694632	289.2612801402097	393.98273625510916	-0.675262089199912
392	378.7290294610189	293.75043463044335	360.82874966842934	559.911872528379	287.11023535187024	347.24182310748995	1.0
5	184.06896948252466	106.81310185779803	166.76397195375174	363.15414731978893	62.65742256228878	133.42997044811045	-1.38309263996582
275	253.34368511553143	138.66991267167884	216.61282580122074	528.4519659547009	96.80581159856646	171.8703329767468	-1.41044611617154
596	546.5390400200793	353.0151703885145	439.4633648719038	773.985061398676	318.7007224970773	435.23510266799974	-0.675262089199912
361	638.3055476569474	435.5838233642215	507.99739051024653	766.8576414771354	392.70044725088127	551.8038747037255	0.843858212814768
352	629.1561250896796	429.10098016030224	504.4347260154316	758.0295619967326	397.8349784777218	539.7286205257418	0.843858212814768
526	435.34262407098885	338.29982714945464	343.43979180395553	492.86445934944265	285.272647146334	365.15391826611676	-0.49901177664292
414	302.73583999350774	220.95693230738593	280.903119374338	475.39481878329383	160.41805770521532	269.93843243227155	1.41088885306209
237	569.338046934112	408.72462692846693	470.2486567365132	692.2516215934431	382.9833250138609	474.7061865279505	0.843858212814768
204	335.72220087668785	223.63249382007803	280.1205959141492	468.0829836380614	198.09684231789637	279.74623518844646	1.41088885306209
12	500.63551902194297	381.9618218857373	414.6400647989906	533.399573870615	399.5293603407506	501.0103197609311	0.68075478845144
232	426.80904222917286	310.7103629785472	317.3648542010592	473.0030552723524	295.01515672926985	381.55496263889137	-0.49901177664292
514	287.78754925794146	242.07004990633155	280.0028774758992	484.0906629425766	217.73879746992964	307.4042868124685	1.0
172	453.2244056337045	316.1691281642586	389.94046059594405	576.3741771388048	272.13918439143526	376.1433981536252	0.843858212814768
174	268.0716890447207	209.37983782962493	184.4671479391136	394.2540328535758	155.5154965703206	271.936417948886	-0.848872488540578
403	346.45722595242637	274.90758888759956	259.66786035991663	499.0516250558959	227.35491565968104	363.43963972465133	-0.848872488540578
315	218.5038693179068	107.12481537392897	183.40057329583922	397.49456195310813	63.50547280817546	160.2165388101237	-1.38309263996582
44	327.5469084965032	226.2960368073853	293.81639382470706	479.88272273010125	171.80895582826471	253.59749229767203	1.41088885306209
480	639.6134062679346	449.00356747272195	544.1547427224549	801.0410816414492	414.47939466829547	545.50389096288	0.493150590278539
30	208.53723405915062	105.76975801766514	168.18897662712678	367.5021915579342	63.601219499671615	119.77839714302048	-1.38309263996582
501	619.3459691301571	415.2632697792332	486.795883787862	747.6842085161277	394.1952087607247	506.9007316179675	0.843858212814768
379	217.6852961668611	97.24164245439987	184.75607826029994	375.61299996730367	61.61460546276791	119.16835741459101	-1.38309263996582
578	617.4815243217384	423.92603261645434	526.5669849338377	771.3087066067723	392.65396052641177	561.5532664880744	0.843858212814768
533	222.78203641980042	117.69325051895112	183.6547141549499	401.31230568277294	51.89738230225551	164.04231682306977	-1.38309263996582
167	322.098143642828	202.54105472649536	306.119261876052	605.5369053086777	165.7454339540619	300.1668607090334	1.38177329067604
110	528.2786425813262	333.78811173155987	415.4488956590544	765.0779150841356	300.7428764816127	446.91012028211236	-0.675262089199912
520	328.69708302272636	189.58978691380364	288.9965377116876	547.1261636852123	195.98549195450443	251.19596565853996	1.38177329067604
449	448.4018202209259	334.8731301743328	392.57943328748985	689.5417885456359	325.3097579983915	468.9431414967101	1.0
88	592.370922952483	407.93875915508414	504.94102963869227	730.2129025353248	383.292599059794	501.8569332869847	0.843858212814768
383	351.0397369526703	195.14076190773707	292.99600664519494	555.107450252988	181.53169342076148	247.0982521911706	1.38177329067604
561	223.15112155297473	109.72191611229628	201.41813580044666	524.7291216108044	77.44434441745372	167.54092101997995	-1.41044611617154
375	535.542297870528	333.6727157427969	402.3287465454599	663.9539012912294	273.1123737099098	391.8065475813603	-0.49901177664292
177	319.3782504456892	190.5571017371608	291.6182468109387	592.6629431104178	161.30884021123322	292.22621038796484	1.38177329067604
424	236.25356865254548	99.28436892376453	174.86563366478026	483.8767123443084	66.06930653797454	165.5300205727457	-1.41044611617154
413	280.39448381187276	132.38162843039171	221.78114500686283	538.2123130211439	119.8047921223826	199.02091378001762	-1.41044611617154
248	641.9381954528784	425.4482453757028	538.2663383193075	774.8734993250432	419.0015450619035	538.9169402370957	0.493150590278539
491	298.49307615549617	187.80043359475064	301.5291774924189	541.6605650076565	165.84329635368337	256.0417698074613	1.38177329067604
35	491.2865526978991	285.22526741637904	399.2911237530124	725.6566852456482	271.30073663737124	371.11088714206954	-0.848872488540578
402	506.6789592698794	382.11337927853697	451.4999110090912	765.3252629353092	367.27918367038023	512.8723597627003	1.0
517	338.5984591363414	194.68191780122467	311.8691197947652	613.4223360813976	159.93355097815322	295.56857491411085	1.38177329067604
511	229.34221886711506	140.24168597275036	193.29153090282813	513.5602285967964	54.75254956669849	199.703562894325	-1.41044611617154
290	662.2740243652029	432.67321460456145	515.1989644666584	781.2696441032243	413.0878104758911	534.6268192898816	0.68075478845144
310	425.89298628104217	311.4941484229738	391.03559857190794	612.5313851573276	302.03576622385935	399.1624547083301	1.0
194	624.6328504598339	420.0667104038341	521.563178244044	759.5724882021243	409.84921530046216	513.3256674179369	0.493150590278539
519	205.05175904830134	87.6027572723305	171.05541639998316	366.3833885277455	42.13625434520326	99.93899628771511	-1.38309263996582
607	575.5575192549236	348.9994345589723	418.745293840982	706.5291302568303	333.8242224975202	461.03534968857275	-0.49901177664292
512	638.1059088988891	439.8123407175619	507.3516502959317	774.801078360668	406.20147753939654	551.9390060782628	0.493150590278539
340	344.6697057503718	246.1367648724863	309.26372089356033	509.20632403980545	247.99626786953417	315.78679139390107	1.0
123	616.0285878713286	429.9647735867279	525.8406724999572	765.4229963975658	402.83864143364826	536.7142663088962	0.493150590278539
303	610.0990223850328	426.0945967421546	489.69917523593176	736.8928508936552	405.3446215209247	534.3813647229007	0.493150590278539
190	236.96973228413268	115.51102460414877	176.66313494064286	519.6210287974553	62.02298243840603	193.6278552687116	-1.41044611617154
102	342.182240127873	215.50182646822398	293.91273417200955	568.3597032794745	181.4588186553255	264.0176527793078	1.38177329067604
569	197.65359510545574	92.62588651997501	152.1744386459003	477.594319877166	35.45710460424413	160.1322831808792	-1.41044611617154
426	319.6018619582095	207.8578929816247	304.32126278891894	597.3504782646954	169.40952085242895	315.31319542192097	1.38177329067604
613	556.1740259248936	345.09598615222984	426.13728086273665	676.9520136672477	343.3532378339823	440.5802427887544	-0.49901177664292
296	543.8627117660766	385.1556398445266	429.8137154173879	575.2811875077139	391.36473187917926	471.901995695989	0.68075478845144
470	332.18232607277974	187.5077181437244	289.74478627410855	577.4317754811894	177.54157012943972	280.3543486950123	1.38177329067604
224	324.9186079380134	240.95282181055376	282.9356947686182	479.5484906167647	223.62140620975157	294.8970116273152	1.0
236	592.6029149280191	402.4134953910014	493.7107340525397	747.1522170195539	385.3862231091445	532.6866885203327	0.843858212814768
353	432.6391397548433	325.26312917746924	313.15679851272404	457.5138748060185	310.94279860481936	369.5598205951161	-0.49901177664292
238	339.6534943621762	238.56051339537365	294.517676983333	507.32703918060054	165.0716951819801	271.63217167584173	1.41088885306209
566	219.2303136489862	111.17753847232248	162.94055256541742	382.2635507529187	50.43296880211965	127.31196098507233	-1.38309263996582
632	610.5888284026614	437.3924094265561	511.4900872818914	771.6623361705093	394.28838251078463	557.9724889618223	0.843858212814768
448	511.67335248200413	407.03394773887607	403.67890085235683	547.6898228727562	387.76578776794236	499.05126096018824	0.68075478845144
227	168.0945121641047	94.6345911230591	173.07257708042812	475.0173547651929	43.10693631675301	163.5944673629107	-1.41044611617154
540	617.4892409801777	417.91625292533297	509.8046154011396	734.6781358528251	402.93654407583216	502.0997744363462	0.493150590278539
625	560.5932247471593	410.5994386159548	427.48822332687917	585.1072438165593	402.12538038900607	499.5658898045418	0.68075478845144
432	382.53638637304624	272.30945727637913	291.3131774570401	520.0111273457907	274.89737048800777	390.7660682295969	-0.848872488540578
221	324.65263263799943	212.4626046086123	273.5780254569259	490.9463991227848	168.55638248969402	255.36743349344079	1.41088885306209
390	477.4741201118471	346.89472347031284	367.3554454774936	528.3860402894995	310.18608297119687	417.07566850704194	-0.49901177664292
9	334.90462166051213	271.22217358680086	300.8656782534077	538.7121599508822	245.67182822649553	359.51231143205086	1.0
554	175.23601896465684	100.70458142051382	181.45805652993167	500.4778384004058	70.27108671734337	195.4960123546744	-1.41044611617154
26	221.6706890411009	114.73849444223082	174.3364561381485	386.41816600570144	49.4791282123826	140.17543180144966	-1.38309263996582
22	343.6946623229284	203.3465385963692	288.0874274032414	472.5305482206255	196.11360856918847	238.39900698659451	1.41088885306209
31	351.5336161340501	240.53326942844484	333.88710692331654	640.365918478835	183.13516878854628	341.81401581645116	1.38177329067604
325	634.7014560551166	436.1672260974854	519.8374548512528	764.9086816813888	418.15249487699316	526.4768696758445	0.68075478845144
104	606.9747970972913	420.715871428763	499.3345154036226	741.7606625331384	396.1218179524226	516.4279214014704	0.843858212814768
605	427.45129574042954	317.31601903380397	332.0789261255752	590.1450561077684	272.1274079147067	415.7591461211096	-0.848872488540578
234	338.2002920421345	232.22294246906384	307.0664698234657	517.7555123524842	179.12777907524185	276.9839649814873	1.41088885306209
272	225.13041100526766	127.88456758692828	193.4294486384183	516.4594328763038	71.46239082659521	189.52853513882835	-1.41044611617154
456	548.197926199213	334.03901230908014	389.9953850200416	746.5865832345851	300.57263820339847	453.0457980512403	-0.675262089199912
2	558.1840832665873	412.61536689731474	455.65350447114633	592.241778239354	390.26928378547126	475.38318832211013	0.68075478845144
622	180.6235000540879	111.78668039584076	169.231222994345	369.3655230705909	59.863001762696435	119.40677971488283	-1.38309263996582
443	534.0319141924393	366.7388351467957	413.24634830880166	701.5970299187906	312.05177236207487	415.0212722707342	-0.49901177664292
399	525.3285686845825	349.97383248909455	416.24478092626833	687.6306526190771	298.6507146123618	418.5642999368358	-0.49901177664292
29	325.0492725223344	189.12729996387304	300.9201949916919	532.0764032144833	185.60683854351515	275.7363304427619	1.41088885306209
499	629.2100197576832	441.74069982242156	530.0254768977668	753.0949968994823	387.78563122494705	532.4919603702924	0.843858212814768
96	310.15932200055295	197.57236433999435	290.5441389413194	622.8188918423533	162.68097145231215	305.090276987171	1.38177329067604
214	322.64192621631526	172.2307237464812	314.5994094784025	561.069556452693	162.7528826219625	261.69559384086057	1.38177329067604
388	238.26460859924453	128.49751839557806	188.7899132953961	392.8477241931769	63.17402193385866	120.3525175266493	-1.38309263996582
483	673.5314667312258	476.780478466146	561.4997168281667	817.6583001992009	423.10879086477934	582.6930056489532	0.493150590278539
460	620.1103080449086	421.9527321958139	517.2367483144664	754.56525624417	397.6451913840586	528.4579274701395	0.843858212814768
507	504.39495370514595	333.131952215664	440.25265007772435	667.9420288168544	330.45496600575103	429.6780003110174	0.843858212814768
120	215.01678677299924	85.70909483531555	173.16671577863366	371.03098350516	51.128427527750254	127.97055493721517	-1.38309263996582
261	619.2224036655111	416.2901717705838	524.5328274082663	747.4969396583666	407.00760752261033	508.9922595614312	0.843858212814768
64	315.16480713780595	208.1667389244305	297.5640714584392	499.2562761447245	173.3716785022799	270.71509198991293	1.41088885306209
582	346.3961247352962	264.5704212849681	299.4938441449218	525.1075763340082	245.6366793722257	361.0557528844897	1.0
137	529.5613002899187	339.9215499662322	432.92544443951044	659.0321868081587	345.6859093546191	434.983154660655	0.843858212814768
