InstanceID	N1	N2	X1	N3	X2	N4	Class
376	856.15705384266	887.7678873042396	3547.5195709524537	948.4843026494989	2472.4453027403456	1028.1454471152722	19.0
179	897.0194409236775	897.820455729581	3558.8026341979503	939.2470470014273	2503.4873902335585	952.4495239445362	12.0
354	954.654084824373	983.2872201228237	3528.4676210733937	988.8578083314725	2508.574892669913	1012.2309161569092	11.0
385	635.9786237224879	541.1160232983276	2814.044240918362	534.6520898510255	1776.6449496484574	788.4646978694424	20.0
173	653.7349823529844	672.0616755778957	2593.992360815056	701.6427120041251	1854.0864129460565	736.6149500628418	16.0
404	532.5714961600561	506.2741544429541	2872.1436436789745	509.8063623719881	1720.7433131874352	723.2688192621428	24.0
355	744.1028892140171	709.3783491013705	3205.579485111244	668.6745430341152	2156.131128827957	823.035800669174	18.0
38	583.733772439514	507.2001297664304	2947.483888743234	541.7736677100501	2067.178090595535	761.7216697560759	23.0
174	437.5611156510214	287.8287732246898	2598.4473486895045	416.195405290536	1477.9915961714546	546.6675617817822	24.0
378	604.3589646802052	657.4348458726246	2311.2697564386112	653.3157020937886	1531.0735751167174	659.4844951740916	18.0
481	718.9017021721284	777.9086864107037	3167.567448698371	857.7592449767342	2342.327633808839	835.9402345059707	15.0
251	312.36902678268603	280.5951712504178	1795.7033746010468	282.9842671983887	1298.9928756228367	358.77339610084636	41.0
496	389.07558677308816	427.40829605848916	2567.8787056638303	443.55750151586926	1834.3681691316585	418.1237978772526	33.0
111	330.0504171172886	318.368982763759	1781.7654836637728	218.42939176294897	1211.8022765781373	330.2532389074678	41.0
80	773.2852336006226	757.1842243776991	2725.6542785338156	840.764585998217	1970.2307572413313	818.5653613600431	11.0
63	302.0512500423065	360.3983632782748	1976.0751700871047	320.82059985232905	1460.580781992358	399.7342563711917	41.0
208	380.7725351295346	413.71544266923036	2112.549260047852	376.01896819944216	1625.3300926540828	387.6003402860172	39.0
167	823.9181194661695	911.2380019576618	3109.666706538943	837.8813480659476	2287.5258219450875	861.3023935216594	3.0
393	955.8552755085057	1008.618217321844	3535.29670112481	966.1804072434146	2457.4653689508355	1021.3881889712287	8.0
71	494.4656655320275	432.19524941077464	2017.7635121466678	406.33302783160343	1144.3038754286208	562.0741690531045	34.0
47	394.0023036576341	547.9712173195516	2204.8108706709745	510.9678300028225	1823.137732310318	621.9372887639995	30.0
227	823.5181683877327	813.73975084285	3267.0297198169774	838.1457172144648	2422.5531350955357	973.3150454980482	19.0
166	613.4766955431554	593.1995516549014	2855.863325452758	566.9125750266554	1945.5455071772142	807.4277777273021	26.0
243	373.9689279951628	352.62062657138733	1609.9620672559179	324.7580508472311	815.3805674523268	463.07373272350657	30.0
486	466.5559107622607	371.3019962622888	1943.2115303213632	418.7608108156337	1053.762265178434	570.0550962704958	32.0
78	722.8154506707881	728.0813401687426	3198.238587479684	781.4706149519048	2392.7394582791894	955.4001822852628	19.0
123	750.7221419773231	683.7550876780069	2910.9219202325635	787.4439341424373	2093.4351093731752	855.0856865524844	9.0
335	208.8437355979383	162.4294702647619	1491.3384761143104	223.40745300893832	1075.7954743534472	242.43771442230556	43.0
420	902.517517647583	964.0656940471403	3581.817832946638	968.4170828206888	2486.1364539435403	1109.39364264646	12.0
98	875.2365810524361	837.5061889025496	3416.891253816931	933.362181689133	2442.659109319793	1000.0606548442423	11.0
408	716.5880459385962	731.8345394866243	2745.815989738087	656.6336768780335	1788.047216095119	836.035560848806	18.0
226	609.1764831202291	609.5619413226118	3017.859892411765	647.1585721651467	2153.7713377464042	851.3336451496125	21.0
350	520.8822221073041	556.5168042532888	2393.2553860288767	558.1322587537693	1466.7350630406172	718.6276747446758	21.0
406	266.7103209733404	224.96581455964045	1852.140835302474	279.47511874479574	1315.8521573712696	302.39111296780925	37.0
323	481.4186931543124	371.47064705242684	1869.2212554092898	354.1294924693199	1000.8515086845341	549.5211229177025	32.0
62	346.35661667970726	276.1103045218226	1816.55441147747	364.3680456302572	1224.5687165143108	311.06125951457545	39.0
184	886.4280274653064	942.003758401596	3391.397162717251	890.8870575100956	2384.0510862413576	1056.6246741269429	11.0
165	536.7787872194914	556.3587105721393	2756.51655006235	596.3862227853876	2046.0401602263555	611.6150574521197	28.0
200	434.79731686592555	519.6253187995607	2541.015100312081	465.28659813745503	1533.5969571619414	494.285103841809	29.0
67	685.804606658493	647.6107995096934	3087.255047060483	720.8574653021574	2188.222431547999	926.6697686502611	24.0
158	736.3864305350911	771.5179264687994	3162.228818020252	867.8802973120828	2373.5139333405155	1035.2970435287189	12.0
368	244.15211136700117	206.5804418504597	1605.759088530597	284.6505504030469	1173.5254352723825	276.01965224824454	42.0
135	821.3575142102032	655.7799853366954	3066.937763629303	866.6133087632937	2138.2137915853264	919.3867067138998	6.0
267	669.032721402629	720.8433378323525	2519.560822912554	713.9871779425281	1743.9356507641787	825.1109056856658	17.0
358	293.7081392051411	196.70681582750365	1694.0759868159585	261.08030883240014	1035.8320274789376	378.17856728725667	38.0
89	623.0127111570278	783.7511438537334	2505.194261508314	698.7210305428906	1908.4964888767072	830.4671707724789	17.0
59	638.2846340922716	607.981852034016	2961.1409774778576	705.88091308743	2144.4896287104393	843.3648727659415	24.0
431	462.871656842982	490.1817785466591	2664.37729507368	574.0529568093107	2062.3912949638825	693.8626673680566	27.0
214	807.5323715468148	836.1332703116126	3252.958223455854	737.7651707006014	2212.1772135651727	959.1984747965332	18.0
487	432.65302507917727	540.2375588617163	2508.628497521119	494.16862473972424	1936.4510415911789	660.0305176320877	30.0
454	602.7170335970043	585.6342366079336	2959.934689188969	568.0448824186872	1837.322842017491	805.3748807225021	25.0
121	431.7162396310004	457.8956400360168	2340.54166426639	328.641106799299	1415.2945903090408	532.4795992623359	32.0
77	402.45204041757694	322.0990111178791	1870.4372961395989	370.76265814172626	1213.406112305305	389.6099427039211	39.0
336	314.8009274373895	247.737397823078	1716.9899087197075	313.47867789134335	1296.4219253706406	311.011439723354	43.0
326	673.4982695676663	693.119579126612	2826.2272671195587	738.9564667555957	2210.536446356105	941.0759862498177	22.0
315	611.5994583671476	789.7058364331376	2610.8038465972368	672.8407548942215	2042.6701319348253	802.9744511310814	23.0
41	902.2009766317178	820.1839952073535	3422.6693217422094	892.9845434865186	2367.4852485400124	1063.3180991568022	12.0
73	246.79336989790966	189.37994892010738	1437.6256459218828	188.3083838162036	1070.2104149747743	249.31217740094147	44.0
396	383.6357557417644	320.48683145903334	2306.312953060835	373.24847331926713	1537.916559622208	617.8698621455486	37.0
239	923.5613635546925	974.1552739884522	3229.2492388740475	984.365498167699	2373.6187455316076	1119.2772043962264	3.0
320	803.5619052935722	745.01085089176	3227.190152928153	742.0170718996005	2233.001640252455	936.9648287190121	22.0
407	341.75745785243475	330.77595885365463	2030.578249532707	310.96008179815146	1490.7945861230678	362.02394644973106	38.0
238	683.8368015857943	695.4126827774528	2516.119307403169	766.6550922111924	1846.2960842329985	829.0689867480536	12.0
430	329.8327778947868	342.5123722644485	2383.2802259137984	407.47711189748344	1750.5342653337523	498.4838074449519	34.0
330	580.7674057468372	504.8436855126191	2668.380905404871	537.017566564395	2015.1875541034246	656.8306676032444	29.0
31	810.2682533537995	805.1603399739597	2830.5035346018685	822.2941515682716	1951.8624461992613	688.5534788585599	8.0
478	681.2042067134137	806.2231288516995	2670.8820128395732	793.9818448454268	1878.0157669683122	862.8688335123167	16.0
39	441.0980462978917	542.2668451587737	2192.1299671215556	508.14274436648753	1842.9853035681626	651.9962282333424	24.0
192	302.11865070481474	271.7780296521264	2278.5008386661398	373.3419712750526	1509.7551604429325	551.7350055442816	34.0
462	327.726059853643	322.8270791791743	1987.1481843240488	338.97136987250434	1420.381839765817	422.2060202402436	40.0
128	891.4443014777075	915.8215716895629	3541.9752341733038	910.948710097584	2528.760880991178	1066.9929370742823	16.0
292	455.18418411163333	287.19729175095495	2336.630411456276	463.03609418353113	1423.8572396734469	622.7032404334548	33.0
45	498.20178574432003	549.2511070413085	2686.1191153139553	508.61084147107954	1877.2674107511875	522.5838322454202	33.0
161	805.6418026241032	786.0963395936949	3064.179007151656	902.4837117248456	2213.6079912914447	784.9059427042462	8.0
321	430.2828673506507	379.39736562252926	2099.677375879542	447.3269153236225	1303.0694209242695	566.305211653772	37.0
133	621.6847588182137	592.2542299823612	2812.3859829175767	726.0772422907618	2129.5298218551384	810.0321812575031	25.0
442	652.8528131167193	659.9611577384026	2905.65618038851	635.1752774036742	2033.0046129797104	843.6866737799014	27.0
479	738.3217616036256	820.6477563835226	3305.3420513023543	815.045190032697	2312.925182261077	986.0126268487473	20.0
342	683.6169698682305	792.753755845858	2993.740152029079	835.7399053093083	2209.3612102569455	909.6803511670838	17.0
185	659.9729278039493	608.9519273577562	3069.49742149587	655.9673345052464	2101.377300326282	931.6707137659735	20.0
84	517.9338127247721	488.30887565873485	2561.825653757696	490.58403203189937	1572.273774958307	712.33346135161	29.0
160	780.9329431739861	785.1284415561845	3210.366846561038	801.799893098923	2296.3963371296472	847.5716126897713	17.0
329	353.5346675797663	306.8011184364692	1821.9100164653237	354.1462061668357	949.5431336854352	458.199949744435	28.0
288	573.1396812313859	631.1064571828911	2799.219396868683	636.6450000009723	2110.964586493925	648.9746045169954	26.0
268	709.4946266014878	802.2140515035084	3094.022104285899	874.1407710021042	2261.6810211157945	804.6392631199108	11.0
50	319.2597388236087	273.84052858027275	2027.774673777613	304.15122087514646	1448.394714257015	462.12359960066703	37.0
349	440.74106779296966	323.3230806426038	1756.610767088548	390.27226171550814	961.6011696757467	535.4668683896335	31.0
297	498.7894974199545	589.5828031742873	2368.2065309675822	528.4579411225997	1844.8962895603383	724.4441567569254	27.0
471	699.6857722354437	775.1000359359521	3164.7551682415287	794.4182621661698	2235.4107802240014	916.2012735870492	22.0
374	781.2519504292004	783.8678817103098	3281.434738578992	823.0160129395341	2273.724236321236	907.5669159153134	18.0
472	351.6030453809288	344.2816314769534	1840.4620454818555	298.5723764890454	1041.9515097812432	456.0947254781035	36.0
168	606.0275140259482	634.3557871780794	2885.4193824106173	573.0592919789898	1994.7506366248726	831.8327619411982	26.0
122	772.9810332577728	867.1356407727089	2926.6561034001606	810.4609616428455	2104.1436255237386	663.0064904700508	6.0
383	680.7531791013345	722.6222201446159	2949.442260187446	828.5915485631316	2150.944479050262	834.3973416800163	12.0
352	207.42631062853144	165.2639828773833	1476.0125011048558	229.96777402592434	1045.321710460123	231.6395053367794	42.0
414	511.52682619039757	551.448246845382	2702.266860171332	529.4124536707917	1980.973676310257	630.1848462270905	28.0
290	921.20881354703	785.3583633573509	3203.6094788133296	954.9219623216082	2345.303873557831	1039.8169744155407	6.0
198	453.237129211401	400.58298991760955	2490.693028271448	379.4118187413464	1597.3986101390383	484.7361159414992	29.0
424	751.3353696309905	761.3224645194514	3180.2761657033066	856.527627313811	2322.1217688422507	1027.6030048170303	11.0
91	610.1675062481037	613.8870359479392	2715.246262315784	614.31051339471	2006.2517595281686	710.5878462504544	24.0
379	253.09644882085826	356.05892041575856	2085.0058951043547	312.35696241201833	1463.1665413853123	475.8887692839626	37.0
134	840.8565586164522	836.6760026481157	3374.146437888624	893.9308205415076	2392.532852764372	952.2147178375029	12.0
149	655.8546471719795	668.5925711123953	2906.5055565148223	657.6739657747949	1906.3825409009166	828.4200190372902	20.0
69	314.1994379867536	315.60318831847457	1451.4236298824196	225.46166300510689	707.7801729385318	420.3400298596597	30.0
103	366.9299883189428	296.7785956578465	2329.8258596136266	411.27057145624576	1707.562967141542	382.8444082231792	34.0
482	884.7660493343664	929.160881418249	3409.2679479043827	933.858251404768	2375.6015773474865	1016.3184937815942	9.0
384	665.4574812966845	646.7411549798162	3080.3195309730104	661.9475987512931	2096.269351114345	819.934506245331	22.0
459	446.55072003571684	483.2144958967913	2693.4865384637915	440.04465454444414	1531.7467494493094	587.0850848700894	24.0
426	719.8653517073537	791.8126491168822	2898.9846524784766	783.2177014629181	2015.8590991978533	955.279085813431	16.0
432	752.0818091581414	685.3553383960145	3000.8343762716827	781.4570735383066	2015.6049163908729	922.0519998504222	17.0
421	272.4597513466038	287.0232627526506	1715.3148892223576	232.5177114917154	1189.0137703810112	369.40276024210993	41.0
120	756.5476005545707	796.2987557153187	3282.9455796795532	805.034033485412	2273.8652958138578	1010.7341377427581	19.0
147	254.00088757204003	197.60063427776984	1550.3542611659543	233.0222813798848	1011.0409287389346	258.09461260577035	39.0
334	895.4375395101835	961.7024764160695	3345.627466572317	953.8683986822152	2360.1240150436047	962.1050796877365	8.0
142	429.80799900648117	445.67258126807326	2253.261876802041	408.7916437434034	1259.4685737565699	590.67975925065	31.0
229	398.0447219109587	208.88507648994897	1729.5706424121179	303.69921859768095	1025.1224168332833	316.45189201864616	36.0
362	881.7486701962342	761.5142485964041	3078.7403092907134	916.9421887908876	2250.823244373445	953.5183851954047	4.0
53	727.3825371498327	880.0753167662405	2903.679769412848	867.938314728092	2063.43815849235	651.7547992541178	4.0
131	363.9749238262979	276.79699184735364	1652.626371421009	269.3683683220851	922.047864832649	342.36558235440094	35.0
100	868.462621068347	759.9869056485211	2874.9727927928816	871.1822821851331	2062.5934077325282	934.6639569422475	10.0
474	692.9171798812174	786.0457545448259	2887.153044891513	784.9830325215723	2095.8510084397267	898.5373016555874	18.0
188	219.40765266316956	149.75952786319746	1500.6023169634939	242.2944011259863	1013.0343462161326	232.09347402652855	40.0
5	592.219667385893	552.8611024106752	2463.4943440278917	448.64951947166827	1417.1283216062711	738.9439852300325	24.0
101	495.6018390754405	587.8276448392412	3075.8296678721676	543.0386288650844	1958.4370286696196	707.8059281146577	28.0
447	582.5759871441502	657.9216425023698	2816.9211025639943	709.8441075775538	2090.255108043083	775.7235752763652	25.0
205	705.4908395045894	747.8964477696601	3321.4761555876144	816.1551912333824	2526.62915411485	966.2153002737125	17.0
325	486.5276530360432	579.2609056171835	2692.145396574833	525.2356060713587	1896.0814140346458	594.3710790089356	27.0
347	852.8547409595827	832.8555374659501	3402.1220229580617	809.919313857231	2333.3760340092463	1035.990487806699	17.0
23	382.95921477156804	386.49857094162945	2108.0936045952694	318.0528288334527	1126.6148495115792	515.1248391015041	31.0
223	416.15270303613556	317.64633829293143	2058.4180605009637	291.46883742114323	1290.9929852570801	479.3928467104762	36.0
3	391.44422333425916	371.0720618867393	2299.410444607924	386.05718946744236	1631.6795106872116	543.2076662060686	36.0
138	938.3489661390182	971.1852945038842	3623.304168193228	966.1646279959245	2529.2282337595148	1103.9962898354506	11.0
434	588.3836818892651	472.18772068561634	2843.9054093032964	522.0043109432404	1758.8369597145656	595.5689657918497	28.0
27	476.2124816541416	419.8645180216614	1766.4403448461712	392.9131767418197	955.2271090310722	530.9403083557199	30.0
70	466.15641062797295	478.1629317552528	2324.513259007423	375.8705647831996	1613.2276656427557	482.4688194863501	36.0
312	402.56095492791985	378.0743928356433	2209.6986765274837	359.07149691978987	1639.4753216817462	409.4115669508962	37.0
418	825.7176563232358	785.9128527468956	3336.5460582531528	824.3529525159829	2459.237933928766	982.1044275539037	19.0
181	825.8261035787298	807.1053780118569	2879.887897077659	799.1985287858311	1991.0983465527809	953.5166763469093	15.0
363	347.66354783113115	301.8191196908966	2083.68620698366	344.87209528480935	1549.664070609976	435.34385761960465	38.0
93	445.76503921091177	349.9984864633125	1877.3717072299382	372.93207061678976	1007.0820208323677	456.78072199981864	32.0
171	691.2048181447897	856.2778344571473	2868.940558933013	745.2846111968266	2119.2991523767105	963.5906088577383	15.0
20	401.42703555578913	506.20082728153415	2527.3440544545438	524.746219572402	2022.8039463600735	616.8171541227176	31.0
57	596.9334005670769	823.6776690221847	2886.68249797806	701.5695676679474	2292.90311373835	791.0746127745763	21.0
416	472.5877966749749	539.9372163225726	2192.4003576564355	463.65184196143593	1772.4684653765066	608.6580319599753	33.0
252	421.0484839678825	442.76789535266744	2116.9236269665735	407.5610370373795	1780.4481706729084	522.335197253075	30.0
279	466.095536989151	386.1809841800802	1948.3425795401718	366.5462811226349	1079.6459767762053	552.0956370483019	34.0
163	809.342827551405	741.9047650975566	3446.046233514748	780.0249115137404	2346.4921262582247	959.6736287549024	23.0
453	855.5284920738076	901.8581063448678	3291.09231081734	937.8992422322809	2293.67139405903	992.6297164604158	7.0
493	529.8286861828733	516.4790231550481	2682.445721827878	546.6183621558714	2038.532410377363	672.0185043579446	24.0
37	452.37369304534633	269.8116474913314	2230.0166722471067	423.86886959878416	1373.1552940869012	433.12513376209586	34.0
399	724.474364812706	626.6769228181082	2773.6354652696573	795.6643933428187	2186.55104086494	834.121692167001	19.0
293	413.4965170051513	317.7385159843749	2184.311963372525	400.557839387438	1423.7688552445122	505.3774455451935	37.0
104	759.6753940548508	776.207718010859	3171.388616611323	764.3140967407171	2122.487356256553	953.9543578098602	20.0
178	800.9142435339363	857.2546966163673	2992.592867230552	857.4841357723659	2028.9235413580561	708.7283293074221	7.0
272	717.561732117097	658.2751262830295	2795.9000695863983	678.5371913023938	1760.5481454828926	938.1269170269684	18.0
210	457.13371004352734	439.6207153201706	2118.866486816815	322.54871088749945	1173.0605993207516	462.64112301348285	31.0
141	314.4668440363164	284.7822864648303	2098.794857666825	340.80968666247173	1543.8254445853258	366.4204801858292	37.0
304	870.3526648572749	909.682535165943	3494.2456156941803	904.3375169807891	2420.025711855317	1051.1909754010424	14.0
305	535.2469393243509	602.8292140733153	2408.0232740811052	564.3516058424312	1935.653116175599	630.5161952024963	29.0
125	491.1189790296898	532.2781384242192	2666.522647037503	507.84333501197375	1993.0888255688192	660.4938226511732	28.0
154	396.1132356522366	299.0612973394808	2377.897852741035	425.7918790215257	1432.5435216320263	528.1646607888013	30.0
225	855.0477151584838	866.6813335501095	3484.236581336472	912.3752715545933	2490.0280917678215	1044.3666951020246	16.0
274	699.5333570530569	729.811594805591	3114.162255097577	725.9967509134822	2203.1059643804406	831.726242219488	23.0
29	535.880122647425	423.1649590121607	2754.2630055513614	451.67376320011925	1686.2902953693729	731.5608161355289	27.0
372	314.1602467783937	285.84381763144376	2264.7937577821276	341.8959072199943	1614.1003101756537	365.9752593877412	33.0
193	400.79379740753564	455.58404838718707	2421.6793814238213	463.7322337388193	1824.4133657478897	559.5028709969489	35.0
306	901.1177776207453	969.0657292693709	3510.7500716315453	945.2461465196916	2447.015462499243	1082.4983303780582	10.0
65	619.7198878160825	540.8443010862298	2873.555908444891	698.1035102043983	2118.341552884238	792.5768656922033	24.0
484	864.6174772145476	823.4913957703436	3105.4042789677146	857.8898696776977	2188.852428539096	1015.8787275620853	9.0
153	449.76172602652576	321.1764302981194	2102.1581317469777	344.41715819656554	1225.1728977321823	492.29427210220166	34.0
465	365.25960531197865	319.8731171409461	1686.7072543769175	294.60621360253293	858.9681252984378	392.96087694191164	33.0
247	827.8589767323782	840.1925747892965	3364.392985356292	867.072067157237	2363.281571883452	996.4245787013743	18.0
394	326.65178792991077	325.8723355885952	2089.4664458649368	378.921641963215	1368.122120704612	488.37455914953216	37.0
308	784.5498667198328	777.2710896581224	3365.7929440208	908.987424817729	2392.5745943239617	976.0124825614233	15.0
395	758.2075568233276	832.3414714930196	2806.007043024803	805.2201384716278	1883.1595731305401	586.4922692664435	7.0
233	367.9505093908665	281.9202179932749	1766.3849972307203	300.63803921088663	980.2678662287697	505.3399007775506	35.0
485	636.2517658044895	744.0469676782783	3069.209808788787	705.1058588017386	2154.027759572412	881.0646995924178	22.0
21	741.0876055992017	733.8561630081431	2972.319373823583	661.3048078135939	1951.6267454663355	900.6874890687149	19.0
278	640.6244585723123	670.3023513918268	2531.9584854319924	694.0969828828363	2007.007358022702	793.0874120032626	20.0
316	675.5785560811496	308.95133555100296	2178.600268225222	718.823913959318	1710.2647528868326	509.66833326831755	0.0
491	539.8648137871127	540.3243116460231	2839.3745927548807	503.03497831879235	1738.3751633679974	766.5787694294044	24.0
183	794.4326104598155	788.7669903065637	3072.772469617977	851.3450016876017	2069.3375871604944	618.5031016388418	9.0
405	684.5418044543635	714.5034137566155	2840.586358608015	670.9467548287532	1883.1616791725953	843.9907902153817	16.0
469	372.78437877157387	282.8078840501764	1898.2739404934807	282.4349136745966	1125.603914811457	438.7282713653603	36.0
348	252.80509689194253	202.2159270618144	1510.3473294511514	203.90827330271273	990.1353060434726	284.3024320922935	39.0
444	759.3603741730332	624.4064082737259	2626.7546143581117	752.7585892064711	1752.9485412197814	590.1758190368912	9.0
140	850.4963964409424	824.6820507064739	3390.1034234743206	839.9971873177402	2330.622909243506	956.9461018371046	15.0
415	781.6999058905781	875.9514024780534	3458.8023157418015	905.3772839562349	2512.7486447089336	1018.153227829578	15.0
419	385.5795855385207	296.2229100235074	1940.061864562063	311.5449822004083	1172.1619971333876	380.77436303482193	36.0
286	489.95793451182425	459.6940429164974	2447.7107925286105	427.63242209893167	1374.7182725659327	566.3766073605962	28.0
498	478.69049171189397	406.6749575879006	2539.973412440331	471.53770911844816	1487.654305433283	738.1528248126086	28.0
54	462.1188548403968	477.5096160917543	2789.336818082769	467.81388632814935	1691.1225299764426	552.9202424695204	27.0
109	738.1137208188134	807.7202999877424	2780.0671235450764	810.7913198833654	1992.8289316112105	573.1587988481568	3.0
298	440.2596239881562	441.2798486973447	2219.1606674144164	408.62870421785647	1258.6593790064435	520.6663235864628	31.0
34	556.5274461152395	617.4869035934726	2955.5645677384277	627.9193121263273	2151.319763547261	809.4242431728852	25.0
244	730.33678832336	708.0604307617214	3087.4057238081436	690.1741758496431	2107.58645002375	848.9161214773438	21.0
458	359.78967442054983	270.39588596726344	2040.893194708428	364.91218067459596	1114.9307352860544	420.290279733891	31.0
220	595.3861663031983	442.9836685598046	2353.162851807639	478.86867257655973	1245.9420709902818	631.253906936581	24.0
344	844.8772796598923	858.5043740852672	3223.6884537798733	924.3776830830141	2197.0740080631313	890.9511247705285	7.0
204	555.6748433751592	416.61419211788876	2912.2820684668745	531.2557316515908	1848.6100489297203	732.0729838711378	28.0
72	635.4361989723368	705.4916092100508	2371.996608932358	718.9796171271831	1852.5972341598417	831.6458603214102	14.0
401	667.7038091418339	612.5805161077378	2255.95519095082	653.4733350754498	1701.3412860623316	317.3656191423268	1.0
411	280.0556825645834	263.433940133329	1933.2918632323401	291.16152426469614	1394.4179019784578	352.63633608509025	38.0
388	868.2727350835628	842.8543387827136	3368.4537593651803	851.1766773427289	2334.894916325107	1029.0969500076176	14.0
456	555.1739863135533	496.81089109864047	2852.4765210461314	490.80230299221097	1743.8038580968164	742.0901669823805	28.0
309	367.89548055827737	435.96318408356956	2449.8187182394768	428.2821509857774	1670.4884403164065	407.2861178271949	32.0
318	513.0764604642317	621.6871327191607	2798.9432444465656	628.7556755771406	2094.164424622384	733.6397394369563	26.0
75	890.830097815314	789.5825421303812	3273.202057394256	904.575081359415	2289.0537938666107	967.3282504061026	7.0
99	511.3715926666116	708.5757450012476	2741.7427958764865	627.7747115517745	2141.817972082237	686.0081807658503	20.0
422	660.5772737364509	690.82087677192	2980.8358184111403	657.1310637127965	2025.7976342114744	867.4027349611102	18.0
26	741.3864946268113	834.2437117127783	3331.599195236965	848.5437029435832	2391.801490914837	990.6088957106056	13.0
126	553.4086208532027	429.06441797225415	2680.90172632586	511.0775084242066	1745.0404080734434	721.6829148299373	25.0
49	387.85776330295835	425.3941754176496	2121.6073649395967	480.29973158894524	1816.8467084268866	539.5021394366303	23.0
236	826.4371797115427	579.1848108342978	3028.3536978950738	873.8565139396372	2168.2306053414063	993.7999622513923	7.0
452	736.3334694920762	674.8033034642831	2937.7400772392	777.7863363903145	2075.069143576005	895.0010387490526	10.0
172	497.6263229814775	422.85833588674024	2449.945922487005	440.1727020605134	1391.1626398842918	688.776015386628	22.0
146	297.6411625373068	274.77314828325103	1363.6275701185502	212.25626014286502	667.5547113996441	387.60693550196123	30.0
464	631.4169148833736	654.482316961988	3046.2878263861526	742.785589673305	2167.6127496952	776.162726903326	22.0
25	703.7756105553789	725.8980444896081	2792.955179688786	664.2465437775174	1905.2087969482056	866.0110863161254	16.0
400	701.483441731938	803.1080985844699	2692.969032677032	801.9003493737675	1832.7245077328118	650.3682786728033	7.0
429	195.50484161469024	139.45578904785938	1430.833799655782	231.54509125319214	1002.6134609687539	246.0282108101667	42.0
285	639.0282946095433	556.649009625953	3140.143604055586	612.6462719643853	2059.670127824015	845.7843014243251	23.0
237	488.00055412847854	502.6516769179006	2655.808223197915	516.6150658220073	2016.478519961921	656.6180246914603	26.0
412	491.166110233119	332.7882814695172	2244.563544581915	424.9597693006289	1294.6381133656353	619.0467294737604	30.0
289	736.2469254673084	708.3406955309918	3175.8746926631657	784.9862494751983	2355.750815132846	905.6954520009226	18.0
397	269.5773140493781	262.3608536037225	1652.2606354772038	270.6398061855843	1220.6528073694642	308.40680062362816	43.0
477	914.6669285342813	969.8009470577335	3561.0083225457042	970.4174477322083	2502.932035330326	1110.5642083266014	9.0
271	363.3848153826615	453.4249651789486	2377.7887250328267	416.29190628797545	1909.9098687343826	507.3974931569935	31.0
222	808.9678910211513	832.2400630575387	3309.129240029005	857.8684556894261	2405.7035204494223	988.6850365629962	16.0
338	891.2114546006204	960.7111863603316	3393.0922848046825	931.8710203229656	2354.8254342481173	1019.8876489086543	7.0
43	664.7528366143565	485.85055754721833	2606.4883557902403	727.3564630176464	1784.4865142674832	547.8805517991908	4.0
324	621.8667149721363	669.1008902346479	2759.5336556033294	683.924029427607	2018.3019426063534	773.6633527624934	17.0
413	573.5062686034879	605.5179114182267	2822.6778456761444	611.0788214461833	1969.128325009496	739.1157884660628	18.0
387	295.00691159086915	389.4585607778776	1983.4657455633817	390.62503445724906	1669.3149471237898	425.58736561584675	30.0
341	259.64375035925457	237.24854091740002	1593.0175418520391	250.56736947363663	1181.4903100697204	289.52467983892143	39.0
209	691.4989862899299	647.9674689095358	2393.40284190998	695.016241830884	1749.621391806299	851.6325962999285	14.0
425	417.8254089952575	385.40576125812277	2281.401502957463	413.2107849976589	1258.310566690805	605.5448789523278	31.0
373	590.3407284572025	686.6422881074425	3070.6417024994716	626.6286852314303	2155.006549234434	788.9673312439843	23.0
217	391.1117834304191	458.64663560156896	2097.1542564449055	435.82971761699616	1716.4115675391254	508.9073779715195	33.0
473	635.4800785329113	554.4960187757977	2582.340937391182	518.9174584820901	1474.2072440416682	686.4957581281535	25.0
310	796.0373450590159	813.2858394138718	3457.2243145088423	874.3763715979135	2518.3793286019127	1027.2895035666177	13.0
353	794.2261349128854	723.180608760607	3212.38444115763	709.8569191613044	2151.1300765807473	956.0325312864071	19.0
33	574.2834983903289	577.7515433981855	2629.8786080887803	449.318062106731	1471.4076614319317	671.8518008732989	22.0
446	692.8087877494256	503.8598893394187	2976.292234344482	681.8571039403221	2159.309906041519	775.9205206386889	22.0
144	389.17422523070485	347.39300064944916	1818.660974945093	349.97643821128463	887.7897395648743	488.6969515445667	27.0
106	309.2371884772671	236.97506594610581	1687.7898546957344	302.7782010382314	1263.9844515228338	351.49288736916486	43.0
40	818.9120353287371	684.1462958587001	3006.088522683193	831.8674437129512	2049.5815098740304	733.9331461589661	7.0
190	813.1426378263018	811.9686133191744	3339.031756673321	909.0240562873242	2360.0182739727106	984.4749222075255	16.0
76	422.2284552371778	446.1927352405946	2484.6262317419705	397.2703107468865	1667.4228317442303	432.832006638896	32.0
381	474.6215730590354	514.2489960547256	2601.564911671309	417.4666905943922	1571.5899323146937	732.1062650370113	29.0
327	797.5296010281482	813.0595023644694	3383.3851475511224	820.1299621188001	2338.20685722219	1047.29280003316	16.0
79	674.5768740059511	628.8771716845744	2779.8092337527128	815.8941852633511	2080.599125055021	822.0733915844876	18.0
19	682.592938860222	752.0020361392719	3115.2608585799103	645.7006961448152	2078.761732609008	883.6544647631619	19.0
219	608.5873912673745	598.5480645221089	2570.7224836417313	673.415136951768	2015.508828329857	841.2254529944724	15.0
273	384.1832588814017	396.2544554977583	2441.5529713186784	419.2490510879875	1457.952804953222	661.4201643322926	31.0
156	649.1533438476099	643.889995628529	2978.1451910335877	740.9721706263773	2307.8001147321756	874.5329052794425	20.0
24	670.9826415186822	712.3034900172981	2661.253611017839	733.797515052491	1862.226597200146	876.5777960231118	10.0
108	751.0396703018697	863.0130214085613	2890.9822903948807	798.0812950168398	1993.6476777957714	570.3383363812784	6.0
64	186.25445002854082	174.97506501493373	1418.6970954469052	195.07392281107585	999.4598484256375	288.0097831379847	43.0
152	434.48663987458076	480.8711789212696	2115.6367429907978	446.1085846633695	1714.889865597772	551.6501449821301	33.0
30	724.5841902237074	702.6351545248186	2533.539989209421	768.9204363023913	1689.3561278228442	635.7415976138932	12.0
269	789.5404471131465	774.0262487978539	3314.9137405403467	803.9410913957242	2298.636285120403	894.4967271398828	18.0
294	377.40892458845	209.25210382026557	1920.395768392693	327.3364959200164	1226.4664792023195	351.3476266100724	37.0
202	532.2529804021078	614.5991723833023	2825.8479417434105	589.5677864435522	2081.14910859549	807.9757235541239	26.0
382	839.2852201775837	890.3470445823538	3469.5743693431878	868.7602175848849	2466.547555634356	1036.142422213513	16.0
114	829.0035135621016	808.4409507283863	3034.8396944865917	847.0825527834859	2121.10339902152	687.4956125102628	8.0
488	352.36875482968713	194.57492646040924	1684.7201497127196	347.9574515370933	985.4225479818996	392.5114164104947	35.0
264	641.7165904682435	673.7037588178185	3109.918673808015	593.7281369894218	2063.869442365024	835.3817675610595	24.0
438	703.2210080882761	776.8242187282094	3140.4651430074828	832.033964829802	2319.1562311616995	881.0724653014173	19.0
439	562.3810787426147	552.1280762148041	2898.4880813033365	539.9861733187231	1780.5258341490148	749.5432086431786	27.0
417	316.0199418291624	326.805016374022	1708.4632693477995	295.1587788336243	1315.1418966735032	345.3980913708265	39.0
470	305.1585509590783	305.6672083531374	1536.3232161607286	270.6258894448155	1154.4534001484649	357.0727012678252	45.0
82	279.55144558896677	245.72668227968992	1848.6725333114064	375.0327950810497	1275.4379613919552	444.0906533611929	40.0
18	695.464350264016	745.0709523245387	2608.4930179603907	735.9779505628383	1871.1643050520827	834.758928299363	12.0
74	484.8984324891765	468.0786912053515	2739.320768771285	524.1834137231017	1918.7227028560512	565.3776208846028	32.0
203	514.2850873717992	639.4242869802177	2485.79278840516	626.1801241454434	2069.132555925709	707.4258402950331	27.0
9	820.2551572884147	922.827912916626	3332.764274019106	896.4743118343199	2312.099566914535	988.9651158405863	7.0
115	413.0210276601916	329.26322359077955	2480.8492190995394	435.9757247086266	1594.899001050833	633.436370084729	33.0
10	759.0539051278988	749.5999779879991	3332.8966626960973	808.8379852632438	2457.417673967496	1008.8293586726162	18.0
476	545.1217900470785	527.1321876748984	2766.6164477816933	486.7240454472989	1832.019054701883	693.8906815936817	32.0
483	877.8675865002602	765.1269744654318	3318.0545955272464	928.9993847569976	2332.3554340978744	838.4711782992772	11.0
261	875.7017081819274	912.2655168861401	3136.157210418176	886.0969740437317	2229.8452443135075	967.2888839423018	3.0
129	616.5261003320993	588.9960062032485	2961.1985622875086	611.6186887830088	1957.7608100766984	762.0083211536974	23.0
437	324.56733088870965	361.17982114648225	1872.8300230885193	360.9014172055169	1562.9894528834532	461.0112618056114	33.0
132	439.98349320807597	400.9056057656001	2118.3628567617134	444.7965944194983	1767.3909532467512	513.965394659947	30.0
96	436.1644727511904	246.9963659311295	1807.4027540235084	377.1735641446855	1011.0430602021202	486.9480348778127	34.0
215	815.068223478186	833.9432056843511	3432.585415417872	845.862306224185	2414.1631410539735	987.8740593704642	20.0
175	460.44427657255187	453.8550026898589	2278.920320205639	439.4409738976367	1856.5869952318694	559.6243521114969	32.0
197	527.6069854972579	636.5363636421977	2734.2356700841447	588.3679535939151	2062.6445134606556	704.8212011679009	27.0
159	405.7559252240766	339.7633254236247	2129.18771944788	382.38841932724705	1412.4749151526441	427.33238899750256	38.0
12	419.62524624149756	524.1493884454038	2224.13714261013	515.5052618486428	1846.5264007040328	658.8169325176672	33.0
58	652.1642992049042	688.8880257461489	2928.8169576534947	669.3023226273093	2163.5174010283877	791.9531510495706	28.0
242	470.42829277736394	317.98401016229786	2050.776795451278	472.40918885796515	1258.7256033224994	597.5837449269808	35.0
254	607.5412061933092	476.41694041498994	2447.8801152208043	557.8773879384189	1421.37436278999	728.8419917148814	29.0
164	548.1396876894344	428.8295720295145	2778.544010094869	488.8105384090401	1764.6739707329775	707.5249622479118	32.0
232	732.433297258328	595.4411650035366	3286.240931557253	714.0979099922705	2095.438803569997	914.1992684489207	25.0
150	327.4842959460673	279.2774559467437	1838.5118360302265	320.68420848642586	1372.0736339590342	345.28235679388	42.0
139	704.4010421957736	631.631822868391	2697.42502952458	841.719785048103	2049.3540690189375	761.3534364841491	1.0
450	701.5816021192298	642.3992753335124	2579.261629950309	644.8417776180012	2085.2510829498683	801.571784254538	23.0
448	310.37669569984126	357.1626427150471	2052.7223541624153	369.564948097427	1474.0115721829666	396.48315260015755	39.0
317	922.2915808781428	973.2691051359752	3529.0759012451476	970.2449820953041	2447.094812329799	1055.3828307232327	8.0
81	463.89282663377435	401.07343293829854	2672.558266785027	494.42890045046124	1625.9699609861152	748.0793567694226	29.0
85	602.0707651528518	586.8143061154975	2526.918752395835	548.565805101068	1528.6618815681709	796.8423175379918	24.0
35	449.9507482666532	393.5476564429466	1995.2411996527594	438.4940907131414	1120.9030104184944	621.9296588565093	33.0
435	333.1920533844097	344.2156706281045	2057.3126166558823	365.4753716750401	1502.9865014269328	396.9429376009367	40.0
361	725.1851966857977	704.1282943970882	2700.3467287799804	734.5417453512916	2010.6380839553674	596.8241961840513	3.0
94	827.3163604345704	765.0012010528278	2894.0779996005986	858.4274856011991	2060.3809516767956	717.7102446003985	3.0
56	773.2871679352565	823.0298364937894	2601.282788577534	757.5410195866929	2002.6884187794037	579.7118932362692	0.0
357	465.1692441470644	402.0799410402866	2370.1917754829783	363.85045244891273	1355.0237093070716	437.7691951638402	31.0
127	659.0448154226359	565.723514137655	2481.205849633743	679.6136130252223	1710.1601842268099	626.8417334714777	9.0
143	437.12888822285123	295.0292616921169	2083.077130686403	298.7847704454591	1186.04755787209	429.6585941473002	33.0
7	508.90557717944637	485.63304524445243	2381.627385025353	491.8389753171126	1408.4931871891715	630.5225413081763	31.0
231	789.2050420168083	657.9620459973252	2862.9384473939367	782.8860775490701	2104.7761631800668	953.0826122139549	15.0
8	449.61397758862654	463.1878287956775	2287.262744979568	452.6202018615428	1860.354477542563	540.0607136130989	32.0
42	228.19583687104293	202.16947400899437	1410.3130100835547	235.55645741862523	1054.7434727279808	298.11271628862676	45.0
36	398.55487808160154	410.576087383744	2405.7375716146034	434.4786844631594	1698.9312597332912	503.81831686885135	35.0
16	884.6630608584136	869.3112879935956	3221.665842785631	910.7258407488	2301.6656062869247	942.4986347243982	9.0
492	711.2432598974996	789.7103494979439	2604.4049867796903	772.1166397425543	1939.3797502992895	403.34501851155534	2.0
282	437.4670489239269	601.3760885210751	2252.1854142836573	538.2512659664822	1873.5912228262691	616.7677725531969	24.0
46	923.2871642694312	966.7025775975183	3653.045601068825	979.457932601206	2530.255945389285	1089.6660961455557	12.0
92	264.376310441844	270.627374625793	1851.6125569582096	299.9411740822904	1117.4343069693207	370.94513696574313	35.0
299	233.9904508215958	231.4155193529276	1695.1600181537901	246.0510965247076	1216.637008696154	292.5328467643884	41.0
281	391.9683116697829	429.3292993594449	2503.694858151799	474.04012591990454	1964.247047598056	581.6698027248457	30.0
90	816.5532942493078	861.0255521823677	3244.592526619071	942.1252628367045	2311.6401455646405	990.68352585523	4.0
466	892.0969295445258	836.7899923380384	3329.9193950661074	912.7240947031464	2361.186760309884	1019.40710675822	8.0
449	729.0344987860647	609.2067188353476	3081.1221213260305	616.885625757326	2022.3944306610433	885.9182037981456	19.0
307	257.34017845514046	232.3094343644973	1552.6898359467787	214.01836075948725	1032.5873701157502	276.8353360620381	41.0
234	500.9111009493079	343.3833501283652	2211.2339110306725	440.5513835339516	1243.0036699334128	614.4579964837637	29.0
169	706.7764581468429	837.8023710752104	3293.4080816759	789.2949257066064	2508.356426821241	933.7609027167163	18.0
313	611.1606415186383	515.6312726065987	2660.0065136095723	593.2030225509209	2009.307323250368	710.6034419485729	25.0
319	821.3365387693524	809.1523239161993	3366.7814365840763	891.2605088011422	2454.052629869878	990.302219822106	11.0
366	710.2928690227263	592.8002630091415	2941.9906622972644	648.3017078699123	1932.0022688233307	868.3372373368744	17.0
275	488.26429535240476	424.09721236635204	2433.8952145176177	465.7109865370962	1463.7376467969161	628.4559724574498	32.0
0	640.3293066061423	495.4168152194198	2994.55056432008	633.280382907538	2115.7537720870255	819.0747005832051	24.0
177	328.6020139456811	316.4682671967404	2016.2887350301642	347.9598463926709	1455.0850491534086	414.00668001885066	38.0
402	432.493989217779	477.4018068664447	2222.2893985172263	479.5656779986844	1829.4218352104042	649.242767069867	30.0
182	788.5885754761795	783.5842273121973	3320.207433065179	743.2869575178465	2283.696553116891	954.3970156597416	22.0
248	496.8065322448415	436.59802406227345	1978.463801522157	420.50305453869	1110.3980322825314	603.1081382049267	33.0
211	805.100272545895	759.8771831453354	2907.949251101212	830.6160129967449	2006.0955948643557	633.511410271627	5.0
467	523.688635143511	439.41544184077804	2016.5515856895545	407.8463734846234	1058.7352416408885	576.7854744318491	27.0
367	670.0765594626562	609.9285417678757	3151.3845141223055	644.137032096324	2093.4045034378896	929.2826749251835	19.0
443	698.0125947096523	588.7399758130332	2955.2067487024324	633.8738945593535	1870.8408545747498	875.5407271243472	19.0
497	526.5104725992967	372.6457640758497	1845.9216637998052	426.70108163379683	1044.5021498940807	577.743205367456	31.0
186	861.0843940002989	776.9471192979387	3423.2315330529573	838.8158093253618	2542.7945077994973	1022.862137223505	15.0
246	796.3364135612522	796.0812371347541	3230.2092938952824	688.7477301708793	2164.6236567898013	931.5734065480485	18.0
28	641.503399356954	704.6924892332007	2854.479572821049	848.8527932876373	2050.6579198542818	748.7635642918499	17.0
218	704.3084781037837	631.2978194976488	3170.7826465389826	684.6761636530631	2215.56013520737	927.78359459605	18.0
105	334.8868432987354	251.35682705339917	1663.270399791876	295.927467481371	837.6220174925994	442.2937417257859	34.0
287	620.9636707731704	682.46154919405	3096.3445933061785	650.0083957918212	2139.2592386536126	846.776417582514	23.0
265	777.4182613452043	818.3576890771785	3427.746783316327	835.4042155812548	2374.964013375882	1012.5033482537567	15.0
66	699.4503262636711	642.4318284386611	3305.1391993799343	786.4807437806261	2299.8072919534898	972.8226823957034	17.0
262	372.0142805654585	356.540205670049	1924.6512717713263	351.28303379755226	1023.0877878150615	494.3589691675191	29.0
196	849.2242198785567	879.9677267319122	3095.4501464976033	855.6686895659266	2126.260662776708	760.3247918143079	6.0
2	316.3515560430253	305.1615846655639	1922.536493324462	284.9604345278896	1263.9236969379047	338.00635226133386	35.0
475	698.6491927998413	853.8888087263687	2906.622450331985	817.9913201829277	2043.3789806118707	645.3838220602103	4.0
365	596.5782331993032	611.9519709812139	2136.180966420109	629.2392584832683	1470.5014507648016	612.1913065446786	15.0
337	808.1517623455115	815.5948674353689	3281.821875177841	900.4979485072373	2393.4195155265743	1027.0642858029266	10.0
137	526.3031848148597	556.1975260371717	2826.724895114638	542.139231357546	1786.5286338929473	708.8928409902114	22.0
436	859.7949254099987	916.1141881521401	3446.42938846414	837.2714024530658	2347.6015573276145	1050.8955847691368	12.0
180	237.7703676886163	120.8584049920745	1447.5329600820185	193.10416176055327	898.967717515621	222.14220145852042	37.0
295	744.8841135704716	667.0141313644208	2991.9774136916676	786.2192809925601	2197.2775763579534	904.8449124050503	17.0
441	669.833449566724	732.7232617869563	2749.597068534755	710.1962991522428	1948.1437366175276	878.525539523909	15.0
263	694.9945838384643	746.3106271440222	2540.5059045590856	717.3233795753928	1671.6776006595735	609.7329309268745	11.0
207	380.61919113895175	365.7506877960546	2404.086144343414	409.5298020690072	1844.0989790791582	503.1142363164975	26.0
440	479.50573122119766	418.85070648162764	2168.5264749806183	409.91657156668913	1717.5195395836306	628.2941229296716	30.0
398	445.0033639791823	380.903042668481	2862.653863165255	531.715428891146	1935.5591031931194	746.3396866969048	25.0
276	344.0091577840437	358.3185956581159	2127.3661167614405	429.185146146535	1803.2003280253205	473.483310511309	29.0
102	653.9052594982422	648.4133222435552	2245.7764486095884	698.1630766165423	1535.9170393927498	651.2835202009218	15.0
6	670.9224930670883	683.4550284644451	3170.1900426563498	702.1082658152059	2194.1751275743527	854.6581092816747	23.0
116	679.4770229566689	678.7341673852732	2821.642345222906	785.5132636953305	2012.226629556304	698.0151615229908	12.0
257	615.5651931195274	584.6925733464711	2874.6500759891087	580.435521575275	1945.3525062681938	787.1406467394629	26.0
86	627.1225970193008	729.4722715756016	2490.7891549518745	737.4732561656936	1781.1380289766819	753.1119550014246	11.0
87	435.88938490061076	513.3474765136488	2695.562385536312	473.7844872786977	2002.4264368528654	601.67582835445	25.0
331	505.8905528431416	501.6745769451964	2645.8961308179187	489.6971416080136	2019.0872219339972	583.2844686584634	26.0
386	813.7703872993475	856.7445132461522	3347.94897818526	838.2277405017983	2268.2596476296258	865.8367697018425	12.0
296	276.0745789505293	274.1494545890042	1795.3279716589514	350.4937551401607	1100.3972005963615	395.08244639296936	37.0
303	743.567936099545	724.7169290805703	3008.3573905647095	806.8679547918166	2073.3467723352446	689.329737883442	12.0
314	650.2396399815706	578.7352080539498	3069.553235287968	631.8437493088849	2014.7455608717958	928.4687267217299	18.0
360	771.0781571727343	828.2984992896816	3115.455724152542	805.0738912151126	2091.6979375773763	595.5568391170871	9.0
157	439.5030052463991	315.54109373763833	2132.680038801868	385.8733435290237	1165.9657785292163	556.6731472510136	31.0
22	752.3972584453386	623.5635209009034	3111.7519019458846	875.9253240507069	2179.617286582463	848.8424015174015	7.0
240	619.2474259764166	595.6846799147702	2885.741345385761	565.4478009937366	1783.5392045576998	680.3611333897155	21.0
463	698.0849757156756	737.0090925607626	3168.042506433914	838.8715202787134	2371.869737190789	1000.223535821215	10.0
375	427.35757063068047	299.8269158194292	2325.6565960881944	385.0627043843152	1584.5702966614413	520.397692922024	33.0
250	880.1344556194067	725.3484235346328	3172.3964527690923	888.2712235603312	2276.2937536550376	912.919556588991	7.0
189	822.1491292620173	729.8681754053016	3238.066416574294	842.2230348500441	2350.260229883966	934.7888975517891	15.0
409	514.290474025055	501.6443459331773	2981.717473055685	577.959518047015	1959.0483970688977	783.4036960917525	20.0
266	532.1690613741647	492.0844750107791	2318.9974929701048	488.8664594487034	1292.281002867414	676.7085357269815	18.0
83	700.1888018837363	796.2083574629726	3218.8709235329284	778.6616339000225	2350.1874899147138	904.284752698752	14.0
55	227.11576998742555	250.54237496150031	1487.6880890707828	227.385960784685	1094.1532947252804	288.1660973931392	39.0
260	757.8200938194038	702.7642888942727	2742.0238709924347	748.4257823272322	1982.3453045063522	941.8082105035446	11.0
339	590.9381286129804	613.499454241124	2411.0286379523227	683.5790817686928	1724.7646558472147	666.1322719800033	16.0
445	383.48127299629954	388.8141985363517	2126.576684751078	349.0637411268235	1138.6355816601986	481.6253307340415	31.0
44	779.1356513486539	782.1393625454101	3255.839434383283	834.5755926440221	2340.9346460667784	963.7243738251692	16.0
191	549.4962475264281	555.1501286365993	2041.0362604223496	588.8213132205915	1628.881829911992	571.658695582643	15.0
377	357.22065252687685	191.5509321467538	1583.8214028532705	286.63429596369025	891.343215349566	344.48460071811144	34.0
345	465.2465982508536	415.8073528184144	2669.7007668290585	524.4334347194201	1991.5359315504206	689.5794051364641	28.0
359	449.344202424925	453.5406270915669	2667.281801618276	445.5724071462867	1861.8424671765736	654.4048376921878	33.0
280	633.732451723756	623.1167330285872	3145.9863064947453	703.9550498848469	2303.2784584711544	899.0049547929483	22.0
187	438.191216459525	447.6880970517776	2353.323248054307	448.31876149040073	1496.0562511924982	613.402469419714	36.0
88	767.7270104240522	790.9007358476354	3110.5841172604173	841.2240769857281	2193.3693684366476	978.9015086811789	16.0
340	677.547074595869	766.2571873849486	2983.6134076286467	826.5107283710296	2085.039366853818	686.0294806896512	12.0
212	668.1098462613663	539.607303260128	3099.0084961035755	637.9414477250651	1988.6526089601077	846.3228525652353	21.0
206	574.9571744073828	633.5212442237657	2545.2219820660193	592.9553231746387	2026.1269348531252	718.3370415061687	22.0
423	753.4889428073689	714.0961365380115	3121.678306290041	747.7615223849215	2312.478595734404	932.278451125351	19.0
124	468.1267862668158	517.2817679938778	2587.6130945603704	478.99269679638655	1970.4995641456605	598.5590706647039	26.0
245	780.2939069888714	852.0179709672007	3052.487875110185	882.7126948463407	2207.938015998323	703.5575163518319	7.0
17	781.6786263601717	817.1780568338855	3094.176168545066	786.9099542531625	2152.690606275085	669.3768736313349	11.0
301	450.10198552843883	498.16282551713266	2202.1865965460565	534.2851672691138	1864.3428555306627	585.793908645853	17.0
201	315.5110248914441	422.44557936020226	2260.0474178607974	401.7354299359279	1700.3856700338179	411.542516064636	29.0
258	383.2353613008484	386.75354537441916	1950.354939409643	356.6113357137747	1050.9310749740296	471.3841000122418	29.0
255	253.95766699881128	184.37053823483436	1504.9118962050266	174.6980587368191	1034.0489459142113	280.5955010646654	41.0
300	860.7375864690913	905.8892767783254	3469.6223584758554	859.3630694471069	2383.464128901406	915.4923991571816	13.0
145	921.2887198480453	969.8786701475539	3504.5316743196495	927.9288707989376	2421.4104496307896	1134.639898632959	8.0
155	573.3368820771973	504.2880929008616	2572.371751873262	383.4060114488425	1375.8453982682024	637.5894914721877	22.0
97	289.7056638010701	416.43240419967043	2143.3610813420837	393.6489163359161	1734.9823453676079	468.53244336381584	32.0
343	641.5697180091511	321.9334755689748	2082.7864878440587	674.4733245363722	1634.8204660858546	316.54784479263805	0.0
259	850.3745863232475	861.5130601329935	3139.3776110048852	918.9264052977461	2274.3434258796424	792.2408095109262	6.0
455	495.888629538431	418.20272286798485	2760.650413533228	548.4684948580973	1827.1947318921275	769.4112861572942	25.0
256	684.5676099289367	628.9724330107432	2595.0341236785707	722.5686132170915	1784.1504854704651	788.2334542221971	9.0
364	692.5247370851679	741.180156265607	2672.155443845687	693.8515111407503	1778.3071839443198	645.4908334258381	12.0
468	852.1843295160068	775.8277350160508	3305.408655047196	897.6000182293493	2323.884368119013	846.7335799086709	11.0
170	503.4641723244068	541.4569847517965	2546.4190661473967	610.8968583853294	1930.4549446395217	657.8733942708383	17.0
380	486.280566883573	357.67063160364404	2606.920436775513	435.31001700834406	1811.2266366085494	617.758607928589	24.0
61	255.9835581813524	283.21698410468656	2051.6675196762862	248.94102540937314	1337.6270507608144	327.47268801631907	32.0
151	203.60343498478304	215.8832270452575	1568.8027768003556	269.7864389528488	1138.873284404447	280.2954613055313	42.0
370	873.0867794605263	891.7692761071639	3516.8944821277228	942.8413883250515	2468.474112632092	1067.4685677943767	9.0
322	475.3590982169987	399.85647508063937	2357.3379198107473	450.6834775618085	1409.657562535468	555.6044945005981	34.0
95	423.24241064126056	468.70487645361845	2318.548007107677	542.1000541509118	1978.3034137594723	571.515236004012	23.0
51	644.7465413520177	676.3423080159969	3038.549828031424	698.0464015668624	2367.9476536815923	842.7956762166361	19.0
328	628.389029416001	532.8112691760463	2920.9865997160196	511.56116218356533	1712.2215879530654	675.7020765342266	24.0
284	523.9584290903482	479.1271306334294	2055.059539776524	454.93345008109696	1099.5006437579557	599.1574066048046	27.0
428	802.9616414282013	850.3789010610772	3471.4105400748967	858.6285833623587	2437.038317511209	1006.0174515559345	16.0
213	766.5302892876399	805.3773345374161	2910.223940537612	828.3269737338829	1973.6998504912356	730.4842335625005	8.0
460	286.97852417692303	365.59866477305474	1989.9529591380704	332.4267521786714	1449.5478040711266	476.6486712274092	36.0
148	758.5395524301024	764.9356793079371	3045.806663153581	742.2973952939072	2103.860601079896	927.0001984341052	17.0
235	381.7916858073664	388.26548638267496	1923.9222540985656	382.9058192083406	1105.9939627255678	555.1337613107189	35.0
489	794.7892946580514	669.3109476250373	3250.797970115738	692.0725167572112	2170.855231492704	927.7907712670016	18.0
112	754.9535637182814	849.161347424201	3239.711146186649	854.4490601881145	2308.130682790266	1004.2519237525809	10.0
346	763.0180991716062	831.7420726161236	3285.3534759773584	801.5996971261488	2264.0918315288104	967.1935262621553	14.0
118	742.2563117829885	771.2668545245047	3320.495501227341	821.4928917704464	2280.5221646005434	888.8842915097598	14.0
176	627.1035108385919	728.8309157115615	2692.607664520967	730.8173343683295	1937.5665277295222	786.1909626582456	14.0
119	477.7581754316626	491.85577224730895	2007.3558818868219	512.5477046144489	1406.348864439943	500.91337052564694	18.0
283	556.4181296416433	419.7681592780004	2750.0417379641917	564.2502314660154	2014.7722988292314	707.4812108910251	22.0
490	350.2606236079511	348.0957954644359	2270.3871747102016	396.7043296917321	1618.3656949071194	482.1216370189863	34.0
224	318.7041363750965	394.3996134928069	2495.875649451674	407.0485883355729	1653.2705769065115	597.0535957488754	32.0
494	573.7143551854429	669.6733027425418	3088.5303898658376	661.8094176640965	2159.9028143724736	818.5470223924862	23.0
113	488.9742458858799	425.7906307495178	2486.242778060383	426.5862361300551	1415.8734796011013	629.9472008636154	27.0
270	784.6499708399192	717.8802739434983	3397.829459412462	888.4368871037458	2397.2486436788336	955.7490851395025	13.0
480	571.3436497710618	560.4411209142812	2493.3092912650363	619.4625499405296	2005.8274379336233	771.3742122130816	19.0
371	297.8109890059235	182.3200397750718	1578.7746529497426	195.35184937598214	996.028710033896	256.41542068828227	38.0
216	795.6992694843556	748.7873536631082	3392.863152656398	849.3727733526181	2401.516342941634	970.5136126391133	15.0
110	542.9912912519999	392.18529405815246	2677.9428263797868	429.154760726949	1483.6497940310908	703.0063666406704	22.0
351	497.89884771922897	445.4456510854112	2492.1731060989164	479.61777840358116	1951.3757152694122	683.4927199167079	28.0
195	342.8937972768919	413.18542617307145	2232.0143971566604	386.37948319028806	1291.6883180515167	392.4618663678772	33.0
451	782.1254651573148	728.9074713331089	3034.9469237640246	848.5064981343695	2140.1117224108107	993.0779399418326	8.0
4	527.4688727722134	365.1262609005895	2583.30514701092	414.63331211673665	1702.1073545917147	512.1506724513603	30.0
277	699.2310704406474	629.560352343055	2663.515745315121	721.2949091970974	1877.1480731491436	779.0773742704627	16.0
332	688.4285885123792	571.9198682167549	3080.745941033873	656.1588980713982	1970.3763531612822	881.8890344045207	20.0
13	638.0561337992643	772.8064456809973	2574.418802917005	722.4330347752114	1775.0109216219375	648.380262305145	10.0
11	628.702983662536	617.5554180192684	3023.5583831679537	556.8385219144892	1937.8274411510267	782.6904359300034	22.0
15	745.5565517795876	589.6539726977994	3205.851320656892	623.9454722414887	2153.529810571263	850.3661032264074	20.0
162	665.0625643319158	786.4664744951845	2583.0729723071913	720.5500627334932	1921.1248562146811	368.97330768016394	3.0
461	230.97203577262715	219.59245977853433	1647.5640499652231	257.70993393249114	1177.3082071663325	275.72486372722415	41.0
52	595.8423610565504	642.186615090845	2331.36754406842	653.5436202821878	1910.900170683084	786.8878769486464	14.0
302	591.1966713535807	514.8168284857371	3043.6583395570765	590.289324882814	2067.1605398385086	867.6968649364765	21.0
117	492.37242048694264	590.8878925611994	2744.448971277928	604.2229535540612	2296.8754071339995	679.6226212091354	20.0
495	237.3705541721519	258.6104688079828	1649.7697662258859	261.79832126144424	1148.788012314687	337.51650908628585	42.0
369	784.5428747115841	773.6873551334111	3244.956020353848	759.7617328019402	2168.0915850143874	1019.4111965988582	17.0
136	708.1420502353295	781.4596848404019	2722.7582330790074	782.7162171296998	1862.6713772430758	821.4758819345066	11.0
228	428.1132930216398	364.2817698964582	1740.9126951414826	315.780842180809	896.996150558646	488.1928251268119	32.0
356	546.9691246423724	491.36644507856164	2202.314201289785	478.2581832076052	1254.1525658389787	640.2924112101234	28.0
1	793.1145675548337	747.6537548316734	3423.4255757160763	738.0812749957532	2381.9985883417658	988.2500173866016	18.0
392	469.1244128136483	414.33120704341997	2582.278660398401	508.5439526091181	1956.4322815849443	682.7450590511943	29.0
390	791.2891046954344	814.384238416774	3001.552390564184	853.7775484688076	2002.8387200249135	710.1183355598461	7.0
311	854.1284961458484	850.7195817233934	3381.9970704745915	885.3420704757456	2287.7651625516164	811.1227926597603	9.0
221	530.5476385413466	463.5331237644324	2602.4339537838746	499.0655901300184	2066.831605602888	594.8233250225825	21.0
199	776.5631310526926	660.4015640744709	3346.5610376673685	842.5893341008513	2338.910642605607	882.546682059396	13.0
427	398.11994769732814	358.56080714610107	2182.754978255403	372.3581165219902	1749.410241105075	399.1445316593166	31.0
457	553.597965739439	466.1047813297733	2484.906247392866	533.9673078814322	1883.6737088865668	656.8766564174175	26.0
14	437.61052207258035	526.8870285539288	2219.348005732586	474.0073118271909	1829.6545229874114	655.6295323755904	30.0
249	718.3405764733538	698.4001335798717	2622.1249945353825	722.1780401150928	1806.4706275813553	773.1878273056843	12.0
48	518.2002503318638	402.42433928624035	2121.9463160668042	431.1871386727833	1145.2536678586403	577.5142844132723	28.0
107	683.6547224980295	686.6798309874945	3263.988746516363	675.4841606367733	2221.4943205674745	878.9230178881552	23.0
403	404.7136909752176	247.55954190542226	2154.6232267214396	292.63736605484524	1261.6274609518114	522.7994139412147	34.0
194	813.1075671217244	771.5409672987562	3042.992410642571	836.4601548478254	2154.1223982723404	770.8596945302032	5.0
333	549.3123730496602	435.0117668603366	2979.723826965219	562.9091080885175	1987.6203082869542	792.3497191683585	25.0
241	722.5685931050334	798.5294912358316	3247.457078102279	850.7117851874405	2303.86072478887	846.5497745634866	15.0
230	511.1937884559868	533.7241058536719	2806.8351963791683	573.2693424162422	2159.703244918096	751.614042015626	20.0
389	649.6883122552576	478.0913382734751	2926.2812769413135	512.7622175669147	1877.48208500071	797.2618129803186	21.0
253	698.5746095120439	623.8401450659493	2613.279553214977	712.0411576978122	1917.7078232764056	874.4746412114998	11.0
60	825.6415408711468	546.4847471142645	2926.277769052897	762.2236640660054	1977.024340921462	885.7688838673565	6.0
130	862.7102643357338	814.1778896578168	3440.2454060856344	838.5758240055467	2456.8265299481536	995.9585546507344	13.0
32	791.9291997731746	799.1775798100495	2953.5507234319257	785.0994165791254	1980.031586964582	956.208135347738	12.0
391	569.1781651459846	521.2584354494365	2820.455500442471	535.4551531342206	2048.5604455832436	728.2594401959026	18.0
410	408.4379460518561	409.4537437574227	2212.9460771097615	524.8930665730239	1914.5456257406602	485.1115609408243	22.0
433	171.96923102132885	167.7314807571117	1415.1851816550866	183.57540481367096	940.7065955722397	251.88978751188026	41.0
291	481.8480214461914	402.49423230398787	2610.0922999938934	458.7430818247902	1843.1508453481797	569.1917272921759	33.0
68	405.0756050478386	419.8398512721926	2164.595508205101	462.5545846689019	1855.2395656233412	500.6493931352311	30.0
