Performance Statistics:------------------------------------------------------------------------
Training Accuracy	Testing Accuracy	Training Coverage	Testing Coverage
0.9649835307620098	0.9647504916818979	1.0	1.0

Population Characterization:------------------------------------------------------------------------
MacroPopSize	MicroPopSize	Generality
607	1000	0.8985384615384536

SpecificitySum:------------------------------------------------------------------------
N0	N1	N2	N3	N4	X	N5	N6	N7	N8	N9	N10	N11
0	0	77	0	0	998	97	35	3	0	9	87	0

AccuracySum:------------------------------------------------------------------------
N0	N1	N2	N3	N4	X	N5	N6	N7	N8	N9	N10	N11
0.0	0.0	63.15768049870237	0.0	0.0	808.5779572192611	77.84445957723942	28.669023510047275	2.3979348382938923	0.0	7.617877344133556	71.65354435012786	0.0

AttributeTrackingGlobalSums:------------------------------------------------------------------------
N0	N1	N2	N3	N4	X	N5	N6	N7	N8	N9	N10	N11
467660.1356743888	5526.789129712721	2068732.72304927	268935.710585444	58950.48137531932	18255355.724501837	1343975.1181714712	560810.9698095848	216072.94381160085	8177.404080631045	255122.9003709453	2821200.6342859943	13371.597679474215

Run Time(in minutes):------------------------------------------------------------------------
Global Time	53.94147401650746
Matching Time	3.2731893181800844
Covering Time	0.0
Deletion Time	0.28360469738642374
Subsumption Time	0.0
Selection Time	0.05800529718399048
Crossover Time	0.03629790147145589
Mutation Time	0.0
Attribute Tracking-Feedback Time	0.4167151888211568
Expert Knowledge Time	6.020466486612956e-05
Output File Time	0.0015061338742574056
Initialization Time	0.0030158877372741697
Add Classifier Time	0.1757257302602132
Evaluation Time	9.744964114824931
Rule Compaction Time	0.0

CorrectTrackerSave:------------------------------------------------------------------------
0.9037355113133716	0.9535334826021812	0.9951483792663997	0.9683265983262548	0.9827939211373239	0.888693402172064	0.9907148200696908	0.9379839520210673	0.9820828977441839	0.9658784152664003	0.9389879374913415	0.9506090639469522	0.9458337823716192	0.9279641565132101	0.9395110048352551	0.9827586415388687	0.9832009444362682	0.9755708210156744	0.9629089501355499	0.9827244750384287	0.9722260592719613	0.9735600255335297	0.9653674213149153	0.9814696355805924	0.9722502977287125	0.9895399129475356	0.9987008145314932	0.9351699552161248	0.994164640525518	0.9791593450091766	0.9879794661032355	0.9590915336289054	0.9802177627086622	0.9970648071698109	0.9400992802740776	0.9571770378609296	0.9510510993983626	0.9516611236731696	0.984703693208859	0.9818222988131555	0.9752346285910284	0.991954313374551	0.9969554990970437	0.938656315843157	0.9931608241182319	0.9936613725589676	0.9773255283414293	0.9258649660177821	0.9498575016675836	0.9755111830633848	0.9756741933461542	0.9905592771472791	0.969340303443895	0.9972553646263951	0.8845231872923782	0.9700849822082886	0.987403502778971	0.9962206421656616	0.9988107436856146	0.9862766287805473	0.9020055815761807	0.9997294880447131	0.9816196727803734	0.9872945042833969	0.9790063237489831	0.9847072431012757	0.9971468944008821	0.9993818651327003	0.9420923989272526	0.948089959938247	0.959004660050118	0.7873537915766968	0.9537410134802522	0.9413690987825026	0.9988963383587603	0.977961142521326	0.9403211207641748	0.9789568289186243	0.9933565147001508	0.9444809882920723	0.9440721648062412	0.9990507663609496	0.8469334332966096	0.95569401092952	0.9941390591505385	0.9323486273440441	0.940958753327359	0.961662580134461	0.9885474341708645	0.9631921891276706	0.9751776695043275	0.9959452039006678	0.9280880742032886	0.9910888069171392	0.9854046325893616	0.9446166769019272	0.9432446296593675	0.9953677546674661	0.9923406381290748	0.9998162031260811	
GlobalEpochStatus:------------------------------------------------------------------------
True
ParetoFronts:------------------------------------------------------------------------
Incomplete Epoch:
0.37874960417345854	0.9464822295611367	0.9465129908481827	0.946513272802354	0.9465218320547066	0.961872065519902	0.9618974887085937	0.9619504728442709	0.9619741347311966	0.9620433077046805	0.97248452692114	0.9725677710440179	0.9726520554399126	0.9726710169242512	0.9726731440129888	0.972698917573935	0.9728555532620476	0.9728853926639999	0.9729451643263798	0.9729599863551838	0.9730463293656417	0.9855505938482846	0.985565284576718	0.9855903265214299	0.9856001326745816	0.9856102974494162	0.985636318487927	0.9856447871017859	0.9856969971079065	0.9872677618850478	0.9872814292023905	0.9873013953538052	0.9873107906273658	0.9873175975496536	0.987356810089766	0.9873937038479664	0.9874072770013991	0.9874112902522197	0.9874570393139325	0.9886373844132174	0.9886523408874771	0.988665837793466	0.9886861506203658	0.9887521137313384	0.9887866948019369	0.988808600599345	0.9888389772922596	0.9888486050702213	0.9888552720749083	0.9888957146459271	0.992465635492597	0.992477132133437	0.9925110593945471	0.9925283820368436	0.9925301960621408	0.9925794335456999	0.9925928850886391	0.9926001933098682	0.9931830300098549	0.9932160505289048	0.993467699269481	0.9934826232868809	0.9934831685596505	0.9949828647126481	0.9950137691531387	0.9953740044950861	0.9954865435757229	0.9963661065674214	0.9975947532224805	0.9981517577856249	0.9989938415786891	0.9995969431894767	0.9998266031179082	
750.0	747.3118279569892	747.3094170403588	747.3070017953321	747.3045822102426	372.4796380090498	372.2136945071482	372.09763313609466	371.9790419161677	371.7772828507795	362.6781836130306	362.63699307616224	362.23663366336626	362.15208747514913	361.7492537313433	361.7058823529411	360.14474845542804	359.7853356890459	359.7433628318584	359.3826395039858	359.0212765957446	356.770782889427	356.6489533011272	356.2415730337079	350.36875000000003	349.9735927727589	349.2831615120275	348.9554489376285	348.6941416893733	336.92978208232444	336.8695652173913	336.53932584269666	333.79129005751855	332.6793703396852	331.03267973856214	330.59302325581393	328.72577319587634	328.46607265250174	328.36512261580384	327.7481840193705	327.7294685990338	327.4478330658106	323.54430379746833	321.39433551198255	320.9302325581395	318.2097902097902	317.99999999999994	317.55385684503125	317.3608247422681	317.1662125340599	286.60852329038653	286.36182902584494	286.3150442477877	285.8404255319149	285.16890080428954	281.5058094500387	280.24355971896955	279.7551644988523	159.4967689822294	158.77967479674797	158.10275927687917	157.22571428571428	156.34699714013345	83.38468899521533	83.20502901353966	39.85399449035812	39.28186046511628	12.904347826086957	5.491200000000001	4.926787252368648	2.409313725490196	2.1463414634146343	2.135869565217391	
Complete Epoch:
0.35264903393877495	0.9910168332222011	0.9923491754007465	0.9925952174842252	0.9932225134624957	0.9962648162322184	0.9972340396049603	0.9978268353434893	0.999867529304441	0.9999461441565913	1.00000000000145	
750.0	749.0	748.0	275.5226666666667	145.30533333333332	112.11	3.0933333333333333	2.5460000000000003	2.126	1.75	1.4973333333333332	
