InstanceID	Endpoint Predictions	True Endpoint
0	34.5	36.0
1	34.5	84.0
2	37.5	13.0
3	110.5	80.0
4	7.5	30.0
5	47.5	7.0
6	-1.5	0.0
7	89.5	169.0
8	36.5	95.0
9	14.5	0.0
10	89.5	0.0
11	10.6	84.0
12	40.5	112.0
13	40.75	14.0
14	-1.5	0.0
15	68.5	80.0
16	55.5	285.0
17	26.5	0.0
18	1.5625	6.0
19	15.698251192062315	56.0
20	36.5	19.0
21	100.5	119.0
22	9.5	0.0
23	0.9794621373315693	26.0
24	30.5	144.0
25	48.5	120.0
26	53.75	88.0
27	8.5	140.0
28	17.5	247.0
29	75.5	95.0
30	25.793940757379122	117.0
31	13.75	70.0
32	30.5	112.0
33	66.5	119.0
34	11.92073549240395	182.0
35	16.81876574044685	12.0
36	59.5	0.0
37	28.5	0.0
38	88.5	216.0
39	-1.5	0.0
40	33.5	35.0
41	12.5	14.0
42	97.5	98.0
43	32.5	153.0
44	82.5	144.0
45	94.5	176.0
46	30.5	0.0
47	-1.5	0.0
48	82.5	144.0
49	64.5	0.0
50	47.5	98.0
51	112.5	285.0
52	38.5	140.0
53	16.5	30.0
54	100.5	0.0
55	34.5	63.0
56	40.5	54.0
57	15.5	34.0
58	28.5	100.0
59	-1.5	0.0
60	28.5	30.0
61	99.5	160.0
62	-1.5	0.0
63	14.5	16.0
64	69.5	126.0
65	-1.5	0.0
66	28.749999999999996	60.0
67	24.5	117.0
68	103.5	135.0
69	24.5	104.0
70	110.5	208.0
71	33.5	30.0
72	30.5	48.0
73	28.5	10.0
74	6.833333333333334	0.0
75	48.5	130.0
76	32.5	40.0
77	1.9	7.0
78	6.5	80.0
79	7.920735492403948	21.0
80	62.5	192.0
81	47.5	12.0
82	68.5	28.0
83	17.5	36.0
84	59.5	120.0
85	22.5	16.0
86	89.5	117.0
87	16.5	18.0
88	97.5	70.0
89	38.5	160.0
90	40.5	182.0
91	8.5	0.0
92	10.5	90.0
93	22.5	168.0
94	-0.3114153981800112	0.0
95	82.5	132.0
96	117.5	204.0
97	0.9207354924039483	24.0
98	112.5	285.0
99	52.5	0.0
100	19.75	0.0
101	42.75	154.0
102	0.9207354924039483	14.0
103	28.5	0.0
104	99.5	200.0
105	43.75	36.0
106	79.5	240.0
107	28.5	6.0
108	12.5	0.0
109	6.5	0.0
110	10.5	0.0
111	22.5	180.0
112	30.5	112.0
113	32.5	77.0
114	64.5	39.0
115	125.5	198.0
116	49.5	221.0
117	48.5	130.0
118	31.5	55.0
119	0.9287766079231967	11.0
120	13.92073549240395	195.0
121	78.5	80.0
122	40.5	56.0
123	28.749999999999996	120.0
124	-1.5	0.0
125	138.5	180.0
126	18.5	70.0
127	99.75	40.0
128	52.5	135.0
129	32.5	238.0
130	93.5	38.0
131	12.5	30.0
132	97.5	126.0
133	34.5	7.0
134	40.5	36.0
135	88.5	75.0
136	14.92073549240395	64.0
137	10.5	24.0
138	-0.5	10.0
139	26.5	49.0
140	17.5	57.0
141	47.5	0.0
142	33.5	0.0
143	6.5	32.0
144	64.75	55.0
145	12.5	10.0
146	39.5	300.0
147	82.5	36.0
148	99.5	200.0
149	2.943288066431454	2.0
150	28.87840124765396	70.0
151	19.75	77.0
152	64.75	44.0
153	6.920735492403948	8.0
154	64.75	143.0
155	89.5	195.0
156	83.5	68.0
157	8.5	0.0
158	73.5	45.0
159	99.5	240.0
160	6.5	0.0
161	34.5	144.0
162	50.5	143.0
163	78.5	160.0
164	33.5	40.0
165	40.5	35.0
166	0.9285714285714286	10.0
167	-1.5	0.0
168	100.5	51.0
169	28.5	90.0
170	1.6428571428571428	9.0
171	19.75	7.0
172	22.5	64.0
173	118.5	260.0
174	46.5	80.0
175	93.5	190.0
176	75.5	76.0
177	23.5	30.0
178	46.5	64.0
179	112.5	152.0
180	4.75	10.0
181	26.5	168.0
182	43.5	150.0
183	75.5	247.0
184	0.9207354924039483	11.0
185	106.75	270.0
186	34.5	0.0
187	28.5	6.0
188	50.5	0.0
189	-0.5	1.0
190	75.5	171.0
191	3.5	44.0
192	1.545351286587159	2.0
193	38.75	40.0
194	21.04535128658716	121.0
195	30.5	16.0
196	78.5	192.0
197	24.5	15.0
198	61.75	99.0
199	75.5	75.0
200	46.5	160.0
201	38.75	72.0
202	75.5	76.0
203	4.5	12.0
204	42.75	77.0
205	54.75	16.0
206	36.5	285.0
207	82.5	140.0
208	40.75	0.0
209	8.54535128658716	18.0
210	46.5	112.0
211	40.75	0.0
212	2.75	6.0
213	16.5	6.0
214	22.5	4.0
215	93.5	266.0
216	16.5	45.0
217	47.5	120.0
218	31.0	100.0
219	10.5	84.0
220	28.5	50.0
221	82.5	132.0
222	26.5	4.0
223	62.5	192.0
224	76.75	0.0
225	16.5	6.0
226	131.5	171.0
227	8.5	75.0
228	9.92073549240395	44.0
229	52.5	0.0
230	14.54535128658716	60.0
231	14.5	16.0
232	131.5	133.0
233	16.5	9.0
234	-0.21029549913115456	0.0
235	42.75	88.0
236	-1.5	0.0
237	69.5	56.0
238	70.75	120.0
239	27.5	70.0
240	6.5	16.0
241	7.920735492403948	64.0
242	43.5	90.0
243	4.6923076923076925	39.0
244	33.5	70.0
245	68.5	80.0
246	61.75	135.0
247	42.75	121.0
248	75.5	33.0
249	75.5	38.0
250	11.92073549240395	91.0
251	38.75	104.0
252	-1.5	0.0
253	19.75	30.0
254	26.5	40.0
255	37.5	26.0
256	33.5	55.0
257	22.5	52.0
258	38.75	0.0
259	31.5	44.0
260	139.5	200.0
261	78.5	60.0
262	47.5	63.0
263	13.5	12.0
264	38.75	0.0
265	-0.5	10.0
266	-1.5	0.0
267	59.5	120.0
268	28.5	20.0
269	2.7566653639180227	1.0
270	52.5	135.0
271	47.5	21.0
272	2.75	0.0
273	37.5	52.0
274	69.5	98.0
275	112.5	190.0
276	28.5	45.0
277	70.75	84.0
278	34.5	72.0
279	4.8125	48.0
280	8.92073549240395	140.0
281	18.5	65.0
282	10.5	90.0
283	47.5	70.0
284	12.5	98.0
285	-0.5	6.0
286	33.5	40.0
287	10.998750851473083	4.0
288	2.75	0.0
289	10.92073549240395	28.0
290	117.5	136.0
291	26.5	91.0
292	59.5	30.0
293	30.5	112.0
294	106.75	18.0
295	10.5	52.0
296	3.5151629988619906	28.0
297	31.5	165.0
298	10.5	36.0
299	19.75	14.0
300	38.75	112.0
301	22.5	28.0
302	13.5	5.0
303	0.9207354924039483	8.0
304	-1.5	0.0
305	78.5	180.0
306	12.92073549240395	20.0
307	38.5	240.0
308	54.75	88.0
309	6.671506700640606	8.0
310	17.5	152.0
311	16.5	54.0
312	8.5	130.0
313	5.979462137331569	3.0
314	10.5	154.0
315	21.499999999999996	99.0
316	38.5	140.0
317	28.5	15.0
318	3.979462137331569	2.0
319	28.5	195.0
320	4.75	10.0
321	37.5	0.0
322	-0.5	13.0
323	42.75	66.0
324	-1.5	0.0
325	-1.5	0.0
326	-1.5	0.0
327	-0.242636158816343	0.0
328	68.5	20.0
329	4.8	30.0
330	18.5	24.0
331	89.5	54.0
332	21.499999999999996	0.0
333	59.5	90.0
334	30.5	80.0
335	25.75	135.0
336	59.5	120.0
337	31.5	33.0
338	75.5	209.0
339	12.5	16.0
340	82.5	210.0
341	7.920735492403948	18.0
342	59.5	0.0
343	64.75	121.0
344	3.5	30.0
345	15.5	170.0
346	8.5	10.0
347	4.8	30.0
348	49.5	68.0
349	26.5	44.0
350	70.75	60.0
351	6.5	88.0
352	7.5	18.0
353	26.5	35.0
354	54.8	126.0
355	9.5	44.0
356	103.5	180.0
357	0.9999951032753518	12.0
358	103.5	195.0
359	73.5	120.0
360	28.5	165.0
361	33.5	20.0
362	40.5	84.0
363	14.5	20.0
364	4.708333333333334	12.0
365	131.5	76.0
366	28.5	90.0
367	0.9999951032753518	2.0
368	8.5	12.0
369	43.75	9.0
370	40.5	36.0
371	22.5	42.0
372	38.75	120.0
373	59.5	144.0
374	37.5	78.0
375	0.9207354924039483	26.0
376	75.5	228.0
377	19.75	14.0
378	12.5	210.0
379	43.75	9.0
380	97.5	42.0
381	97.5	98.0
382	30.5	88.0
383	18.833333333333336	56.0
384	12.5	21.0
385	59.5	60.0
386	3.5	50.0
387	18.52053786266843	190.0
388	34.5	78.0
389	1.545351286587159	2.0
390	14.878401247653965	28.0
391	7.920735492403948	21.0
392	16.5	72.0
393	138.5	0.0
394	14.5	16.0
395	46.5	48.0
396	61.75	54.0
397	62.5	48.0
398	11.54535128658716	156.0
399	32.5	68.0
400	0.9207354924039483	20.0
401	46.5	208.0
402	7.5	30.0
403	23.5	0.0
404	28.5	36.0
405	13.984897269467577	9.0
406	26.5	77.0
407	34.5	24.0
408	94.5	240.0
409	12.5	20.0
410	110.5	240.0
411	33.5	77.0
412	59.5	10.0
413	11.52053786266843	60.0
414	13.999999999999996	75.0
415	14.5	0.0
416	70.75	144.0
417	1.5205378626684307	11.0
418	49.5	102.0
419	50.5	182.0
420	11.5	0.0
421	82.5	108.0
422	-0.5	13.0
423	14.5	48.0
424	93.5	133.0
425	12.5	24.0
426	32.5	170.0
427	5.5	49.0
428	22.5	104.0
429	97.5	140.0
430	7.671506700640606	36.0
431	68.5	130.0
432	76.75	169.0
433	2.833333333333333	8.0
434	14.5	40.0
435	-0.5	4.0
436	34.5	81.0
437	14.5	8.0
438	15.57926450759605	136.0
439	54.75	56.0
440	59.5	120.0
441	46.5	64.0
442	22.5	132.0
443	23.5	65.0
444	12.5	30.0
445	19.75	98.0
446	1.5	6.0
447	4.875	8.0
448	42.75	33.0
449	7.5	52.0
450	10.92073549240395	15.0
451	26.5	60.0
452	6.920735492403948	22.0
453	33.5	60.0
454	-1.5	0.0
455	22.5	108.0
456	69.5	70.0
457	4.727272727272727	66.0
458	43.5	225.0
459	106.75	234.0
460	42.75	55.0
461	64.75	0.0
462	13.5	9.0
463	13.54535128658716	42.0
464	78.5	48.0
465	64.5	13.0
466	4.916666666666666	6.0
467	78.5	140.0
468	34.5	216.0
469	-1.5	0.0
470	2.75	10.0
471	118.5	80.0
472	64.75	110.0
473	55.5	19.0
474	22.5	72.0
475	28.5	165.0
476	6.75	8.0
477	88.5	180.0
478	-0.21673480645135995	0.0
479	23.5	54.0
480	34.5	77.0
481	78.5	144.0
482	119.5	120.0
483	70.75	144.0
484	22.5	48.0
485	16.5	198.0
486	10.5	0.0
487	12.5	4.0
488	10.92073549240395	44.0
489	55.5	152.0
490	3.5	9.0
491	18.5	20.0
492	21.499999999999996	55.0
493	83.5	255.0
494	94.5	112.0
495	22.5	54.0
496	28.5	10.0
497	6.897646999244644	4.0
498	48.5	70.0
499	94.5	96.0
500	8.540434663631975	99.0
501	42.75	154.0
502	22.5	80.0
503	10.92073549240395	48.0
504	50.5	156.0
505	100.5	0.0
506	4.920735492403948	13.0
507	28.5	90.0
508	1.9	7.0
509	28.5	40.0
510	2.75	0.0
511	59.5	220.0
512	30.639707749099465	120.0
513	20.5	15.0
514	-0.5	12.0
515	52.5	99.0
516	36.5	38.0
517	31.5	88.0
518	38.75	0.0
519	49.5	153.0
520	49.5	34.0
521	46.5	64.0
522	48.5	150.0
523	31.5	22.0
524	18.5	120.0
525	22.5	120.0
526	52.5	36.0
527	62.5	224.0
528	4.678571428571429	42.0
529	40.75	6.0
530	77.5	169.0
531	76.75	0.0
532	59.5	140.0
533	-1.5	0.0
534	7.5	117.0
535	69.5	20.0
536	22.5	108.0
537	100.5	238.0
538	64.75	121.0
539	26.5	98.0
540	6.920735492403948	4.0
541	73.5	60.0
542	4.777777777777778	54.0
543	13.5	60.0
544	40.75	28.0
545	12.5	22.0
546	37.5	117.0
547	2.75	16.0
548	68.5	70.0
549	82.5	144.0
550	13.5	45.0
551	25.5	65.0
552	14.5	16.0
553	47.5	91.0
554	4.777777777777778	54.0
555	9.545488996585972	44.0
556	43.5	108.0
557	82.5	36.0
558	32.5	77.0
559	28.5	42.0
560	6.833333333333334	52.0
561	38.75	96.0
562	38.75	0.0
563	48.5	60.0
564	55.5	16.0
565	16.5	18.0
566	26.87840124765396	52.0
567	42.75	11.0
568	23.5	55.0
569	4.75	60.0
570	38.5	140.0
571	32.5	255.0
572	47.5	98.0
573	93.5	209.0
574	19.75	35.0
575	8.810709162622945	5.0
576	7.5453512865871595	24.0
577	54.75	104.0
578	10.5	168.0
579	95.5	144.0
580	40.5	112.0
581	69.5	84.0
582	33.5	65.0
583	14.75	208.0
584	46.5	72.0
585	18.5	20.0
586	25.75	108.0
587	13.5	6.0
588	18.5	90.0
589	12.92073549240395	77.0
590	5.5	0.0
591	112.5	76.0
592	18.5	80.0
593	112.5	133.0
594	22.5	6.0
595	3.5	65.0
596	82.5	180.0
597	36.5	133.0
598	6.5	32.0
599	1.8333333333333335	5.0
600	21.00532087668831	121.0
601	9.5	40.0
602	-1.5	0.0
603	97.5	210.0
604	21.499999999999996	44.0
605	19.75	49.0
606	-1.5	0.0
607	26.5	14.0
608	22.5	40.0
609	59.5	50.0
610	71.5	144.0
611	82.5	84.0
612	38.75	40.0
613	62.5	176.0
614	22.5	96.0
615	4.920735492403948	54.0
616	18.639707749099465	180.0
617	38.5	200.0
618	40.5	140.0
619	25.75	99.0
620	112.5	57.0
621	70.75	72.0
622	55.5	228.0
623	52.75	0.0
624	28.5	25.0
625	73.5	0.0
626	10.54535128658716	22.0
627	52.5	36.0
628	59.5	75.0
629	103.5	180.0
630	76.75	65.0
631	34.5	60.0
632	70.75	96.0
633	7.5	36.0
634	28.5	30.0
635	-1.5	0.0
636	14.639707749099463	56.0
637	18.5	160.0
