InstanceID	N1	N2	N3	X	N4	N5	Class
477	1500.9798975686479	1903.1408769244642	2198.0300419807395	18393.223065278216	1621.6708113233915	2567.3896237735694	-0.848872488540578
421	1518.6896709612552	2124.504501569773	2929.0391135344344	19205.904696805777	1564.7460503228062	3052.9144289043	-0.848872488540578
178	1627.1768747251358	2302.9461236487077	5295.171929600567	12765.823943212019	1379.0152681278637	2900.187420858529	-0.49901177664292
576	888.4630840562183	975.6487757062633	1361.5147323678548	14150.828481251314	885.3245464162455	1268.107228960353	1.41088885306209
387	1948.9440065412296	2425.077310343718	2771.872155734091	8537.337212845283	2013.6480404381984	2046.2719540494907	0.493150590278539
183	1621.8301895507266	2324.1966346613294	2728.367825069394	17395.352510730052	1711.4197573798526	2538.331747846831	-0.675262089199912
606	1689.5710458617039	2326.1132696044383	2662.549374651185	17857.74774322621	1713.859341433916	3059.720930643367	-0.675262089199912
212	1862.9801967053695	2394.267046055011	2768.1427382232187	8386.217009850563	1933.2622336723152	2042.2488787980808	0.493150590278539
617	235.87704585852023	307.7779428815035	3221.618166365231	10943.244326260712	206.48134321543938	1634.7248452578988	-1.38309263996582
433	474.5518345322829	565.5950361511209	1298.3925137044125	17973.87951783595	341.3067132318631	2067.8358832541567	-1.41044611617154
398	1797.6138215944593	2344.1878827482	5144.919804101605	12861.798479417947	1879.1512958731419	3201.6068945609754	-0.49901177664292
145	1538.3110606548323	2282.5873256089867	3064.132265796923	19463.827870705612	1636.742949988211	3140.8165025616836	-0.848872488540578
3	1846.0813990089723	2322.167597719361	2722.807302541709	15159.29487240258	1940.189250572824	2244.8357326998794	0.843858212814768
316	1829.206300573368	2460.2570219483505	2801.988520710999	16086.386880475824	1881.384239617313	2867.216986780122	0.68075478845144
153	1647.3528151304881	2116.051648745429	2555.839488125867	15318.438550090994	1764.4912070629603	2390.4164883843687	0.843858212814768
616	1965.3181168721314	2456.7613596018114	2838.7705428539457	8649.851247686633	2040.2181035241667	2157.832636869872	0.493150590278539
284	814.8751804240636	1029.9559833778942	1386.8359377759557	14773.862564389638	588.2844280421824	1927.8998942130554	1.41088885306209
494	226.6721786600928	337.97371377258946	887.4346802750881	16965.738911215765	244.82223216735147	1163.3817838070795	-1.41044611617154
84	528.1757354435158	687.5742426607703	850.9173048554424	14070.008749110048	669.8172217384438	1270.3453140773202	1.41088885306209
567	376.5653103077554	490.663107312629	520.8587764041439	15895.275391672692	305.96193109662516	479.90291672341704	-1.41044611617154
79	774.0944715397053	857.6445245318436	1142.2477045470503	13065.858825902922	913.0262235850298	1372.9440463754815	1.38177329067604
412	1865.151732611447	2313.392957363366	2846.8321601839657	15876.55415532588	2010.1333040678128	3019.577395660605	0.843858212814768
121	320.5336851471827	445.80932267277194	530.0721698562869	8231.938423589994	367.6084482321438	1616.8302373605775	-1.38309263996582
431	1889.0558270138902	2478.2674169820716	2818.3022837154554	17753.841327821057	1846.7913907497216	2865.408519048165	-0.675262089199912
330	989.3268123130102	780.1364363693447	1170.7803862839216	13971.373517258295	727.6942989245127	980.8337028796127	1.41088885306209
14	709.7521267063765	698.9438967185938	1008.311004946578	14734.98575620714	650.6774418395735	2021.31837342996	1.41088885306209
486	1930.5841308223967	2312.91014920236	2758.071663564706	14509.515953070058	1896.2109323681536	2215.965874332098	1.0
269	1778.1861392273638	2131.0488833454965	2542.419641763879	14069.842178191944	1685.7777458685848	1684.5795295220116	1.0
0	1942.0037661632268	2495.597279283831	2833.7077855538378	16255.872671441144	1971.3679445171374	3037.873307560459	0.68075478845144
358	1670.796827912816	2193.4082309029463	3000.3153102552715	16987.693063160343	1617.6523788679506	1758.433192752985	-0.675262089199912
220	1882.313964689294	2343.580057248958	2605.160285529957	8438.408264573447	1954.8147370822246	1947.735442606454	0.493150590278539
117	1778.3292847000127	2363.6048295778014	5461.171254010952	13040.595348201125	1655.602040071789	3139.0509427263387	-0.49901177664292
184	1804.3745711237311	2218.697875895514	2638.679813396727	16213.387072063495	1881.00817716997	3038.202142591874	0.68075478845144
586	1032.3059609467782	1154.6904942709884	1476.7523452723156	13707.544288799321	744.8779688093133	1219.4602249228856	1.0
536	360.03986765379284	285.3300638535809	1116.1513948681795	17787.261942780086	393.8353386892427	2009.5462474935305	-1.41044611617154
348	916.1253104087721	719.7313626435318	873.5084584519072	14697.99604799479	652.1026941280599	1795.341210293403	1.41088885306209
103	1946.543753171895	2460.844318561248	2730.677112816534	8640.998693357311	1995.3358224435217	2154.2858438310295	0.493150590278539
155	1699.0503890426937	2082.4059004634714	2545.0819630346987	14978.310082332424	1795.594223444213	2213.4615440901684	0.843858212814768
452	1668.306143961316	2062.5441064928855	2330.438214414233	14599.730885341442	1795.7307571523845	1944.3115661862794	0.843858212814768
589	397.72876579824714	447.8989201665211	3305.0994234709433	10048.444083743765	325.71541313646725	806.2891510131758	-1.38309263996582
276	1414.6929028386878	1599.3373103942947	2020.506197215429	14172.289817264862	1431.4886199046166	1948.511089924938	1.0
614	1523.229046783914	2286.7108986461826	2943.563415297125	18325.368978965216	1547.502639115142	3011.4236615606533	-0.675262089199912
444	276.4900266078995	379.12585414638437	731.0602437029163	8390.796069984299	248.69037543020497	1621.55713651174	-1.38309263996582
560	1940.3601555119612	2477.2490063505916	2792.3990552498444	8566.127479585972	1993.2438632597596	2148.9140251338395	0.493150590278539
527	1778.231274922351	2112.162700460489	2445.7099353047965	15274.544262743686	1853.6437712679053	2462.626530768647	0.843858212814768
239	277.01597460118046	340.7824316454278	1172.2690360538031	17670.09337904946	287.7530489380697	1842.4915948648734	-1.41044611617154
274	1892.8234771028372	2526.6867534614144	2735.960657231821	8746.38857669078	2008.9844762761797	2139.68236245358	0.493150590278539
478	1727.516177761543	2248.9637003200028	5333.286687161407	12934.992958205627	1616.316982266482	3088.4391173908166	-0.49901177664292
118	277.5272549063117	363.21545956528985	3267.3528590406986	9726.256479247204	284.8995505873769	571.9468336534484	-1.38309263996582
425	376.0810224405047	469.32632339368433	3512.160943766577	10902.575063707434	426.77953577885353	1551.0552110858378	-1.38309263996582
604	1220.0390345841313	1964.078162485757	2694.7786972996137	17513.59373168417	1335.6776007936708	2485.5528971245526	-0.675262089199912
146	1853.4850520809773	2310.539164489171	2669.0667484990663	8378.580901754694	1670.3402260498444	1830.9308793178714	0.493150590278539
60	1948.9275725086948	2486.5465346836536	2978.1812231865474	16428.91849054359	1990.5919591622924	3055.619507528252	0.68075478845144
506	1851.2017494129739	2415.854866564162	5052.871744171974	11688.404617260956	1865.1300897485319	2304.77146628093	-0.49901177664292
113	778.6407542554412	694.8396957228439	980.3771920602695	13029.205878191671	819.8372306766294	1076.9276703220385	1.38177329067604
42	1896.1262006492527	2410.9333869823267	2894.5408608997727	15906.650023591546	1973.0175888803456	2627.4871098691956	0.68075478845144
334	1784.9983495984213	2356.189970873417	5089.890978382604	11590.300752860463	1766.1992940663315	2037.6967160971192	-0.49901177664292
298	1511.8753336466739	1932.316174714451	2256.316708800516	17597.567642282767	1318.1838866936087	2774.81319569685	-0.675262089199912
253	1851.0374805897902	2387.6096454589156	2773.4088932222276	15716.816061347141	1975.153887769382	2586.67739716366	0.68075478845144
488	1174.7471936924399	1246.8347275336307	1665.7606979725147	13923.115631021872	987.9605775826342	1601.5424964064505	1.0
67	1145.9905924677619	1418.8798032055765	2157.6975014991226	17500.502160863918	1008.8781591909589	1380.4609781216877	-0.848872488540578
241	1699.6850446281535	2240.173816312658	2482.869833026743	17834.786952983326	1705.0888140832324	2976.7395828000463	-0.675262089199912
462	1736.2665711468067	2192.5768025833463	2502.1822682012003	9803.373570608514	1366.0340830353316	2573.813066057518	-0.49901177664292
34	1687.12191144683	1899.7836534706362	2438.169388233438	15734.927710234346	1642.4387218442976	3012.9353561822	0.843858212814768
165	1844.8675173391118	2215.950387380764	2562.0477859170387	15889.520147601379	1814.789503847609	2505.0318559615366	0.68075478845144
409	1668.6456458664568	1906.7214660318823	4445.2416036585455	11249.762856335237	1507.1346156869618	1638.9200436182218	-0.49901177664292
11	1477.9731414750374	1754.219352834646	2287.4528435212796	15262.566568923989	1499.8456660095533	2585.5929611847787	0.843858212814768
207	1153.7917776334039	1303.3453184617301	1662.5092166039149	13539.314974943183	1029.2814453597334	1151.0665868519666	1.0
602	1317.7736987399044	1434.80460312083	1895.7420091133222	14157.310946098893	1166.260995303974	1642.0033372889397	1.0
363	1306.1792691394526	1385.4291303764523	1828.871947962392	14181.778654326423	1056.5344315045788	1663.1000571635398	1.0
367	1732.7321398653949	2001.6027506374007	2461.1422270497924	15945.578388025242	1709.4431589424476	3003.5943243157126	0.68075478845144
135	791.518527099019	905.9017780344439	1384.5704727567315	14033.381691194423	976.1194350180393	1622.8898555630826	0.843858212814768
397	908.1326579201492	1021.54848325759	1497.8838513022642	14540.39481672288	964.7100353396951	2141.4053036643077	0.843858212814768
271	986.8275617098348	1053.8433715761723	1595.1329454074782	14828.60258117509	954.9476908550653	2174.4432710865954	0.843858212814768
396	1063.8062721417346	1608.964811346288	1704.4302581023094	9256.097787852646	1279.0413279147656	2334.106523330002	-0.49901177664292
552	1876.7692108471967	2339.7168027153243	2654.407185778523	8429.217296835865	1981.553545658985	2020.874828308624	0.493150590278539
518	1846.1448528545488	2268.5674126878675	2675.046024749683	8424.313618114023	1909.3701458154992	1921.6039668604787	0.493150590278539
54	1826.038414340822	2220.541376139464	2556.299569783	8438.584148440179	1971.1124357877122	2041.9249390570214	0.493150590278539
344	1114.8416655595715	1169.393272758557	1335.698459122052	13745.755229070808	885.3056937477752	1372.8669564774145	1.0
329	535.1160758546703	404.67901647064656	624.0432331636896	12367.005329377665	438.89470452989747	560.2935760946858	1.38177329067604
134	1023.9278429364264	1573.5663223946458	2126.041467276069	17330.59137625802	1039.1083445439237	1337.4590488993417	-0.848872488540578
48	1603.2140602672202	1874.3523042958427	2298.967847428592	14845.447854585454	1621.260637147435	2299.409728664596	0.843858212814768
73	1329.4970636496816	2076.682561860504	5242.494414333081	12483.602284779156	1648.517603257823	2927.3069133664926	-0.49901177664292
98	1365.607068283584	1460.3169085887323	2012.4104383118054	15048.294902484353	1274.4773208855725	2467.1218023700226	0.843858212814768
229	1612.4618532491274	2276.9731349382537	5432.31338743945	12952.909360842355	1522.7700602107013	3107.3267086530145	-0.49901177664292
570	1761.0104202139587	2154.7224237400005	2399.6994510439786	8195.594678778198	1633.6543172076545	1820.547423393966	0.493150590278539
548	694.7930606130183	610.9297999843178	885.6956278233416	12977.550491755737	615.2357995156705	1052.3294734553328	1.38177329067604
169	1265.647936454363	1838.8457121903587	1911.8221556315732	17227.73565776854	1064.6167472555396	1438.5097127420563	-0.848872488540578
133	614.4510354938184	659.5042426764675	1030.715660060879	13066.788031408616	561.2787720314874	1130.056857191163	1.38177329067604
89	315.43385861945984	313.37852949613057	332.8336926414215	8129.23436711637	311.74472745050775	1510.5420714663226	-1.38309263996582
21	335.6278816856509	470.41567633969794	2756.9242647461942	10552.71370226049	334.0328625932613	1671.4345162590537	-1.38309263996582
100	1753.3216251213755	2205.0689839000815	2689.9172380749396	14556.88280482268	1752.2909712766234	2258.462700568903	1.0
256	524.3673682983059	574.8776456947121	713.3218912134546	13963.473115522867	519.7746254488466	1284.6641431773091	1.41088885306209
95	1780.1502852929543	2132.1523635363396	2406.8612296298525	9084.349499837977	1825.4320577956144	1729.926815693601	-0.49901177664292
568	1670.6872499905087	1920.591618685191	2401.3419176824555	14431.955853143074	1523.1061040758252	2268.7763165341794	1.0
189	1324.2339537331748	1800.4378406864787	2003.851899664528	16351.213661634814	1443.584067256114	1591.2789002074799	-0.675262089199912
198	541.3329587838571	661.2756616178235	824.4087030541302	13499.869407034128	553.4052430090129	1038.814885581535	1.41088885306209
612	1395.306793562158	1960.7257424114623	2676.0346807778715	18657.28666376089	1469.2425063698695	2574.9517441373628	-0.848872488540578
556	1707.1782273050353	2210.760104114076	3076.9890293937306	17354.191230220848	1776.5182168116135	2084.5602973859895	-0.675262089199912
609	1328.6511441373332	1804.5188223535436	2010.98085350366	17134.03589617121	1451.3720521485184	2261.25713910366	-0.675262089199912
475	803.9857732418898	938.4165779595158	1327.1875592055708	14575.341575171647	632.8409379992464	1801.4885233197683	1.41088885306209
467	1908.6172623665782	2408.7723895820113	2785.9477540550356	8531.351213480493	2049.503801683614	2086.1811991838586	0.493150590278539
65	1514.9583775318433	1829.2626259888013	2591.6842864812093	17741.447002845624	1265.748707564375	2514.78921223713	-0.675262089199912
97	1849.506443370211	2273.3499283255346	2843.443116040057	16152.239802024214	1894.2723383336431	2935.8656352345533	0.68075478845144
378	1651.4602517307374	1991.782892491896	2803.3073931177423	17905.90744886405	1376.4457800770417	2580.4337473825035	-0.675262089199912
335	1389.4592303364457	1795.8286623864733	2112.777889510898	18058.94374375801	1313.861199300538	2347.4881293534418	-0.848872488540578
562	1802.0157060041513	2266.0526029177945	2570.8029809352815	8473.006439532182	1914.757607399823	1926.5865954190763	0.493150590278539
295	227.15742576592584	289.1243086887565	980.898197141198	17574.91703856104	433.219009238798	1779.8906052519685	-1.41044611617154
326	1573.2879574158105	2109.7326835154236	2380.3439106110573	18512.127388328478	1645.454462029766	2533.0774155659165	-0.848872488540578
195	1871.6304278052014	2385.588801899814	2810.0140157377828	15798.687755246498	1919.5595451925221	2911.9928595379715	0.843858212814768
446	355.7668471530891	401.72204751275126	2767.237403652387	10527.875881873624	313.5561117912882	1719.4807491042397	-1.38309263996582
251	1019.1493018304789	874.0067447516044	1261.530279113117	13320.747391371768	895.9653019160753	1331.5444576520836	1.38177329067604
338	390.05118396382363	511.0666928476473	2969.4969313490433	10816.484074333614	351.4261170586216	1709.8982676454764	-1.38309263996582
285	1891.046932230138	2454.044585299552	5578.300122048936	13213.880604036114	1912.770512015067	3372.007077675823	-0.49901177664292
171	714.3170720913939	630.0361564754575	978.1729881689487	14209.15224112001	644.2384567485675	1385.2794080604558	1.41088885306209
201	429.62896416743234	546.1721632811391	1071.0691749873708	17625.66003584328	397.9387142421763	1856.315607329047	-1.41044611617154
297	483.83501887338974	655.1073188496263	1442.8500778545708	17525.003187484388	526.4131779008083	1536.1460138210011	-1.41044611617154
61	927.2171227922121	903.352207314772	1358.1239580147476	13394.07708890944	965.1492974813306	1566.2179658316013	1.38177329067604
125	2062.995483548814	2598.216221670967	2947.349127318678	16174.459749624695	2042.907534310502	2805.3967309997847	0.68075478845144
243	1397.5648631077438	1964.556069253624	2770.251874439431	19295.93371821345	1268.2817756725437	2994.0878022681227	-0.848872488540578
245	363.3631482517449	539.5519552163477	784.8922655808436	17407.938025887914	398.9589633706546	1964.9417553730873	-1.41044611617154
430	1849.469946483512	2269.648681471284	2638.8181695748185	18659.429606228317	1746.382408960553	2788.378774670068	-0.848872488540578
521	670.7539454454063	742.9194293259187	1050.0981603080775	14180.87303846311	877.3973243016621	1516.3192442040088	1.41088885306209
385	1769.7334857097794	2424.8856971520704	5518.277400687044	12052.82032857069	1622.463221623074	2257.2487810945513	-0.49901177664292
283	1829.8093924803218	2348.0703524749915	5515.51001346461	13075.827414006335	1884.424828881553	3171.180402144132	-0.49901177664292
406	1847.6189112563566	2388.527314003512	2786.6249861999077	15795.521990450732	1917.745218749664	2964.192264257719	0.843858212814768
119	1512.1842930151233	1970.3902664386617	2774.2778882524376	18042.044294752934	1471.5412177297385	1698.2869355652006	-0.848872488540578
597	363.6005745807498	415.5314884673082	477.5769754432529	7151.790709752196	341.28502374473806	594.0450274928947	-1.38309263996582
196	773.561364511999	709.8548919729491	994.5831636954687	12717.494824014759	798.0018489019834	879.6751517157198	1.38177329067604
187	1525.8557601515863	2217.6876085324075	3077.750489684566	19502.088697608608	1518.774074872651	3206.1196510908117	-0.848872488540578
543	871.8125602322085	731.0166331628793	1020.6740745332957	13179.055528884634	932.606888182082	1387.454148423728	1.38177329067604
539	1834.7336286579937	2440.1299479143295	2835.0577831110836	15100.675743134594	1986.8678483386348	2215.1284435173584	0.843858212814768
223	852.6091373151554	968.5599747212523	1307.378903788926	14335.953826182013	615.6433203109488	1467.9236041523293	1.41088885306209
535	1770.7064191750967	2051.5247662797956	2467.480415525542	14096.311906352425	1703.506998241815	1811.3459727334302	1.0
249	699.4241119573234	715.8478339199835	930.372828409493	12653.640663277221	659.8552931928002	915.4634660118166	1.38177329067604
191	1714.6054117247063	2138.249913121229	2492.80832427442	17590.53536750589	1775.967006368899	2493.216316644306	-0.675262089199912
628	1602.977889137578	1704.456876964522	2178.6303033961713	14016.750214653192	1290.0359563140853	1753.4926799682453	1.0
393	260.44271903525214	368.13815588196724	2754.7360022977955	9530.619240683334	227.31149022998645	675.5631154913275	-1.38309263996582
70	548.0909228232964	660.8516927879903	838.0209908836708	13525.222178610438	564.8868618819567	1025.5116784226493	1.41088885306209
341	429.0584801941198	457.34890658512376	3023.0348644349206	10747.52638043655	360.2572833595242	1714.4795824693665	-1.38309263996582
142	1903.0514802689406	2509.5329170418936	2802.4651645184786	8664.846325838915	2035.9584104960975	2105.067189326218	0.493150590278539
180	1715.389728670111	2006.4233444320275	2417.5967010716618	14468.64270235369	1715.414592241315	2177.348352793875	1.0
498	934.2994382468646	739.4676313876625	1105.3690562668992	14284.645573141617	653.0256711370901	1267.3150163803339	1.41088885306209
90	355.6820169748871	417.0179833416468	470.3853775477092	7120.788681524649	380.8234711790811	551.8228345557219	-1.38309263996582
439	392.95803386372285	631.605882535684	1162.2343592012407	17620.126401976075	410.7922166911243	1919.3173737348739	-1.41044611617154
574	358.2572387471384	607.30207875942	593.1533227946994	16822.282031146704	479.7851539215403	1419.7712566532766	-1.41044611617154
257	972.2475520525259	1374.4768545707977	1598.992603681634	18062.685054933685	951.7678565379109	2541.505359229178	-1.41044611617154
304	1510.842105771497	1618.4406913267303	2195.7805050180064	13624.50068628041	1384.0367885051494	1738.3836075020552	1.38177329067604
124	931.6957672942124	1363.616837670616	1961.1736871202702	17966.78448730833	843.6607412627316	1923.4826911937391	-1.41044611617154
547	1065.7505952374229	1636.6552504730985	2289.3862888576014	18084.32753994411	1098.1723742184754	2067.4880744214397	-1.41044611617154
356	1574.826096630829	1836.8535948109925	2227.5354720799173	15528.287725083263	1628.2812780284557	2558.062084811721	1.41088885306209
482	1835.758187005801	2513.5877107709343	2835.954593533154	17147.469489615105	1909.973992346575	2194.25039658334	-0.675262089199912
384	2014.995522925635	2502.946124654875	2817.1710886314395	8767.076417250179	2139.6147810723824	2310.0512547693884	0.493150590278539
419	1818.7773135356676	2317.5615523933084	2541.7523288019465	8438.317542914736	1985.3791759028732	1956.1389067044063	0.493150590278539
116	1759.5504852873535	2352.9533319162033	5370.0584408322175	11948.977943541518	1891.1865094889918	2006.4955321873301	-0.49901177664292
571	1452.5049024693383	1887.2737860090792	2629.556275143314	18928.51492333136	1571.3296900277717	2563.0428960657273	-0.848872488540578
603	1871.601644499893	2368.639496286474	2774.420808502452	8450.619619900124	1990.4099152766871	2036.8769941652135	0.493150590278539
138	573.5910213878198	535.2039569236493	874.643166860028	12540.412471418666	472.44996464791916	571.5790275271289	1.38177329067604
311	1763.6276460176514	2276.4401738807414	2735.5802473551953	15347.953073962022	1823.4514652216199	2521.0110679537775	0.843858212814768
140	1692.1901396846893	2301.4775673065533	2520.444344903043	16784.82541749415	1700.4838650179502	1883.817127608407	-0.675262089199912
168	1294.700444766425	1797.4330689532555	4754.8445792430875	11442.096683558184	1619.6811455013526	2052.040813074984	-0.49901177664292
247	755.4381124931558	538.3485784153748	881.8389430211766	13051.98416864035	583.9343164631798	1104.676384236849	1.38177329067604
16	275.1858248875518	356.53897686235393	3273.4458047382786	9792.56395934414	291.8942447404683	597.9936402077271	-1.38309263996582
327	1934.0842701550769	2457.0161641146665	2816.3393008622506	8643.806931349074	2067.7266938668445	2204.0220988862357	0.493150590278539
630	236.09927008482956	343.72968953168015	953.9938987851534	17450.194538028896	283.6746931875394	1744.7026352437113	-1.41044611617154
558	1644.9206177651608	2121.691367256588	3162.712652219224	19605.36616962783	1479.8823487060674	3164.628364070591	-0.848872488540578
40	1523.7832517754105	1983.7531696225415	2302.8260764866864	18362.52495269802	1341.087105373147	2471.091698714052	-0.848872488540578
350	1895.2303860566853	2359.5727809402483	2777.3069570720386	15535.632214228135	1876.9184134686425	2596.6859148217322	0.843858212814768
262	1856.4518663301349	2277.1348843823816	2801.4101435836305	15956.797958420972	1870.724007571303	2913.686246432732	0.843858212814768
76	1452.813727612245	1933.1194502902904	2744.508310325679	18920.360674437485	1615.3397172092039	2527.555159452093	-0.848872488540578
590	1897.8450058384221	2370.2858187849524	2777.9126277101955	15830.863575793635	1975.665221970414	2614.875453448611	0.68075478845144
179	1796.6343011400772	2236.380437033859	2806.5578086139567	16167.986972255874	1863.150698446264	2897.208143424182	0.68075478845144
301	1865.6494786627966	2391.631386268018	2732.0732040783228	8562.150800856893	1935.4820252715601	2129.3047078915806	0.493150590278539
553	1864.634020568316	2310.1501714659726	2732.310919675501	8408.13569393399	1922.5136607536442	2056.5556278641284	0.493150590278539
479	1724.2195058381972	2083.4124050330374	2475.709763403511	15400.02029594031	1726.721365571635	2313.904148595891	0.68075478845144
429	191.16547112898573	248.75528237325534	255.19528134814328	16235.220731520758	218.20837560723135	948.245288740813	-1.41044611617154
592	229.31737786140474	309.7052431618006	988.3002303271164	17104.09724706122	265.2895726540498	1229.0760718006445	-1.41044611617154
225	1869.3923307752598	2486.3114000365117	2965.4376444366835	16143.207154356092	1966.4831059511716	2729.6464403635377	0.68075478845144
457	312.9487615712074	443.9018065739705	1146.1198394741132	17612.21137796979	254.78375399218532	1850.8463442937464	-1.41044611617154
317	1788.1280168602032	2136.340448532194	2623.601192782287	14312.599389685924	1710.893441939981	2060.1394180258344	1.0
267	256.09228208272185	409.0149603391775	438.3364219923031	15841.598670524503	298.2829241854628	497.01843927696757	-1.41044611617154
328	411.2633065037527	534.3611766325303	1075.9173311092372	17045.807236242996	391.6073743525199	1255.680741698655	-1.41044611617154
154	1980.5633363596091	2443.896142786273	2806.936938362557	15499.856750544765	1977.3311910444559	2691.3389576330446	0.843858212814768
131	1850.7252274138436	2238.6422503901886	2666.792496150089	14564.091002304704	1863.834273068646	2406.341644222633	1.0
584	1661.1922297546487	2230.684522091914	2581.735754418139	17438.324873001107	1506.4663001574736	2485.398072040749	-0.675262089199912
27	1883.2302909439302	2496.55914294262	2845.8106365694703	16189.565810548054	1962.4808493347414	2947.957779668051	0.68075478845144
600	1587.7446133942708	2178.7584811368	5279.650598541919	12670.085349569727	1347.541063712181	2815.6563100087715	-0.49901177664292
523	1275.1777133684586	1366.8044512904667	1785.4919483534431	13722.568558748544	909.3581285042845	1441.7972452373335	1.0
529	1713.9241535048675	1923.4413840084571	2462.21920407316	14572.269243671972	1596.2056367115117	1885.78541350801	0.843858212814768
38	1400.8827014511112	2108.0226979082786	2393.252325091373	9994.84776323768	1464.696719701682	3030.5320810392273	-0.49901177664292
45	478.48595444779284	476.8023213143174	806.724198148323	12881.641090298526	437.482492985852	994.2574611240715	1.38177329067604
557	340.3010219268845	332.64424083069827	470.9073550024497	17095.06085821774	244.47718950285378	1758.2302208016065	-1.41044611617154
349	1506.042997062605	1714.784803898911	2232.0242136396937	14309.91156609639	1418.0185795871832	1912.7925790016882	1.0
346	320.29677540633634	316.87660543482474	562.1590359592817	16836.078154397946	384.94058924257087	1314.6769086410739	-1.41044611617154
489	1603.755253481527	2312.950479867683	2501.474910148192	16653.428555979073	1450.760691194891	1769.9242281492047	-0.675262089199912
598	353.26510070652665	466.80291549892723	2986.4746054397806	10779.136963513185	309.42784640020164	1665.3067819711134	-1.38309263996582
263	445.19392353954237	531.8796027911488	633.8427870788147	15984.729192757022	322.9374763873087	507.49678689349514	-1.41044611617154
226	1369.5485436332087	2106.309512207799	5186.5874578212115	11595.6241448524	1713.7231419674142	1944.6897959484563	-0.49901177664292
321	2036.4925199650406	2549.972670637038	2949.1536489183077	16378.98520568257	2024.2222594852024	3090.8332424212867	0.68075478845144
629	347.36484212671195	416.81269441070225	642.0732834553011	16800.691316304223	339.1273629068198	1387.0446180153108	-1.41044611617154
126	2038.7999155872399	2279.7113742441347	2866.3540176406163	14692.547434115591	1918.5948902800649	2432.2106292883536	1.0
91	1538.054746417335	2150.024782902359	2934.543287262361	18014.287950752427	1533.7021109635402	1747.0107569322672	-0.848872488540578
265	1068.3505168799843	1065.1755446016061	1406.788971285499	13898.564615660778	753.8233484590506	1090.2131418522417	1.41088885306209
544	1401.209476882538	1306.5461047874467	1797.8569483005144	13761.551698519645	1120.113200774528	1632.6471256223815	1.38177329067604
459	657.7940293078547	664.0980279938171	1042.1685793928411	13214.742845315237	629.3040904490264	1124.834771534029	1.38177329067604
621	1861.357840469493	2377.224300348723	5560.027835155912	12172.852841342516	1888.0317408364199	2293.4637084512287	-0.49901177664292
266	1820.089434691113	2430.4283925414484	5572.864476327954	13179.195406320478	1900.4466721125586	3313.9020953747668	-0.49901177664292
217	1656.9479465151085	2160.246847139569	2509.9830747302262	17321.785660529713	1489.6112556397507	2367.815617028358	-0.675262089199912
401	633.742057336526	897.5586306094339	1078.9330485411185	14701.978041459235	952.7292947599312	1926.4482957441696	1.41088885306209
324	1478.6301803387225	2221.6212273616993	3006.855308619418	18370.74587042684	1385.1859842828321	3022.8701766324625	-0.675262089199912
417	295.1088535457761	426.9805816900424	3301.147114437603	11010.176702521574	245.0397154960182	1665.3336843463308	-1.38309263996582
308	1928.3985172736682	2457.654040434449	2799.4888652496224	16319.793665030997	2017.1763932705542	3132.5094902268734	0.68075478845144
445	1861.253611584749	2226.0813628474843	2775.486586819603	15927.856238872118	1872.399094758074	2542.4473969900923	0.68075478845144
458	1868.5003476181735	2280.0963539004124	2560.9440195483357	8449.952139700257	1887.429672639507	1833.79045762097	0.493150590278539
376	1212.3941818878175	1652.2559963172139	2502.743813200251	18397.595098320813	1150.781476776831	2164.486734586997	-0.848872488540578
371	1740.63893593368	2322.060706179784	2593.3081488750777	8399.918680702543	1870.3239874818437	2029.5801286250833	0.493150590278539
312	1726.2631602673323	2314.237651003406	5122.143999610596	12599.444355771899	1460.6346465177292	2983.614937614878	-0.49901177664292
545	676.7537485297438	595.6949773670826	777.3246350851643	12786.672102513417	674.2420485337356	1037.5507594299286	1.38177329067604
504	1479.5281404577884	2071.116123573354	2282.467015361839	17464.372212835002	1449.4132617272996	1698.1199402753314	-0.848872488540578
404	1161.9745180988632	1863.8586332728785	2103.8340185796246	17937.40666536429	1210.7380003166954	2264.2353000345393	-0.848872488540578
246	1823.256482720439	2236.612665096172	2621.057946544166	15575.057799546046	1854.911622735635	2906.410798649213	0.843858212814768
420	253.84795845779513	417.4466566814137	3400.738965236077	11152.876971993048	295.3397949802406	1883.2521227236289	-1.38309263996582
206	236.00402108090674	332.5469436345624	557.5288291047591	16839.783057216235	268.9906794502909	1308.8988175737366	-1.41044611617154
231	949.9174970318718	738.1244247379401	1128.6311969515348	13222.500722802331	876.7850647601596	1368.7023274270323	1.38177329067604
546	1013.292921329295	986.810082726868	1121.8209984981413	13998.882946154294	839.4419112504652	1138.5035352584534	1.41088885306209
490	1837.3998752934158	2367.5371989995633	2829.156427530174	16967.913296263527	1762.2927955182224	2048.9260460877317	-0.675262089199912
25	367.7376712537763	606.741712553139	704.4488590313676	17245.555675901058	368.3743561517032	1884.6911514741055	-1.41044611617154
320	517.442970130321	786.325563774995	3209.92623198521	10840.18923548565	580.5855521559946	1980.9129896112229	-1.38309263996582
62	1985.7866719950655	2573.3419397783446	2950.300982291536	16094.346909639427	2049.1572043560486	2756.2306804675263	0.68075478845144
77	1676.0306117472312	2162.142427613135	3032.166809643405	18199.871633106224	1620.472822892972	2534.8761964906685	-0.675262089199912
455	1769.890130863291	2382.749863482201	2659.768425225548	9206.625593067494	1810.9159851891475	1959.6982427608625	-0.49901177664292
626	878.6893020726574	755.6973655916494	1034.3401345439138	13111.313939123445	881.4950350240897	1273.1524327001025	1.38177329067604
216	1745.928488151218	2107.1747979433508	5426.015994304462	12973.962720373693	1685.3485654455344	3097.194713079077	-0.49901177664292
438	1955.4843379411361	2507.179864955123	2789.985632040473	8745.372455421644	2009.4283217191746	2235.1180895255093	0.493150590278539
581	261.6955881280856	361.39395966018014	3346.61052332254	11049.659612700305	332.5967287609736	1671.0291293686425	-1.38309263996582
47	1287.8471866982852	1939.1923194670856	4682.152305341891	12327.993319523104	1317.9921247618563	3132.8060919838126	-0.49901177664292
83	517.0038699219966	513.3371507265458	656.5718466334173	13911.945092226786	509.57023858378756	1263.9837304450932	1.41088885306209
580	677.4798171757045	739.317999416411	1183.1559825429879	13205.392864885225	771.9826077259544	1273.6124088120405	1.38177329067604
78	1071.5178178302285	1140.9959087485863	1574.001294612161	13269.335495291969	603.051318410916	1157.6974523648937	1.38177329067604
391	2009.9435686960596	2561.667680251724	3062.650134401319	16515.674954566242	2023.0200318275513	3091.65241325123	0.68075478845144
585	617.5192316734339	679.0154918014861	789.453411957775	12840.741773395272	818.1641475990893	1117.6656942775087	1.38177329067604
468	1972.8801617679662	2406.0190125359168	2908.3031974889627	16351.08035674584	1911.3030458700352	3014.344621500955	0.68075478845144
525	230.97529455267195	379.58477426890846	484.95120773647074	17073.694666964024	261.73140906164144	1698.4328533145422	-1.41044611617154
333	1929.913829079451	2388.0350636615103	2799.5818630599374	15530.439045151306	1926.463013833647	2661.4445832572806	0.843858212814768
147	876.4397092395805	748.5836159264228	884.0266904921381	14428.549363695402	628.9090541572598	1488.9697179911027	1.41088885306209
382	1802.638743126739	2419.067756299666	2650.9209769907193	10428.447637049112	1849.9517067504528	3243.958170386333	-0.49901177664292
306	1828.0671413140149	2404.434806149833	5043.624086039879	12614.269998928758	1876.5507760727771	3251.5638262627567	-0.49901177664292
555	1767.4931453767965	2317.0455872319185	2607.208409069425	15740.98623672808	1939.950382235783	2522.138714862274	0.68075478845144
192	249.81742465686526	405.6271880968474	398.61978278783033	8262.234497224195	232.93741798600206	1581.7994088550481	-1.38309263996582
594	1835.4469488111522	2156.9460490148317	2663.2154489863697	18128.367747294105	1649.525568163411	3065.917688300203	-0.675262089199912
71	1838.158710427398	2449.401638972356	5620.155680257207	13196.32363058428	1877.8360354283318	3315.8733355171657	-0.49901177664292
209	1808.8247688250958	2410.7642678704215	2713.3868930455315	16095.819030820307	1801.5433345549147	2912.4202222296685	0.68075478845144
286	1686.587648328507	2287.4633145647304	2624.5224670774164	10233.019689423041	1714.0062244765973	2981.4063215865353	-0.49901177664292
92	244.59889125751116	318.27961222295914	3216.264368494106	10958.106208812116	246.25272834060308	1583.8419588575546	-1.38309263996582
63	1844.5685597415782	2407.3578783238745	2752.9021935127157	8523.023546897906	2006.1740574939972	2094.801630995641	0.493150590278539
101	355.21903240492355	342.4511626012167	1088.6645851865276	17150.541565123815	273.3215826428601	1382.138935247242	-1.41044611617154
157	1876.3726002958565	2429.4202927926153	2769.1480599999522	8561.03710079909	1992.6289778394641	2164.8364288167054	0.493150590278539
279	281.33503521167836	475.2134466743594	765.2255295388076	8523.075179022495	255.3628338913034	1629.618502420185	-1.38309263996582
579	1534.9596107721675	2028.674191143081	2482.336103805301	17965.269691978905	1369.244004797837	2800.755990889077	-0.675262089199912
473	657.0647065797098	723.9847296750561	914.4030571580497	12785.345876126947	627.3624761658613	952.8889159289524	1.38177329067604
182	1848.6945570219689	2443.8466596486655	2698.2965258077656	8591.777378540375	1994.7860428871172	2167.6369050161534	0.493150590278539
240	1378.0821521596756	2063.3260678496877	2766.57670734768	17576.001349628878	1425.0804052813107	2504.2800312221607	-0.675262089199912
565	517.7499703623122	491.3506921257	729.5635622094098	14378.698209587074	513.3899050906542	1623.1249597867345	1.41088885306209
128	1496.4566425276962	2040.3208026655327	2930.1491329027094	17908.551669875986	1388.2739091810959	2484.2311975246002	-0.675262089199912
534	1464.557490509068	1738.8706222702817	2223.837767091952	14264.849239083893	1399.8886010478222	1927.1605416888226	1.0
233	1852.805100831597	2406.254925345001	2896.972937055086	15571.199653968331	1968.0136341340597	2350.3315270051708	0.68075478845144
450	1942.7690480103317	2394.2448530523875	2850.2790601843813	8605.113770652382	1936.6149801103477	2070.896876676601	0.493150590278539
441	1120.7119701729614	1507.9632664176488	2288.284071527209	18749.08971939317	1155.824787014631	2889.408391448748	-0.848872488540578
32	1127.2833883715255	1824.1969964440484	2464.9302042549143	18313.477913357005	1198.6375946375263	2307.6084558852863	-0.848872488540578
537	1654.0816720462274	2045.21860585308	2405.849707275065	15312.884097519616	1665.3812713426912	2686.2403858687617	0.843858212814768
160	954.1591006816637	804.6905116356056	1219.9561302911527	14231.768582276274	587.111295757006	1235.5733839444754	1.41088885306209
200	268.31817378744046	354.49548108116994	448.6943514736506	16634.40945825995	225.04208883730035	1146.5237573547904	-1.41044611617154
395	715.6214216626238	854.1675240463148	1062.7223845374617	12732.700742448265	562.5017908997768	1001.0891379318351	1.38177329067604
163	1962.5255865150955	2490.7838522872253	2856.4607308240725	16269.022014440176	1957.6795519935895	2989.134032208693	0.68075478845144
305	1844.3706784335293	2340.3434577298854	2567.483090563366	8556.409619603219	1987.3140192842002	2044.960352941809	0.493150590278539
541	637.7971111293431	518.9523960514947	838.0089802203013	12608.840984130924	552.8399476351801	644.9107487095985	1.38177329067604
13	1900.2273888060952	2290.0003971732435	2807.3234665782525	16075.82539334635	1951.732879392802	3239.9754072276282	0.843858212814768
299	288.2713636329293	301.24647777142013	293.79258892857797	16514.455235953305	210.28611528194935	1176.6539345027263	-1.41044611617154
162	1181.2585365917753	1821.347567844759	2189.28704139598	8793.1741989108	1538.2064706954084	1509.4253629232946	-0.49901177664292
106	1787.7088191435446	2261.937574229092	2649.809057329859	15816.678735628746	1810.513377310711	2950.6174866219385	0.843858212814768
51	614.6927478587243	573.49971743459	957.4709954614879	13069.320538331232	630.9765159052704	1156.0353647448703	1.38177329067604
161	1599.7191702237183	2190.910933306675	2540.670938519383	17609.615852049472	1608.6174047255265	1829.2013924502803	-0.848872488540578
244	1722.0112724346604	2335.5997888061693	2743.621186170307	16935.88251384096	1774.5238376842285	1962.041217139987	-0.675262089199912
415	1856.0971674135653	2309.8661995856887	2791.5501810673763	15551.309624898524	1918.1294224744547	2507.231694315049	0.843858212814768
502	1939.4005962138629	2425.7013851245238	2859.027692451808	15871.819215062776	1985.0797754613661	2623.615039711381	0.68075478845144
493	1834.2856096778505	2373.8919371426573	2942.560033600386	16040.287419231823	1788.7346133355084	2546.3450997597793	0.68075478845144
277	1661.1177682904645	2127.114832051915	4906.250796724212	11427.561877092743	1742.281059526005	1646.1904876192536	-0.49901177664292
447	1278.0156270263715	1643.7428116431217	2274.447590895744	18822.850881640352	1167.4013484075065	2692.1264623718916	-0.848872488540578
222	260.63796206459017	414.77042668383166	374.6268465283133	8191.3713991802415	273.51958302557784	1643.573974044385	-1.38309263996582
52	1953.4546051018099	2487.00174390994	2785.5574345820332	8573.893884815714	1939.8875661279	2135.1020959826824	0.493150590278539
464	301.1419848982086	425.9270428935689	3402.134768400652	10906.806105914879	370.22584464280783	1544.7546445561532	-1.38309263996582
588	1587.0211324420131	2310.901262801375	3185.1280190545613	19546.359751456363	1729.8695084477072	3243.5957644417254	-0.848872488540578
599	1564.1294342781837	2123.1070069315288	2960.5763297361336	17168.25385031731	1383.0588373117262	1754.2570651023348	-0.675262089199912
623	1817.732348585818	2345.2286757549273	5615.278740562952	13230.305049825694	1715.810953203814	3333.171792214862	-0.49901177664292
59	1362.0945201981024	1849.2622087006648	2189.7860181692768	17690.267592325665	1682.024184280981	2902.7555883532514	-0.675262089199912
620	1382.742745234278	1515.4431978972834	1960.30283152926	14282.916633944345	1349.5786973538318	1962.0668296496049	1.0
476	1156.8568346756335	1815.0483044365092	2435.12632377714	18828.99311795403	1344.7794837161225	2915.6186170824676	-0.848872488540578
122	238.3515315816977	376.3858187874641	404.6201416323621	7086.850250222971	279.69427614597885	512.0711617905621	-1.38309263996582
474	1871.1146417213888	2373.2481188798392	2792.7141583808316	15802.694706372455	1770.7111570809836	2834.6541622580876	0.843858212814768
440	332.65672619033893	441.74719012409986	1252.3710097054293	17825.68057206799	318.1559555634469	1913.1763513354579	-1.41044611617154
466	1753.9331935950192	2166.7183193617025	5156.875789522126	12853.596590578882	1854.0068830551365	3270.577937786303	-0.49901177664292
211	1868.0041528501051	2295.2111261748933	2700.080121078289	15163.798303725585	1856.6751899152982	2181.5842443311244	0.843858212814768
46	1870.9887720687148	2469.7934908252214	2896.5006827369457	16295.995618787461	1945.7851883605754	2904.359939484697	0.68075478845144
510	1829.8872093000384	2374.9110948285697	2726.2405293923634	15750.062557928313	1840.3582737880342	2457.66447012753	0.68075478845144
6	1280.6652739657936	1397.937702266369	1841.0915381582943	13850.161755933805	1161.379162272448	1527.4258845878348	1.0
381	1763.138245292002	2349.2568309126846	4906.808078985168	12384.790665935227	1679.9024708458423	2945.781626486361	-0.49901177664292
23	255.52220787345732	393.16928653817536	518.345877245478	17228.446003736844	373.1978736899248	1773.1145608555926	-1.41044611617154
472	818.9424922276476	708.003986669979	835.6629817503873	12836.40270717722	824.8696586208941	1064.1175165787297	1.38177329067604
141	1845.9569270638347	2364.9177840875172	2771.6244185977644	17785.20131694375	1843.058659127785	2757.8042325057963	-0.675262089199912
618	653.842926264059	556.5851402145086	771.9058553174027	12894.612784512232	669.8882141650053	1134.4628107982548	1.38177329067604
615	506.45654665513155	567.0633194078248	3550.693521040518	10976.43972236828	448.05743372463144	1711.5498641603272	-1.38309263996582
362	1919.293757149192	2357.7344198776723	2864.9527528002736	15596.528213787984	1951.5046336018352	2622.194875822951	0.843858212814768
374	1641.195565504254	2363.5838414420937	3165.6856334541567	18525.115575711327	1787.9976555985893	3162.1265982826035	-0.675262089199912
508	1031.0694266506077	1649.650998921207	1914.5556767935348	17528.36151205768	1386.1987741805754	2732.8464036449595	-0.675262089199912
186	1915.3635088822512	2483.6559241019886	2742.6999559252126	8676.593130612593	1840.5222299051475	2100.809934491785	0.493150590278539
369	296.18705711627354	413.1692424156997	3259.3161728582295	9890.261632578922	333.95854717253707	577.4530910057653	-1.38309263996582
41	1966.5561086946184	2429.0199282344365	2958.118104075801	15699.136007379764	1960.905005195284	2219.2047525735916	0.68075478845144
416	1296.7553661816587	1540.879300233314	2048.3634766261407	13883.857515865693	1131.9440244303566	1576.5175232340669	1.0
442	873.0559929851939	840.6984167212643	894.214793378654	13854.972414574155	696.0002918770386	965.1645498566647	1.41088885306209
281	536.068407388225	493.7809166327224	767.6072449945426	13677.306482068585	634.4834261085406	964.4652103963896	1.41088885306209
292	1930.709447845652	2389.7661792541835	2737.1314897405605	15506.076154760865	1886.7830237790454	2523.4147854445127	0.843858212814768
422	1548.8923138526566	2020.0584960999754	2914.9387505062623	19100.837750005754	1696.7233618518103	2606.8104981936413	-0.848872488540578
400	1341.847431899195	1967.5101614209048	2667.765162312855	17884.931575492945	1466.9430896013723	1745.806760895129	-0.848872488540578
300	620.0464521258733	688.4131487220569	807.1759750119129	13799.154107634959	882.7428494951023	974.4264955308948	1.41088885306209
314	1756.2044497413356	2312.8740880671226	2583.3528552949624	15344.852985317568	1960.5806746688831	2455.2618820649805	0.843858212814768
342	436.2138838402439	544.1605772609794	3472.7975841826337	10235.351207957736	432.54269268570926	899.8931777884967	-1.38309263996582
343	384.8031315744116	608.1485147815903	1211.4853909016524	16593.001114647814	428.6461144583378	738.144358884097	-1.41044611617154
427	1203.918707302957	1172.1341942534095	1733.8675778647835	13628.133562660289	975.6925708700168	1575.6518617853956	1.38177329067604
75	1810.413901009613	2270.936193395893	2799.908298175963	14341.603934195144	1895.3549370184667	1995.4787033706384	1.0
366	1930.5355022023878	2455.229779338397	2729.7479318999954	8537.30862130624	1896.8308009927678	2066.7171163255703	0.493150590278539
37	317.99221526581346	399.91774457309964	3465.6876799376387	11164.73408684037	297.1196840433762	1897.8430709853342	-1.38309263996582
208	761.8686110598553	714.4113948305034	1111.3987902163767	13249.355651785883	742.5203541815505	1350.451801868387	1.38177329067604
357	1951.7782094044487	2472.1292041549837	2775.1772516500578	8676.060166854633	1983.8578625143446	2138.343358546499	0.493150590278539
434	1936.1022608067037	2431.8593501964156	2941.7418038641777	16518.156979932297	1983.9525903995925	3102.598370176131	0.68075478845144
389	1870.9384587417044	2316.7989890473877	2586.0219146157106	8349.17296028507	1696.698634447145	1832.9271927900745	0.493150590278539
282	648.4717308516839	538.0646920752985	859.2091062718881	12889.042546993893	550.0161148531557	879.0946372487491	1.38177329067604
595	1922.6220409369955	2386.6064839968826	2840.9376010762467	16327.146653691498	1932.9897269763508	2993.9245066544277	0.68075478845144
522	249.18676648169532	398.34139808943365	3414.070936176801	10782.693685724658	271.1532013115078	1473.8773878437985	-1.38309263996582
250	611.2121068401729	721.2548716773325	998.3044586680383	14708.281279364168	650.7294880852893	1950.5796093438419	1.41088885306209
309	538.0244690633766	746.9776015609591	941.9688020819744	14476.777893945748	537.1901383892308	1696.5138467507861	1.41088885306209
485	1627.7816252917003	2309.2288648724616	2623.1488012796162	18468.310196236092	1768.9584031615466	2582.916285065096	-0.848872488540578
149	1905.4073735344691	2105.508364970774	2645.9052553067186	14341.234033944696	1791.198447569365	2125.6958670755544	1.0
481	1594.7563633897446	2179.4329031263196	2481.061087128631	19034.437254371427	1442.2265481806692	3021.0107485772855	-0.848872488540578
611	1899.0328842465237	2499.488279658751	2831.4314156368473	8587.51676866373	1977.0178255803626	2128.7741517714594	0.493150590278539
372	1865.957596719995	2369.1977629561325	2559.5634373539024	8518.790768276762	1935.3471739174088	2045.357090256896	0.493150590278539
188	220.8036082023398	281.93295169059525	632.465251503165	8201.606447078988	192.76230998249403	1368.679899325407	-1.38309263996582
495	436.4283274927899	564.5123466571079	823.7900165476133	14337.388448719565	452.1817397061864	1484.8654696339445	1.41088885306209
453	1703.036395515718	2345.4066089305284	2747.564187463466	17044.97931231751	1827.5309876586193	2054.60293866497	-0.675262089199912
307	1425.038670730893	2147.193825100065	3057.4027308469044	18952.394034143003	1485.3391056804007	2568.914505887555	-0.848872488540578
170	1908.791666690652	2345.8186737285	2785.57905524553	15989.93676642999	1924.819270101555	2462.0858333379083	0.68075478845144
505	440.25225883659544	490.7529108125104	813.4797904598453	13715.940221522691	439.4108908104945	833.5881853369865	1.41088885306209
370	1293.6883288673728	2024.590782150183	2848.1069344632156	17094.70965656917	1604.1628399378912	1944.0859139125314	-0.675262089199912
542	1831.046398560498	2321.209309481479	2651.492362228271	15063.939179221727	1887.4079867581245	2322.928544090219	0.843858212814768
497	1694.467851021457	2149.61490750274	5233.036691001258	11805.037218413132	1829.6368382705461	1751.101665938886	-0.49901177664292
563	345.16657838097916	343.5509623702474	542.5060245191594	15964.866707026116	429.6278228314915	405.97695831313104	-1.41044611617154
68	1697.5672287994914	2166.99205587513	2403.417491968961	9038.161948965917	1766.3881795693887	1699.5397273712472	-0.49901177664292
43	317.91892930124186	452.80463728421904	3257.525311336817	11031.543201076867	245.87792073034308	1622.5384729017526	-1.38309263996582
20	1523.958470238629	2193.265029658464	2966.4657841333797	17821.11238067563	1587.4624448820614	2528.5620133712896	-0.675262089199912
515	1491.1151217809206	2191.2602822094154	2996.743226609596	19434.49189153378	1639.196633394994	3189.660296627849	-0.848872488540578
633	362.6919688308355	450.3147833028518	3338.514839725602	11095.154889452724	327.9655079698422	1695.3750298190114	-1.38309263996582
619	1596.7519439772334	2149.754582428353	2365.3003730026444	8938.746597974412	1584.0011132635775	1599.432723017631	-0.49901177664292
575	422.39763145605764	490.1622514579408	3491.653903706359	11220.38484485551	443.84180871824924	1812.3080986693715	-1.38309263996582
273	1640.1504184374419	2036.1181103677698	2727.5909747203136	19067.806894121382	1691.9182982835698	2597.746005355535	-0.848872488540578
351	1302.0458688947585	1947.772267146229	2895.585439269645	17841.20782183453	1636.5956940546025	2719.3107503390197	-0.675262089199912
500	424.5430883491681	532.1879797842339	3061.242844142962	10745.956893053906	368.65252862362763	1594.3779802156712	-1.38309263996582
280	922.871168076682	822.1088439898934	1251.1566034375237	13276.021329959354	777.081386609538	1234.2489729640224	1.38177329067604
583	1981.1518404427152	2517.859610851292	3086.4531916470223	16459.97012866967	1974.7048893831145	3040.542920867847	0.68075478845144
49	1903.1032048313505	2421.802292158611	2892.9987926459457	15726.262229132923	2006.5328260400063	2395.749496861552	0.68075478845144
394	1493.5593038526279	1747.363619911292	2143.629835001737	14145.353228310627	1408.8343703203768	1849.2536122644422	1.0
136	386.61533733037095	539.070424793933	629.3405255968815	13569.687570054888	421.4661228027977	815.0140943122892	1.41088885306209
109	1819.801922458286	2264.828285697665	2722.236103011503	15119.054928029378	1907.7379014181201	2061.9488103364274	0.843858212814768
219	1842.5075403281235	2316.821152680798	2684.1385333668227	15564.22082870102	1817.7870366985712	2553.360729156879	0.843858212814768
173	483.89500073333414	397.98118594931145	971.084311306316	17725.65834686386	363.2050435751867	1920.2103144693483	-1.41044611617154
69	1820.5427385831406	2336.116826934529	2623.0537478585843	17629.258486844465	1682.392987410329	2595.248689356199	-0.675262089199912
288	1871.855048120729	2446.096883982685	2793.897870180639	8696.721013999972	2054.366856245861	2179.5698847541626	0.493150590278539
564	1771.8505594840692	2271.94337744781	3021.785756276504	17979.21070127265	1758.9501102568815	2657.2757100218055	-0.675262089199912
405	928.0941356742073	780.8729834879242	1022.6901890878399	13038.032030406257	640.0788681522154	1073.7559403859154	1.38177329067604
80	504.6825181017167	571.697380821106	757.4070937356736	13696.640862228236	504.1530418628813	890.9802071922707	1.41088885306209
461	282.03513117042326	396.20213437886946	464.1723162741892	8080.14864123434	334.8382436836614	1472.2720444210395	-1.38309263996582
144	1813.120082046358	2381.637885909846	5498.483049054357	11992.66050829934	1828.7455402367837	2095.510710608661	-0.49901177664292
205	1048.2578569852296	1082.27803492214	1496.0918171639491	13355.00692005324	898.2596950890149	1332.6756828147552	1.38177329067604
313	375.6591229053268	481.61703885261727	3453.936811588697	10137.646822735202	328.5160534299261	874.0292321938191	-1.38309263996582
166	805.5097810072419	967.8834995164956	1397.555909160832	15109.973383272223	1114.4678825146143	2169.518197837719	1.41088885306209
8	1734.6061645572306	2312.886789415129	3307.266739938023	18745.10208959633	1621.9774227060987	3191.5826053158103	-0.675262089199912
255	759.776603552881	669.704826994758	1067.211243860913	13203.087687794552	761.0274199030771	1238.1459651464609	1.38177329067604
258	655.3955896367505	818.7142006988539	981.1737846151775	14404.512520051623	617.5717089615075	1641.1765441124292	1.41088885306209
151	1817.0307526537683	2306.613017529605	2773.484442136689	15180.311993317822	1870.3339011510725	2313.0037007449223	0.843858212814768
199	1636.3291866013296	2296.3423697547673	5373.5955834458055	12955.679142370213	1423.7841079874142	3066.2716417676766	-0.49901177664292
587	289.4614642045257	438.5672821706372	1196.7684355991753	17769.280413142027	384.5046273227094	1959.8154939180226	-1.41044611617154
53	427.3858886115652	552.2625214503233	3562.5183923838813	10197.91265939742	510.8814228883824	827.1264780021406	-1.38309263996582
252	1849.948228519354	2496.2987404162623	2765.3295483240768	8572.780528412102	1924.9256189807004	2101.7642501684863	0.493150590278539
99	1655.546083669785	2251.7893767784512	2590.817463196306	16841.24454972337	1451.8008599189461	1826.4573368631704	-0.675262089199912
410	453.3101008135888	529.8390569844897	710.464840909718	13847.605940856412	515.9545069021134	1059.2326874239177	1.41088885306209
465	1683.6250431760918	2320.258774786307	5088.115933548068	12699.420210669388	1453.5511494540165	3101.445081669011	-0.49901177664292
437	1749.0538444169817	2365.955239846444	5531.180459804686	12254.272838293798	1912.5241056788366	2282.187318134238	-0.49901177664292
293	1683.1186516505688	2224.282954786325	2963.414096914253	17806.295043416783	1658.933426939354	2463.5072517993094	-0.675262089199912
105	1414.6825542194267	1830.0181357208037	2101.9229616716643	17375.754900616168	1304.314212187621	1565.8918017524763	-0.848872488540578
50	340.74936831026014	388.5796733639291	1043.3884243461252	16469.018305758593	287.6202294897153	599.8014676362632	-1.41044611617154
572	1064.0770450408331	1188.921708346113	1532.848145861284	13391.830875915999	959.1569647487759	1349.6130428816916	1.38177329067604
591	1305.1053126322568	1927.7912748113088	2323.9821810274857	10041.434605674143	1709.9423475470628	3072.567531023269	-0.49901177664292
193	1903.7824566793836	2378.745011950734	2845.7884114186195	16042.541697112563	1947.297862311174	3065.4494267500363	0.843858212814768
435	1496.3946007496497	1939.7160197043975	2690.4835739817618	18040.48446294728	1490.7553075773963	1640.1646623060524	-0.848872488540578
260	330.6880500811878	404.72271181567305	3292.1960351419207	9830.18857557389	348.7930485322052	544.392443366965	-1.38309263996582
318	1654.359915412552	2283.7383838901596	2553.6941778819332	17856.975006665034	1479.9270750363662	1823.2266487383615	-0.848872488540578
454	1696.3220356782879	2305.0120864096434	2542.185438098457	8426.789582952346	1813.6242653184465	1877.4374621648205	0.493150590278539
624	1646.4215170711343	2227.4505329240415	2501.3683868302214	9165.003766795055	1408.8143694764678	1898.9906427262445	-0.49901177664292
87	1692.3769613689706	2216.474345831597	5036.468831193537	12536.952782314458	1535.3755147125648	2845.614789811685	-0.49901177664292
601	1321.5155511503533	2043.763819329217	2800.3626829135387	19197.468936581	1409.0292100939303	3014.209543516277	-0.848872488540578
291	1735.4056365772296	2195.1444263361072	2721.743443120123	15865.905387326406	1801.3588644385263	2417.2041277157186	0.68075478845144
111	278.72277609211216	338.4008600056132	1075.2584039330784	17188.590305758764	321.37417154344536	1354.3715188374658	-1.41044611617154
302	1670.2709916916424	2137.347995955357	5360.066085767696	13016.669097140142	1608.6181334430344	3131.219034781924	-0.49901177664292
19	1815.8898076519386	2359.696709440504	2787.896807761839	15900.055111750104	1853.2617368684662	2468.2740238415513	0.68075478845144
287	1771.7316853591237	2145.247204770408	2523.136414873377	15198.176070482617	1788.7803218668162	2408.104294552344	0.843858212814768
4	570.2387350609121	595.0278721194859	870.4808088580423	14485.1657707695	882.1060896441234	1642.323759508941	1.41088885306209
66	335.63756295257974	435.10036786913764	2964.58814673799	10799.909692366122	237.68417635145434	1690.713074343781	-1.38309263996582
471	1922.849369659753	2417.132593774118	2986.806002438	16524.076581561265	1972.1247538069483	3120.191780617542	0.68075478845144
289	910.0264172881567	738.9186954669728	955.5665700124533	14588.638581680507	650.5483351160833	1541.2418960184525	1.41088885306209
213	1785.4572827223817	2385.8394941981264	5555.524143301003	13266.795204045395	1876.7425528198187	3297.8089493320886	-0.49901177664292
528	336.0885190333316	375.3760712241603	3385.5915714475827	10144.382420665064	326.5196350994253	828.0749816949092	-1.38309263996582
380	1842.2827398538227	2361.5819495127575	5275.517248802539	12839.988059109653	1860.3415580710225	3240.7267074527094	-0.49901177664292
428	1504.0751452922011	2254.8502367043598	2479.358625029516	18916.564073395657	1593.6564299624322	2960.805690451151	-0.848872488540578
158	1644.9148227016574	1767.9358349792906	2246.459964868222	14220.150281178881	1484.12134779475	1826.315356397977	1.0
39	1775.633944829669	2296.106117047821	2851.870443060216	16239.646104610434	1833.0953318379493	2912.0172602041994	0.68075478845144
36	1768.7843729123852	2167.1965144253445	2495.2819666828264	8481.24981676076	1918.9840717910395	1876.3034479202897	0.493150590278539
156	1104.5032895327108	1487.18771967371	2278.1850288795727	18802.905267352045	1054.3415969380444	2755.2028203245613	-0.848872488540578
24	238.14683927778356	340.690031210052	3396.464463577925	11149.924195839443	268.25390501932407	1781.3937216569161	-1.38309263996582
108	1577.2469174669825	2118.782981800857	3071.3303244378353	18075.904475188287	1613.7426669927063	2574.1753433497047	-0.675262089199912
635	1503.5230700496963	2187.906438484624	3025.6571431905536	17955.2651473225	1422.0404301542947	2449.188047398775	-0.675262089199912
152	543.1794099963851	663.052315680902	971.9990268599166	13711.938654525718	534.5621235090482	1065.805355426457	1.41088885306209
377	1454.1190595197734	1716.0761074593056	2076.9221651326848	13809.910690219856	1325.4616563263899	1688.72495716964	1.0
559	1729.7205209284364	2183.1665205669124	2587.7635964826713	14954.635366777558	1836.8592862796752	2073.089753353329	0.843858212814768
451	1448.388654503866	1966.040530083816	2002.7418255430623	10036.47483546078	1717.088966641992	2947.0293311630626	-0.49901177664292
323	667.5029678436047	529.3594755949	926.4350512988392	13111.430752845028	614.6461460488447	1178.6186843625355	1.38177329067604
337	1686.7015104080467	2198.289521080899	2596.184192266485	16865.967763875426	1640.1804021458852	1841.076258745166	-0.675262089199912
484	1768.511482923444	2230.247161169984	2668.992747323305	15353.22701925955	1893.294839425413	2453.5926890986198	0.843858212814768
411	1461.9875411944786	2029.7064306179316	2279.4396519397924	18302.846951361083	1421.2193959174424	2443.007049866252	-0.848872488540578
294	556.2033714508212	496.7412340817007	615.4567586922078	14326.394866693772	570.1070775718514	1605.887516950666	1.41088885306209
345	1510.1914824211706	2093.453619953253	2905.2582939580984	18014.47235573564	1486.1102904551433	1759.3975041586527	-0.848872488540578
202	314.5830748776318	384.5841741538229	1059.9988638390596	17376.265923012124	329.3561486605094	1394.5686985101322	-1.41044611617154
15	851.982726372131	1552.2728071644558	1769.3738327211574	17182.651917188712	1249.6601342482713	1476.7760182033594	-0.848872488540578
332	1812.449388750855	2337.1255683142836	2653.706673504927	15178.283874760747	1867.9864220145687	2238.7252319402705	0.843858212814768
268	1055.0394693364333	1664.0105149856458	1912.5354508294172	17555.9346216651	1404.950923088136	2743.057561774463	-0.675262089199912
114	711.7426275062641	687.7505225400121	898.4929697139213	12610.140562824672	589.5211410032043	920.8277389125424	1.38177329067604
230	1808.0937427816405	2230.599157335627	2649.2710677830387	14551.64257005877	1749.626295201743	2310.7337782864843	1.0
264	1724.8760635026063	2338.8594632631507	5584.882550182832	13252.680550492403	1876.1397887095254	3398.7671318601365	-0.49901177664292
355	396.53874909613086	403.2976342478271	3357.824576264181	10124.716102504499	370.4088405436862	758.3832482147774	-1.38309263996582
503	1292.478851183576	1634.7485878250295	1979.2092200504344	18123.53189134543	1469.7986397549785	2292.5936910501514	-0.848872488540578
322	1904.4165657776102	2460.994866061064	2907.6293389268567	16358.874739087902	1972.2614153534187	3008.8981562133213	0.68075478845144
112	1766.8086566306995	2420.658152518154	2673.4324319167617	15363.709085898148	1787.5110573210638	2443.235099881528	0.843858212814768
593	903.2161125225444	852.1073305799106	1086.837693199817	13067.004735008606	762.6085697985022	1179.729971939621	1.38177329067604
278	1580.7684774724853	2150.213057763343	2975.858651971041	18483.45376759786	1783.7309052456897	3263.753801932255	-0.675262089199912
218	1817.8792119584011	2247.2071029311737	2795.7027840595583	15502.460461179719	1874.0197077787052	2572.532374242797	0.843858212814768
347	1817.8556529361458	2397.9302035087035	2750.772432964636	8472.07531627964	1939.40343082589	2056.966214058112	0.493150590278539
259	187.13899975263462	327.0091540084453	932.0108479145296	17285.31518528184	197.12142475279936	1369.0247108210579	-1.41044611617154
360	1822.0869338447842	2363.7192075368307	5613.72593175754	13214.999597626029	1887.3761046511165	3345.594813782946	-0.49901177664292
228	1838.772268356229	2376.080740234342	2737.0746906131676	8512.690904449424	1983.446367104173	2017.09182040516	0.493150590278539
82	542.8845069954044	407.05448201578673	745.2110413891461	13562.466215913833	440.38172130624775	718.9524534222794	1.41088885306209
368	1564.2126316525428	2065.5210808450306	2968.1796897223976	19037.12982375587	1520.6003659168907	2540.4778154697824	-0.848872488540578
18	1622.6159568241335	2143.5558756342753	4961.653212169438	12591.208811104174	1315.338680178516	2913.1842076008793	-0.49901177664292
74	1214.4923153170896	1351.557549908986	1731.0636422965367	13894.866163452938	1063.3820925305688	1490.8421715043808	1.0
203	1903.8689643433943	2354.3920368256227	2655.3573807163166	8510.670805267875	1890.4270221629984	2014.8949135894584	0.493150590278539
610	1771.6750578051497	2261.0925864292267	2567.3974791256173	8450.529179292982	1953.652431417056	2010.6629250882734	0.493150590278539
115	504.0274186235973	597.5861737629859	829.834751628938	12621.138120520625	585.381605293487	801.0140414744009	1.38177329067604
10	636.3008749066757	511.2188566063989	868.5313111445731	13089.109742755627	489.6861042292855	1142.3034951152445	1.38177329067604
418	1232.5264581506888	1279.4643917691417	1615.484358863605	15140.623736344147	1082.554446096691	2173.0969984140806	1.41088885306209
608	323.8423085374033	506.54317028030147	1171.4782017191626	17823.07128565055	443.16508799525604	1900.548482037727	-1.41044611617154
636	368.49224798985665	468.33547934860906	592.1232610092445	8250.998025739143	393.76982903134626	1665.490099791074	-1.38309263996582
107	2029.0298172584119	2515.680986278833	2977.801679197555	16659.337806637042	2013.4107916557618	3187.539219288659	0.68075478845144
530	353.2604904418187	513.8063634722735	1331.3042019325665	18029.09726059096	472.8824220164325	2028.5622268809157	-1.41044611617154
532	1798.5360818351876	2399.1881408954864	2852.7167094460942	15965.754984992582	1921.5578658357003	3017.1089194466617	0.843858212814768
631	348.72089123107037	489.15933646266126	1097.9915757088024	17796.690389317515	336.6673350508281	1916.9687820136376	-1.41044611617154
129	1871.6839137264358	2343.548684882304	2736.716669702203	14651.48405737753	1881.9186150481405	2454.644960382684	1.0
55	1754.0007851778146	2275.6941569168657	2604.2005546237565	18425.498464809134	1745.5011448582693	2678.827083987572	-0.848872488540578
538	1508.4393951590685	2057.96610201365	2941.5235773544805	18815.671182202364	1421.1476789229675	2534.770343308525	-0.848872488540578
627	1558.1280439914906	2113.3380732395353	2826.008219540264	16980.872023552813	1357.679856974956	1735.2593462077666	-0.675262089199912
407	1739.1755922073191	2246.0333625314483	2695.2091403178365	14880.762070590712	1834.7929110946634	2046.9183278738535	0.843858212814768
215	776.9082507019997	732.0681334037819	1100.487127894074	12929.046571235762	752.5955440989769	957.1950000712702	1.38177329067604
175	1519.5363514528042	2203.653380923924	2946.4628780369194	18789.568795500345	1682.832506596593	2651.710334877936	-0.848872488540578
197	1392.426757034958	1703.8174860863503	1746.3554479886234	8618.862837943969	1659.6660761434719	1386.152891583762	-0.49901177664292
159	1975.7840952146994	2427.8958338195016	2850.5103793055955	8544.736513698934	2000.9698780906008	2156.1243125566316	0.493150590278539
550	1496.8148240513915	2049.6185142466607	2879.5715218868468	18229.650055975646	1698.3725506279222	3201.8946426967536	-0.675262089199912
58	1873.2652320864408	2366.1040311718057	2753.9129570500236	15765.378495252931	1836.06981291368	2520.816117025937	0.68075478845144
242	1137.8194128820958	1240.9894067404368	1597.449534223387	13521.03029056284	1001.7505649873889	1172.2447204077694	1.0
254	1341.6231286113145	1726.1923160282258	2057.1143451745156	14452.685313232878	1463.0340904929367	2130.8781447804927	0.843858212814768
164	197.5813995281229	335.1568956798227	417.39188102189433	8045.288901840348	246.74793481424146	1529.0511026947995	-1.38309263996582
359	384.54530743650173	335.7402143587968	494.786878511442	17153.31453064116	322.70576586644984	1832.111589009956	-1.41044611617154
551	1730.2778273324896	2192.71262535262	2540.769101070352	10290.784427348135	1836.623243457165	3105.7036766806295	-0.49901177664292
150	264.22712111503466	367.26761066857597	402.0016986893243	8120.108909190206	266.8726331118726	1567.4554834291796	-1.38309263996582
364	1831.4956141409489	2392.6278086390926	2832.6184127115234	15861.663852240159	1966.607842655141	2646.5593208065925	0.68075478845144
331	1741.3941184722225	2334.2587489217535	2728.105467618423	15405.486783432787	1915.012682655472	2553.8967165192103	0.843858212814768
139	1589.332445176679	2172.6080588812074	2521.534159730988	17525.409493132585	1591.6685457996534	1727.162318405218	-0.848872488540578
336	1202.8141519804017	1489.2421646427244	1839.937870570314	13919.58673168843	1160.754223065281	1787.870522469349	1.0
86	1846.3493821540037	2325.6854955596377	2597.319562389746	8463.740112245083	1866.8634807561739	1916.2556843422615	0.493150590278539
487	879.7170226314192	970.2705229812191	1380.819282152849	13199.530324112431	619.553957351565	1199.9344007191594	1.38177329067604
270	1340.1495572483464	1494.5768131049813	1741.1836024681004	13603.861454049398	1211.8472092412228	1507.4502250981484	1.0
130	1805.0182495952417	2312.018404194917	2616.2130799027123	8476.255178856874	1959.7921476689683	2077.3903378220793	0.493150590278539
81	1860.043773033919	2166.24361925747	2746.770354964473	15705.683452428197	1872.9859992734441	2508.630415646867	0.68075478845144
513	1850.508449170268	2302.2686150260693	2610.3681464526376	8292.264465374516	1884.7470818454378	1941.235874257489	0.493150590278539
577	1487.9570197843013	2012.0287028624361	2596.8978548121777	17709.347418939942	1431.8854580071147	2831.889740418498	-0.675262089199912
148	233.97375398664906	218.4772983294904	323.43660158887843	16422.486183792043	162.75173527050225	1092.9912043041002	-1.41044611617154
176	252.90436670005514	312.76642325948535	2614.3093524382443	10287.720018568414	207.649469127425	1488.8241302116526	-1.38309263996582
94	1365.6335078797738	1678.3797015836046	1999.0011026045743	17680.31440313197	1321.292618375209	2726.5619539212857	-0.675262089199912
319	389.1861781201883	430.5731086510197	3342.90504411085	10048.590159238014	384.17497181552153	812.8900837370271	-1.38309263996582
408	1754.6461936645162	2253.097229460052	3061.21091970652	18383.27792552998	1522.149555541784	3032.1023136213207	-0.675262089199912
56	619.9985551905461	520.561357788541	878.9950263671371	14030.449415577561	620.8894899265584	1376.7561028968667	1.41088885306209
637	351.2949462505832	496.3404080640876	3339.8185916194875	9891.126030622308	297.95781608245875	603.6183553652804	-1.38309263996582
127	1931.5199564176255	2478.4166669310275	2796.2646992430573	8536.495469160192	1991.9001875728381	2165.8765460319405	0.493150590278539
143	1069.688959922551	857.3205581722359	1164.5409387255952	12803.084166137041	965.8278063063652	890.7857314445205	1.38177329067604
509	340.3963543541015	450.8596384611564	3327.0768980021608	9817.536558737575	378.13175705471497	583.5840213874214	-1.38309263996582
386	1331.5308928603922	1673.4767841627697	2159.2657713903004	18751.382981567254	1592.4093469447596	3011.910791137968	-0.848872488540578
7	1918.8535856984681	2485.0352083692446	2805.3202050886457	16315.396513126661	1974.5188133956774	3092.6999375494697	0.68075478845144
463	1823.985386445808	2065.632796866725	2566.3102598845603	14188.002305959524	1648.5848375746536	2051.6180275390393	1.0
17	1245.0808852637667	2070.554470445312	2717.280752499461	19035.364020390713	1513.9313116817304	3019.298233167902	-0.848872488540578
85	1181.7076858130656	1797.4860609447187	2024.6990296631946	18468.43474956056	1168.175547521686	2828.5588280642164	-0.848872488540578
72	1481.8967114076622	2031.957484007944	3071.1879207241823	19425.690273982575	1589.8741782493603	3114.56118916662	-0.848872488540578
33	1708.3959192449408	2273.479065097822	3123.985305048564	17963.705346750692	1598.9576283811411	2591.6520619151224	-0.675262089199912
634	597.2667402668725	555.3291916214639	710.9810590104566	14251.422530386362	830.3721303719806	1644.4198040492859	1.41088885306209
93	1280.0396735834515	1738.6078645923697	2041.5458910149266	17128.221506972215	1607.6087080041023	2389.733222213868	-0.675262089199912
185	1813.1103444696712	2263.417301815366	2865.261195259441	16191.268575359303	1911.4684079073197	2924.723854718102	0.68075478845144
181	1319.16703205126	1430.7654305973952	1891.9557130254757	14087.916836443737	1214.33066427908	1915.5706678650988	1.0
235	1783.9286012436805	2229.1679073433506	2561.4881940459027	8349.306521987068	1965.1818547094217	1918.2884768577464	0.493150590278539
28	1142.7348894159895	1255.7054753913292	1732.855682018799	13983.399036026678	1042.7743041093613	1651.5781764237147	1.0
469	510.42819439049913	474.67796171151974	624.6579987983479	14281.826091482864	514.6775826188028	1718.662515134501	1.41088885306209
339	1300.532707313843	1850.1116007918488	2065.061615314683	17227.580366345996	1178.615381733061	1492.8198265451022	-0.848872488540578
1	769.3305278695409	644.396591142021	886.6319935908691	12807.087723312246	754.9029678925834	933.7847007285836	1.38177329067604
354	1443.9032371350766	1824.218078863169	1980.2603331265514	9797.520555545263	1632.6019554677587	2833.2783394746853	-0.49901177664292
573	1184.5353421775942	1286.6804230693551	1750.032956073988	14054.966218429528	1029.2896820567325	1707.824119725353	1.0
365	1937.9441258540112	2262.17601763296	2759.062550354736	15420.221241374991	1856.5642397241402	2114.325663010211	0.68075478845144
496	1731.4744035935191	2112.5692498265257	4759.4633686442385	12326.295142510802	1705.8379772109129	2908.6005765389937	-0.49901177664292
423	1139.9003725272282	1352.6866406882518	1617.974544056853	13863.398366823018	981.0411295894013	1536.9333413994839	1.0
516	464.5615418634194	504.7276847006899	662.7130596971492	13691.952820484248	387.00033482129794	981.8302528534924	1.41088885306209
549	1340.976701270758	1412.488863030121	1709.5382398457882	14013.327512472175	1247.7015761764885	1748.2310960347304	1.0
373	177.9147479302602	212.92618275900327	3120.8676100614853	10796.953987764173	238.38830742832855	1481.5489034032425	-1.38309263996582
492	274.7459907535731	364.6297636764142	482.43861603042455	8125.019386621138	320.5932531374987	1539.4679483977093	-1.38309263996582
57	1711.0710324616675	2136.391876070829	2576.4009332850733	17496.073658043144	1735.1623336270136	2632.116019588635	-0.675262089199912
436	1825.1738902114018	2347.7072895127803	2741.9825278270523	16265.32110388616	1947.1738998279409	3066.8366981230897	0.68075478845144
210	1444.7957634783652	2025.2502152296613	2796.6994482339087	18141.488234270793	1519.4091214569519	2998.3624355741717	-0.675262089199912
531	1486.1348420986067	1922.871954945577	2233.742784107653	18714.162141473767	1331.9046948975356	2884.915850829636	-0.848872488540578
132	299.92914586430635	399.9124052440057	3422.8777280065383	10802.787664443516	344.5009809190904	1464.1856429594143	-1.38309263996582
524	1701.7412469028504	2112.4015349802708	2916.9515580740926	17930.0197175247	1710.4108439832198	2470.655889871019	-0.675262089199912
392	1658.9887939998237	1813.1589905490998	2344.085997141703	14185.768140322734	1476.9654459029591	1837.0560738263775	1.0
5	289.1481583520141	419.19770323798986	3416.584487974422	10735.222384883149	283.2021252659296	1566.2457823452798	-1.38309263996582
275	374.6292290632493	437.29784723543315	1180.1611422101735	17397.36233813728	427.8904090157825	1554.1411993232155	-1.41044611617154
596	1735.5662178256975	2298.2841839066596	3116.9635749281542	17987.78295574308	1586.7204786519603	2642.0059818470477	-0.675262089199912
361	1896.5630107948004	2351.476728358727	2896.8959079463366	15583.661002902758	1920.4425413331628	2580.0701929710535	0.843858212814768
352	1871.5177827406474	2312.781897940491	2908.8651015419646	15882.803540212957	1913.7727879001734	2955.4914257985697	0.843858212814768
526	1726.4160652203218	2299.0325401890755	5278.475941872706	11855.149453443419	1758.4340906270559	1978.5740582486608	-0.49901177664292
414	954.0811945880945	777.9381995963671	1099.5030018144437	14621.754200865083	675.01051695525	1585.2981656642066	1.41088885306209
237	1824.8146522552968	2306.367073145547	2696.5194681486923	15892.808616100587	1859.7755347209784	3046.124329167365	0.843858212814768
204	812.8792406739574	934.0614702767266	1280.589785238089	14789.459331777256	566.1412676608612	1936.9575258246505	1.41088885306209
12	1924.9198635857317	2385.5400083033405	2889.842167102294	16424.27883353266	1954.2699969666983	3071.3519154869596	0.68075478845144
232	1802.3688423801752	2245.5056540227224	2612.362631257289	10137.977111151115	1583.5978469484348	2989.0929469911202	-0.49901177664292
514	1107.0513459466174	1231.2579257600942	1482.5369198714793	13473.737858950688	983.9134753354808	1169.584111023177	1.0
172	1583.7375806693663	1753.9154668668907	2272.2726575378515	14938.341678369483	1510.1758285812182	2198.359165648389	0.843858212814768
174	1140.9310693516095	1645.2490577753927	1825.018337785805	18249.663975368865	1127.393857943194	2688.197194377382	-0.848872488540578
403	1226.136596956609	1644.7848476240881	2322.9990114854204	18336.30020795802	1153.0568131989482	2220.0894867730162	-0.848872488540578
315	245.09500262048155	326.8281347542196	3216.9353377140924	10894.461722353128	301.6298530672721	1576.1789997432272	-1.38309263996582
44	803.5163908721962	964.357500135124	1318.0154508848018	14566.484371681967	661.3578894886283	1759.5718426289238	1.41088885306209
480	1962.4459181304362	2382.068985532305	2811.5770180014592	8542.430051841402	2027.477442042121	2085.3647209101728	0.493150590278539
30	318.1111288759673	379.02789930016536	342.95308897180263	7148.887632201619	314.93916978132387	561.2590836815156	-1.38309263996582
501	1855.3619264343122	2227.808726919011	2783.308946099102	15247.11266405405	1829.6390767503042	2249.9989348342287	0.843858212814768
379	328.4896534462749	380.8650618234979	362.90323607076414	8100.292036872685	265.253184886684	1496.3280935954826	-1.38309263996582
578	1833.9289176603245	2423.021577539178	2906.926466649184	15223.274168595435	1907.4882730530305	2233.7618657389876	0.843858212814768
533	366.99081799831623	518.3596634329839	3444.2460323877485	10048.584718244054	372.58115355962735	769.2111667992654	-1.38309263996582
167	770.3822553169935	859.5851647815737	1216.9476572938227	13270.110152199448	886.5775486419508	1346.1361980553302	1.38177329067604
110	1689.2570606734869	2133.265066082822	3039.466474300491	17274.520004808637	1706.73633916892	1940.8505829324367	-0.675262089199912
520	876.5275382642573	791.8206292345043	1099.1930466404401	13153.663782804713	868.2166857853202	1207.7800181046034	1.38177329067604
449	1757.1628500318948	2152.870817889913	2619.6782864737233	14546.082502221065	1765.7665252129466	2225.311204855065	1.0
88	1730.533781036399	2267.8578558777217	2621.7837234170374	15280.996434334613	1802.0181277018905	2364.366255579737	0.843858212814768
383	695.87815344015	637.8747163744339	877.5323398983006	12908.3400241665	708.732705934745	1100.4338326992988	1.38177329067604
561	536.4331088504305	530.2420731435024	1119.3439350547048	16554.145889673695	401.54869350611244	683.1542530489779	-1.41044611617154
375	1329.975061838118	1675.8103404283436	1719.7305274183336	8489.125848582418	1570.0429169224028	1283.6276416827725	-0.49901177664292
177	808.4235071435821	704.7319217316646	1120.5117688899118	13070.808929256365	744.9121490669681	1016.1976156398886	1.38177329067604
424	498.6179133678539	455.6330150864113	571.1334899300813	17274.54531588572	351.65511537743265	1907.7602455636752	-1.41044611617154
413	538.0225381746419	637.9046638746622	825.3518016598775	16145.117985010444	425.02699662933264	717.2121707561109	-1.41044611617154
248	1838.572772300295	2351.2592391674093	2597.837326042561	8540.314049933348	1966.3071589789947	2082.0203975348627	0.493150590278539
491	714.390529116468	736.7855131121996	1106.4334250627858	13101.397247601482	676.9265617129597	1271.6243455219876	1.38177329067604
35	867.8049363029497	1456.961209592433	1614.5684729861284	18104.96170181685	1381.8554423692308	2188.880423983992	-0.848872488540578
402	1831.1427023397646	2205.3528933745697	2766.428471623057	14663.223122798781	1918.6829026206153	2303.2937923414875	1.0
517	718.5469864662826	605.5649368247612	977.7185572995243	13139.513303359425	678.7199366626035	1159.0267634029672	1.38177329067604
511	349.7163725743325	559.2196133407688	772.3496766195049	17385.03769221039	368.7811613889234	1892.0439651246058	-1.41044611617154
290	1841.1072635528478	2407.6388845970105	2737.7986761833386	16312.234010814822	1965.1065326300923	2966.786187916367	0.68075478845144
310	1834.005489961882	2202.568331319331	2589.948765049716	14273.66515265435	1799.5644093392627	2065.485762481687	1.0
194	1921.5350899635548	2369.343333919296	2714.1966110403137	8484.388887411209	1937.0060682369713	2010.5265466976464	0.493150590278539
519	275.0176765502978	303.4302059091665	3126.1634272911156	9678.844525976929	305.5612175102782	429.6115696052544	-1.38309263996582
607	1800.2372879891245	2306.463283075139	5576.839125352908	13255.703718328261	1831.187583030606	3329.3719570298385	-0.49901177664292
512	1820.0231150144157	2383.9725152970327	2774.282333835239	8439.527841030924	1930.6950715384216	1993.4655644618776	0.493150590278539
340	1270.6116088475144	1348.2320233835978	1644.827467605824	13865.581213669959	1066.1514542592633	1580.6845041103109	1.0
123	1843.6638571132285	2276.2087534743664	2585.707274972466	8355.44038360223	1861.3508386549277	2000.1737254224179	0.493150590278539
303	1828.445560211414	2181.053494083261	2623.024395711435	8299.577540966968	1930.9957267718182	1979.6469963930604	0.493150590278539
190	268.61974415725876	297.34399769882526	440.8218893714368	16510.3165233607	241.89465184283756	1117.0010752230257	-1.41044611617154
102	662.575603475911	739.7600116735618	1081.9088880906843	12659.889860756623	537.8550104965934	930.5422726878772	1.38177329067604
569	389.227194432895	463.8265365305236	604.9968135875895	17204.92486470006	289.85380604823234	1812.7067851941126	-1.41044611617154
426	623.1429768266977	645.3150036761947	908.6086303459361	12573.0461995937	839.8658692781096	811.3632436659971	1.38177329067604
613	1746.2164704753739	2220.42848300728	5402.254000067108	12968.393258577937	1849.817683143377	3128.7384181226403	-0.49901177664292
296	1986.2937256308417	2447.653778194623	2927.385353917129	16065.581808714296	1990.6460790245785	2655.946763301965	0.68075478845144
470	611.5194188508885	521.3687437494818	848.4089731790516	12867.204407569618	576.3347640957878	872.13114146021	1.38177329067604
224	1540.9065552962998	1878.3270780942628	2241.390204990708	14131.175656121992	1480.041389435538	1996.1516198212707	1.0
236	1682.8643501777465	2180.2885587845967	2687.057780552582	14994.55809616337	1804.4575849374316	2142.3796004224946	0.843858212814768
353	1829.7225108756747	2357.3404501416817	2682.3864174230284	10261.997903914998	1827.8754835283996	3132.6498092301126	-0.49901177664292
238	447.0357730027898	448.4620283128005	789.2328328563212	13882.215782782168	421.23360279357365	1032.5718735761682	1.41088885306209
566	336.7706689928372	389.6428011907821	2902.266039119866	10491.952255385568	318.3064294267198	1457.9497432737448	-1.38309263996582
632	1850.978208193693	2312.3065393339693	2710.609243368271	15107.240434608106	1842.2609236352591	2299.951601824362	0.843858212814768
448	1928.2069343793848	2444.3347211955984	2987.3332812398926	15808.397559908331	1982.3453566565852	2451.512372987844	0.68075478845144
227	303.70769042373075	357.647960638406	1182.062497818817	17621.969534178177	328.5552603302563	1942.5215522239557	-1.41044611617154
540	1955.7641086589051	2406.027755779946	2693.722685379189	8473.094897448216	1978.4876016342225	2087.1320819120483	0.493150590278539
625	1921.832114614945	2395.813893827169	2973.069214753666	15719.515167107087	1926.103672868897	2320.037299981195	0.68075478845144
432	1337.2499806577996	1703.5189586901936	2032.6235741970988	18661.057610553566	1212.3839101403833	2732.4949777274423	-0.848872488540578
221	391.5878877514629	383.3897265390579	607.9528407626899	13701.208117103339	414.8797747978495	939.6980966282181	1.41088885306209
390	1776.4171932309005	2309.17120831406	5533.559457961941	13136.242647429151	1841.2713044433542	3328.710849826145	-0.49901177664292
9	1172.6335337514708	1396.3600695144814	1674.9129920645335	13522.496794963174	1064.6816097304898	1262.4354617817894	1.0
554	219.83425742726791	298.784525868115	1072.7324560390252	17583.19302682908	284.70294220012164	1862.395675148828	-1.41044611617154
26	356.3993166006866	490.41079141388025	901.5351591386325	8475.911328207581	384.8750781825905	1754.7072471355157	-1.38309263996582
22	601.682619772445	712.1440124214859	822.7033409240688	14456.868992114603	784.7306928048878	1963.7681809917713	1.41088885306209
31	710.8896876055346	664.5776744923714	1045.832760400234	13083.24142440855	846.0747974876806	1206.3367386747736	1.38177329067604
325	1928.003561278387	2466.1126916881285	2896.3161713589784	15608.555178980998	1997.6741108754723	2288.356015065843	0.68075478845144
104	1784.0295363510581	2269.398056845024	2754.7952341720506	15322.111939360635	1905.7537018696046	2509.958641730654	0.843858212814768
605	1211.162028435659	2012.1667768294465	2661.769366162069	18435.82329023271	1520.0548413467607	2532.466515064484	-0.848872488540578
234	565.5299543759742	501.9062689897553	825.6792003489307	14379.23522207241	533.1598605798567	1646.7265651770538	1.41088885306209
272	323.4501535673033	431.75763613205953	922.9247929422686	17060.905353959137	320.71158017776014	1312.153256144076	-1.41044611617154
456	1839.6443941661726	2212.8448499720366	2689.735700628513	17672.70310396944	1774.1930857224697	2713.2211973918033	-0.675262089199912
2	1891.3328855363507	2407.2011146170676	2741.8674316230918	15520.305736855233	1927.6286689437836	2159.037434864405	0.68075478845144
622	322.22204709404764	418.4212222481904	3379.801340204028	10963.102136331872	356.8861297847545	1725.8314064962276	-1.38309263996582
443	1071.2188916604682	1806.1903027877695	1814.4632284940888	9747.705638499254	1563.135189824811	2896.335143784707	-0.49901177664292
399	1044.73828523736	1612.069073668613	1723.1483952496312	9303.276392878573	1357.8921683032572	2382.738953027566	-0.49901177664292
29	607.6021961580363	673.264026846618	873.8999251946542	13792.83881698619	698.4956959688778	1048.4701811746793	1.41088885306209
499	1893.8479864533629	2342.3099952844436	2727.0057387717043	15182.67320388824	1922.9437920931105	2162.3919415041705	0.843858212814768
96	699.487457590517	612.1343794721091	939.3090018836855	13090.64236451908	580.8561236517428	1110.966374436075	1.38177329067604
214	563.5242996968184	557.0963098100865	798.9062426029542	12809.632998871035	636.1825653399798	1017.2763528015627	1.38177329067604
388	374.2748379170191	439.0303249471253	3285.0776201943145	10984.7115343797	320.3918365696645	1661.7127193117585	-1.38309263996582
483	1916.8472482317638	2461.308217511992	2752.8720975881074	8630.784560935128	1944.4926815304573	2091.364088369609	0.493150590278539
460	1831.2302740022317	2310.514125115265	2731.8443656631584	15757.569686806353	1855.042851350186	2855.8656999821455	0.843858212814768
507	1766.7380596550777	2233.833825477766	2657.6347729484146	15663.032133489458	1766.4300743887452	2805.050048738192	0.843858212814768
120	312.2486604060873	402.68572444212714	3028.5480076319104	9663.297764138413	318.3727124282812	764.5442807841628	-1.38309263996582
261	1902.6030274616005	2367.94330883251	2844.7717873869215	15648.634923842665	1929.82594963635	2645.176151402683	0.843858212814768
64	453.30363519066077	533.9099911367659	847.143219749173	13890.390852974495	467.86123809870514	1124.0872551790699	1.41088885306209
582	1730.3606944315075	2045.6250116115207	2478.352212288243	13869.953741182415	1663.2942016000443	1779.6653310369259	1.0
137	1843.713947414121	2249.413413262627	2729.7257883174266	15514.45063130543	1858.153625861155	2579.8979291800524	0.843858212814768
