Performance Statistics:------------------------------------------------------------------------
Training Accuracy	Testing Accuracy	Training Coverage	Testing Coverage
0.9947547064652651	0.9949928937000834	1.0	1.0

Population Characterization:------------------------------------------------------------------------
MacroPopSize	MicroPopSize	Generality
598	1000	0.9179999999999932

SpecificitySum:------------------------------------------------------------------------
N0	N1	N2	N3	N4	N5	N6	N7	N8	N9	N10	N11	X
11	0	9	10	0	0	2	0	3	0	19	0	999

AccuracySum:------------------------------------------------------------------------
N0	N1	N2	N3	N4	N5	N6	N7	N8	N9	N10	N11	X
10.04590336354973	0.0	8.081515512772775	7.894514376785787	0.0	0.0	1.7533995313877684	0.0	2.600416907133032	0.0	15.587651430593784	0.0	811.0269511917946

AttributeTrackingGlobalSums:------------------------------------------------------------------------
N0	N1	N2	N3	N4	N5	N6	N7	N8	N9	N10	N11	X
452890.0772224014	63536.474887049364	506266.8176392092	446792.8226981214	62733.20301496706	194663.33553962296	415391.0993189895	119319.90204670458	339200.3477497868	69407.65463882279	1229079.873445242	79430.40947857809	19472968.717905533

Run Time(in minutes):------------------------------------------------------------------------
Global Time	48.152469333012895
Matching Time	3.3978304266929626
Covering Time	0.0
Deletion Time	0.2930843035380046
Subsumption Time	0.0
Selection Time	0.06773593425750732
Crossover Time	0.016238661607106526
Mutation Time	0.0
Attribute Tracking-Feedback Time	0.43330669005711875
Expert Knowledge Time	1.2108675042788188
Output File Time	0.001542047659556071
Initialization Time	1.2136857151985168
Add Classifier Time	0.09698610305786133
Evaluation Time	12.077654933929443
Rule Compaction Time	0.0

CorrectTrackerSave:------------------------------------------------------------------------
0.9991380268322937	0.9997256903043537	0.989473115147001	0.995355756649257	0.9988667205274755	0.9999309220109504	0.997145777582891	0.9980487970919167	0.9981905746587898	0.9907145166893423	0.9987646052393152	0.999031907023029	0.9989678346853598	0.9974253156814044	0.9981459067286966	0.9985803972685161	0.971188939813049	0.9914573553541949	0.9982249960205072	0.992721782892886	0.9813496988099565	0.9998518327191399	0.947612321811325	0.9996906507446908	0.9981439044681445	0.9969365413551899	0.9993762958380011	0.9963268530170563	0.9653434052044758	0.9936107865780466	0.9984832876317362	0.9939071211397668	0.9991213505047198	0.9612407082596252	0.9302437777250515	0.9995837525566365	0.9958537088372773	0.99404427598759	0.9980848377818557	0.9971027289810196	0.9990469239771702	0.9998728564549376	0.9961676733031593	0.9898495401308077	0.995944421251593	0.994817148560725	0.9975892782951953	0.9987395769824131	0.9981919161733597	0.9995124495555482	0.995967447247943	0.9649890050867429	0.99818595193974	0.9999689649614415	0.9963448733620257	0.9991510415258827	0.9995605038088001	0.9981749395067031	0.990331083793603	0.9769595197978518	0.9979522330711373	0.9955930245246883	0.9982530276682374	0.9999058937540484	0.9994273534820812	0.9935834782469407	0.9987395769824131	0.9989738414670163	0.9981799451580835	0.9997617309942926	0.995465880979626	0.997439108753783	0.9990238979808204	0.995825677189547	0.9925756178725782	0.9950283870489783	0.999803778465888	0.9990499273679985	0.9983033795154729	0.991630550891957	0.9981078637782056	0.9898315197858383	0.9987555950668304	0.9965791378466289	0.9983511384352934	0.9948421768176271	0.9802144170768798	0.9886571939719944	0.9964980462942663	0.9987407858472215	0.9983821734738519	0.9984522525931777	0.9997026643080038	0.998112869429586	0.9977564670513009	0.9995945422381869	0.998639463954805	0.9952466334491642	0.9991176838650837	0.9971798160122779	
GlobalEpochStatus:------------------------------------------------------------------------
True
ParetoFronts:------------------------------------------------------------------------
Incomplete Epoch:
0.7750637837363318	0.977249748050214	0.9772533667938851	0.9772587905919728	0.9773083918219054	0.9773259096810328	0.9773362456158217	0.9773425641192486	0.9773659040159873	0.9773950748929877	0.9774114811230549	0.9774435312985849	0.9774717532127772	0.9863239190919013	0.9868063403144023	0.9869264615975737	0.9916132089232241	0.9916162872994388	0.9916261034298974	0.991632010765075	0.9916450315981432	0.9916553123439515	0.9916563192986138	0.9916721864621487	0.9916854983723444	0.9916863978021164	0.9916866639669638	0.9916955728387762	0.9917004389548886	0.9917116169086255	0.9917151824667318	0.9918859245860353	0.9918882763086102	0.9919004767632046	0.9919073273335367	0.9919220316070129	0.9919340639495396	0.9919358707283257	0.9919590036875753	0.9919612656320262	0.9919741109015074	0.9919743103830752	0.9919763102664855	0.9919880685007421	0.9919963745992889	0.9920091913300522	0.9929394345948258	0.992952461957076	0.9929576804962799	0.9929708596833314	0.9929795852123476	0.9929805494533066	0.9929914823482556	0.9929988054018137	0.9930070268749933	0.9930135258941115	0.993016045779126	0.993027506172544	0.993038575057245	0.994025261583267	0.9940386978047889	0.9940731066759251	0.9940873715206014	0.9940921735090674	0.9941119282422317	0.9952618769176916	0.9963864580066385	0.9972410486700813	0.9976252955351281	0.9984228206411577	
427.96005706134093	376.67047075606285	376.4496788008566	376.0397727272728	375.76056338028167	375.71448663853727	375.6685393258427	374.9122322045612	374.6970954356847	374.56904927133934	374.26592797783934	371.0607142857143	368.7879890809827	363.79914893617024	363.7546296296296	363.7316341829085	363.14893617021283	362.7434377646063	362.73424190800677	362.3188405797101	361.90273037542664	361.68664383561645	361.15879828326183	360.6756756756756	360.23444544634805	359.6745027124774	359.04499540863173	358.8717015468608	358.59375000000006	358.14167433302663	357.6887661141805	325.22893617021276	325.0211685012701	324.7793867120954	324.3290707587383	323.8779863481229	323.5265410958904	322.8952789699571	321.9882882882883	321.5978456014363	321.5094679891794	321.2295825771325	320.8390596745027	319.77797998180165	319.09099264705884	318.89318600368324	305.50978723404256	305.0187393526405	304.52685421994886	304.03412969283283	303.5650684931507	301.4527972027972	301.1707317073171	300.93647912885666	300.7184643510055	300.4793388429752	300.46153846153845	299.94485294117646	299.68508287292815	76.53985507246377	76.31463947560088	76.19868035190615	75.80147058823529	72.84482758620689	72.3458904109589	6.203351104341204	5.569230769230768	4.8994586233565345	4.31980906921241	3.614217252396166	
Complete Epoch:
0.9996591546435555	0.99968508533219	1.00000000000145	
749.0	1.7333333333333334	1.6426666666666667	
