InstanceID	N1	N2	N3	X	N4	Class
477	653.058575707473	374.10271747665473	268.13834203395146	2037.4114976793787	353.6088596670066	100.0
421	785.547760773909	465.99484948817417	375.8555680309174	2243.1429629464255	474.65580479216544	81.0
178	773.714870552054	504.01232343571064	363.6766961043022	2332.749657749909	507.55356257686054	25.0
576	67.2386275547161	48.45942010504519	0.9141964285714286	1412.283488313792	11.91419642857143	361.0
387	677.7857018323289	454.68399503533306	319.0740137074394	2182.1606268900077	412.3817156373659	121.0
183	95.54309046786265	39.36268530111808	15.727688035311784	1640.065533313958	16.594719144038017	324.0
606	212.1244716996157	72.80127295220953	28.789014695579063	1961.7876426938335	31.311507995757196	256.0
212	715.6546762819834	457.11890956793593	347.1451484064526	2215.5489545169717	466.3642576065937	49.0
617	74.76159788348515	60.67107850112957	20.331586582665384	1144.3165742599012	17.509288123672146	400.0
433	216.06417007194398	88.64730488981763	27.26245566767825	1881.492338820881	27.02260900776558	289.0
398	162.54774758537872	81.67661497584575	3.8687994958407224	1755.43802328497	26.529617728639177	324.0
145	829.7943429110071	468.6071259491806	374.27082257417646	2456.120658213103	493.3469883061276	36.0
3	794.037799757109	469.9904752985414	340.46719720062515	2378.2650236154805	456.1463356996517	36.0
316	290.2811210110662	123.63162709330314	51.729753970176496	1757.131667913449	79.15948677591226	196.0
153	109.06778165401444	51.63460475716206	32.35920963998463	1462.1703848515842	26.174458008384956	361.0
616	836.7620645072207	486.0688734039144	375.4469696011095	2122.274377646014	474.3412588612906	4.0
284	79.88574302513389	39.587066254810466	12.322284590982251	1437.1551270688246	17.873731476361524	361.0
494	813.3681722219095	491.93637648052913	366.7730993140942	2255.8658451149827	476.7672849854971	81.0
84	159.33240394525575	59.64336648116944	10.518626026769802	1806.2744166135872	26.724512485935122	289.0
567	263.4327108865144	81.79420134005332	34.81095343671404	2014.659560969158	46.558269208145795	256.0
79	722.6545720104965	449.1398048413564	341.528899451222	2028.6729963590237	426.6092628807265	144.0
412	780.5544248509947	457.2594621624	347.9062884676485	2163.703519349385	461.9387490973137	100.0
121	715.8274619620316	489.22261108072377	338.2209779623284	2047.1075713241373	458.7829061686744	9.0
431	428.2116942925568	240.68038941173506	158.22427206247028	1730.2802143767144	184.6874321361917	144.0
330	830.8513392029329	481.40807063373705	378.2531194131595	2230.548266231446	468.6786838785483	16.0
14	42.377618474557096	24.863669016242188	0.0870192307692309	1101.0419319811162	11.956781135531136	400.0
486	797.2587779662267	519.8708178103485	342.797989209877	2057.266405557217	501.57833541656174	1.0
269	263.5136249749999	93.86005669217677	32.78540502817849	1730.9186081583607	33.50559742155708	196.0
0	831.671672904223	503.40807079468277	372.31048102906436	2267.2695987915154	480.8282910530306	81.0
358	65.31299796543078	34.29907162599632	12.16348550888245	1421.024267352054	22.552752522337673	361.0
220	225.80284864807845	103.43117748755067	23.898268428968972	1984.5503156253492	47.38375259614664	256.0
117	830.5234512921735	485.54741296160944	345.1414346268284	2225.8582489560463	474.97146967112883	16.0
184	249.1634134363244	92.14854940201259	43.10484359258494	1706.3954922868697	50.0964983900237	196.0
586	213.05834820724505	94.00801743909484	10.841902118249347	1966.197868788523	33.91765177288298	256.0
536	56.28042773569661	37.55214329283124	11.96613629664369	1117.0280736610039	17.080547527184844	400.0
348	759.376594860298	473.3040850885716	356.82167392790757	2067.683280083162	455.4005090319278	144.0
103	827.5827175354062	472.03064259531874	357.84534083884535	2107.4941336112993	457.42206529767765	4.0
155	714.5002667388111	460.85035424463615	366.99711535603785	2091.2967340739706	462.8292744998795	100.0
452	98.42610147294968	53.00963906283559	0.9518894993894996	1655.8809138194797	12.226543192500454	324.0
589	304.5425422721635	129.7969054422655	35.23957987685155	1787.7753584245627	62.49952088917879	196.0
276	180.6943245009204	73.86958339637908	24.947914464102706	1832.7020972036344	34.45436826739804	289.0
614	87.33464132284892	71.37093462468884	10.856696017497892	1162.809066460024	17.863353973234002	400.0
444	769.4659595446112	458.27232320244826	361.7337814898323	2146.1696438031317	456.5728479522344	100.0
560	782.0646554505878	469.9875495817204	348.2978723010977	2373.2192376867724	453.82510726361465	36.0
527	183.9863384659559	74.86186588294235	15.502242430180047	1932.6594439789503	26.028890059276755	256.0
239	681.5801223016208	428.8509660448445	324.294058244161	1989.2824544438731	402.72277800530003	144.0
274	832.4860583879072	477.2313947503188	372.5485867222563	2236.914340917554	467.782138492751	16.0
478	766.1106319198728	475.4328972573138	337.5857772246532	2280.7743411285946	456.7385207378482	49.0
118	551.5670430908287	328.15636097988477	211.56514308548395	2021.3764021736406	265.5013429825111	121.0
425	653.5057239684917	411.6411394207066	298.38139235649254	2034.9996039567734	378.7396017675944	100.0
604	745.9096312543124	459.6493852288737	363.24738706601426	2097.69327918664	483.6562720635608	9.0
146	751.8800971092662	501.7539650372518	361.0393891319764	2036.684981017414	466.0640965457994	1.0
60	758.1651372705032	458.3846176362207	365.7459036416513	2171.954065179369	467.40196916660955	16.0
506	305.3462077380695	100.96663439786782	34.19605532746241	1685.3736167556383	78.79613957737138	100.0
113	404.3884140914532	174.907285745503	96.36907790393484	1839.2090047796942	156.44939367389384	81.0
42	183.60376995790608	77.44042094397476	6.848191233586467	1478.34603637355	24.287129427775245	144.0
334	752.8245831129649	485.4156521622358	346.9175612746076	2367.060852586242	465.03300132199774	36.0
298	828.7368399022538	475.44316993662295	342.9239734092003	2104.2923597046647	465.404581012486	4.0
253	159.3365431861089	41.357287900313445	23.116479514518552	2045.9931318842998	14.922107639837698	225.0
488	264.2507964307309	94.45718692231738	29.347708820722744	1542.3318439560207	26.586447391610655	144.0
67	69.16027560040817	70.90695211789057	7.137590794093745	1445.6025551302491	24.58944739801477	361.0
241	260.4917871061559	88.82347178519059	24.995529501923166	1732.6928183888595	52.94915614144324	196.0
462	698.4902996261183	417.3996291307275	333.4899131700225	2181.6758861906796	406.68651182419666	121.0
34	761.6686008666562	464.1721341612451	339.4106182835826	2145.561721774046	447.9276400533644	100.0
165	267.7175169241002	83.1047696951624	32.17115325846657	2190.1570854973	24.655776399956043	225.0
409	335.97850381400434	154.15304761651828	75.42949402827416	1586.6203048737923	118.34787605411526	169.0
11	221.679728656912	98.32401405180232	35.1075600885581	1681.5552011164925	31.65843501043321	196.0
207	707.1702574260823	456.12715630438805	344.0746972005073	2000.6584153945296	457.3722397762472	4.0
602	708.9830149184473	461.9334956567637	329.8225664409882	2058.4881492104423	473.3249512190159	9.0
363	259.80331474959337	81.98215548874144	15.517925752217208	1723.3778923649656	28.94352673939771	196.0
367	490.0617087399774	281.9991990088048	208.84214136351412	1981.1885236095932	252.389851677644	121.0
135	753.9679843309736	481.8906752472637	339.66995348068394	2149.7308808275993	460.6507197126289	64.0
397	208.59166470803643	56.94756043539497	25.656356381408486	2132.7139712399135	29.080346160378063	225.0
271	159.0987930122917	61.35564347691379	16.032302401324117	2091.445716843934	30.673956736706753	225.0
396	66.11758255689318	70.72211663531635	0.5662334019810695	1139.1866244170997	11.881969589037963	400.0
552	753.2625405881512	442.9669051906438	364.3685938914774	2185.108467764906	468.5867824201206	81.0
518	754.9325483506422	473.1684572216697	359.65378935314413	2140.9977079353284	458.27579574854354	100.0
54	239.5514657238562	137.98189885200674	65.32770324971892	1490.286830985217	99.06903351403464	169.0
344	729.7491739530399	490.1835075264885	368.72410343506283	2038.6486637227588	460.0423750791207	4.0
329	793.4647565464704	470.2179571349802	361.5573962802632	2235.3769511953133	456.37785076021083	81.0
134	764.9179079087598	456.9685143543182	361.04654450035724	2163.748667345138	469.11041028729755	64.0
48	113.26565123118026	49.20315726255561	0.5685060975609755	1740.8609911365877	23.30990699010251	289.0
73	173.89514117379656	62.01073478891489	23.634786277437094	1815.2068354272146	25.263443565494654	289.0
98	230.43094703054743	74.36495355420628	2.4683381127514066	1999.436059359744	22.703119104847712	256.0
229	821.5702350570367	468.12982269373555	361.5603068381312	2424.1189679413296	455.7651046447207	36.0
570	188.51196077592815	61.89655689373137	23.73674886385569	1842.656551147836	17.253502571419254	289.0
548	753.5105246578373	489.659824169677	366.95672102855104	2079.666684743335	486.37780020541135	9.0
169	263.71611810525826	95.18321009995503	38.44221881008617	1502.564414514196	35.85255469765348	169.0
133	263.300428050511	123.7606123130969	43.9277773044653	1517.794986966877	89.33747048691298	169.0
89	766.5138924467707	456.2779959155233	350.4624489177191	2157.1697540484556	439.24978351313706	100.0
21	793.3601883146546	468.49325242347413	359.4724969314306	2233.3770259709813	460.29140263862513	81.0
100	762.7200320026584	459.2584791452888	326.69495646440475	2074.7714435283297	475.0718542013922	4.0
256	744.501899606096	481.2199898175046	368.57299408737674	2161.234902596907	461.80002204670143	16.0
95	737.0222374819954	486.6603481116488	352.30999772492584	2025.8859323083025	481.4110193655512	1.0
568	821.6225824275723	471.56202464225873	366.51104772847305	2425.6632637823996	466.43390317633566	36.0
189	80.01145761290718	35.29986396120773	0.2936458333333336	1633.4764747901563	18.665156250000003	324.0
198	774.6495244214925	453.9941100792878	358.7929886382454	2308.0331789652773	480.96630299868383	49.0
612	739.4365466649854	471.81948192355463	369.8113575944138	2256.838602125407	469.60063984808596	49.0
556	43.493036877633415	56.440540496412424	10.483023027220554	1128.0004754248578	15.274827221640994	400.0
609	836.0181068130245	471.1661739964483	366.16005911131805	2472.311119046423	495.78445884966055	36.0
475	710.8972910341454	459.4264261326042	356.89594922682835	2141.9951691876195	459.5481110593811	16.0
467	808.4311555234472	460.7359944460784	330.15188438578815	2140.0096022264493	463.68662893570655	9.0
65	62.55143048160159	33.647658966338646	0	1134.9181906871172	11.754924242424241	400.0
97	723.8799735829582	480.32112660693576	338.8791457293253	1839.4871909427918	460.3488425819384	0.0
378	109.34960179456044	80.77932392668801	11.350311991857339	1763.6898026796275	15.737670172141305	289.0
335	154.9282562019619	69.60352270360227	0.5111556603773583	1814.689867164332	25.006241211272233	289.0
562	803.5541877147145	472.08581822956376	335.7107189879891	2069.4857887777357	461.01459110807315	1.0
295	178.0775094765352	63.03702239055358	30.95624752282459	1821.014470143634	18.19913848722809	289.0
326	777.935346354256	471.2661861112851	369.00049336369125	2114.089752878341	469.30440793018977	9.0
195	781.2845783814065	500.0972397850356	339.2746660450749	2381.243420104855	495.8365629683374	25.0
446	724.8924315801333	479.3497724021819	358.72845702380204	2179.1412985510856	442.45814217857594	81.0
251	775.4915148392927	471.4394939156129	355.91429487289975	2301.887575666206	464.7023173339405	49.0
338	126.5102674192292	72.03787776652312	10.141629887659874	1766.6497203131194	16.83274878130573	289.0
285	771.7528314353889	464.3015869697516	373.626613683741	2318.5063854553728	484.6628177179572	49.0
171	802.1087239668318	466.0654320670406	331.02973806281517	2146.1342444608304	457.6365057776089	9.0
201	45.41111416627929	29.0487614835903	0	1119.6242483042965	11.0	400.0
297	294.8436269960052	144.27237832306716	42.479783559364584	1557.6234727496787	92.10040012236816	169.0
61	829.7957026111561	479.34589567521436	368.2781494455208	2419.9478408228542	472.35957945911883	25.0
125	302.24672652826894	134.04249559305276	33.21766055843272	1604.6973350186838	50.38439572105505	144.0
243	326.5204514857248	141.5580854868585	48.91359010537765	1623.1163762849512	70.39349466325893	144.0
245	62.256177265468054	55.69437366903178	0	1144.8172642463458	11.612837710028149	400.0
430	105.17658829503318	57.18896869969484	15.4631603252902	1485.390326245533	15.679502863215927	361.0
521	724.6007030733199	457.34357335276144	337.4612429924587	2043.0960325154006	435.44207394782467	144.0
385	769.9497481152629	464.1818964321529	363.17158221764805	2160.441774930722	458.66660810247873	100.0
283	732.7700518566331	482.2647503862766	327.6231185155528	2070.878828359004	455.2986736617399	9.0
406	830.0352253487835	475.20082407274145	364.43636516317497	2190.8734633687145	471.5926501521428	9.0
119	724.6671298082574	478.73959890242526	337.7951354360965	2073.6465738439174	479.645860949823	9.0
597	79.72665567363397	52.062050345004785	0	1640.63945162148	19.105668350823358	324.0
196	57.04500037422462	25.519369491949394	0	1426.8429962836326	12.544718406593407	361.0
187	76.1680960890455	60.344365906633804	0	1160.5181745333937	23.678114894934353	400.0
543	803.9287119207349	498.2286096779404	373.5745529594402	2226.398260276776	460.2157107905463	64.0
539	753.8647824240865	476.15209972850016	361.6342905558177	2150.211375278613	462.16975740875523	100.0
223	171.28649501319322	56.78679306301128	12.445561699713899	1824.0903491119018	21.60243456692298	289.0
535	688.0223908074107	437.6781589179539	324.2973655698869	2003.509592274317	404.3537592066949	144.0
249	721.815823869792	468.7398054148494	376.8582256257672	2092.8969997315535	479.0761437747862	9.0
191	514.4346122881677	316.44386376173713	211.01083092463097	1840.6011190562733	246.5147201180885	144.0
628	201.81976296576676	103.10705962851112	34.03648662334647	1447.5229560245473	36.54731931727795	169.0
393	236.2784674374195	66.329231142855	25.410333913951916	1712.5071279098704	34.649159398938465	196.0
70	754.2237621685945	483.9661358447727	374.50056151160715	2039.0559444049225	459.117543152827	1.0
341	635.7911364574925	398.10137226576717	304.6971747079403	2043.8632920967118	369.21685174737985	100.0
142	179.00693010138568	54.77671777618715	1.2730537862809026	1911.364980436107	14.087163299209061	256.0
180	270.76530140029945	97.90648445124921	22.775410623352457	2221.745721557934	32.83719154408897	225.0
498	167.9073327978868	54.28274663854439	22.69732523520167	1828.5725775362196	20.375865734397948	289.0
90	324.1421980854843	150.3251358873996	47.67237662030589	1818.1979762425146	76.89063711467219	196.0
439	75.08196799573655	67.0267843604193	0	1155.8428007962614	28.14656730772182	400.0
574	738.1060960281752	463.98373998585663	347.42083934615823	2146.7314130389937	455.28472250057445	64.0
257	707.5086235850168	452.0082152695223	360.10972612553445	2230.450462607843	456.809318859432	49.0
304	395.0704260343985	200.89894345899003	117.20062995432063	1656.23081243167	170.95726949357797	169.0
124	784.4633226417386	466.15912961707113	363.08581063367103	2236.1243482136174	457.3631239227911	81.0
547	767.3202060434359	463.20748427105866	333.3683365963319	2189.049287269919	468.1357282536758	16.0
356	123.79503596563066	45.85795962937395	0.4926324503311259	1859.0720911786952	16.055563383352013	256.0
482	738.9555742834439	458.51530945793206	336.79704713606316	2154.7222788200015	426.7811848643715	100.0
384	597.3216630713391	371.53738261729796	259.19114139736206	2090.285237906695	319.7602021703145	121.0
419	269.508636163474	89.21378310962974	26.643578782292003	1750.271096295019	31.860699407582224	196.0
116	776.8377587872543	492.5311265314114	359.16793884329326	2086.894119519762	465.749562017194	4.0
571	736.1740096773781	482.7820308031628	369.95129124184007	2015.873139138384	455.1850060714781	1.0
603	198.00328313506634	53.18256216983008	30.808640866826664	2110.0942306614356	18.32081764916427	225.0
138	250.16662073951488	69.57829038699717	21.851112030752528	1735.59903079039	41.23271522581243	196.0
311	735.2307291616728	456.2426519774961	352.1332635131948	2032.5933497195497	474.0406293786763	1.0
140	754.2148789501498	448.4638339723895	359.7304312864592	2101.337715540079	456.03127961600194	9.0
168	73.81080547521996	42.74154932394532	9.485588485818383	1443.666647008443	25.35380540910344	361.0
247	699.3921902267633	455.08735607415156	323.2598629459689	1970.387877712633	452.0659175741205	1.0
16	311.7922305358382	188.5390439448732	78.1246367559554	1792.4436036905454	145.58864958283633	121.0
327	384.1357600620995	203.76038227336457	108.93753030138456	1883.0964436648917	146.02848659621043	121.0
630	69.97068731374578	75.4386259229594	8.971000326326976	1157.460528665225	15.937490080113978	400.0
558	784.9245649279429	460.5138752035138	361.91887876977637	2241.314253432812	456.3774232159288	81.0
40	257.5008094051406	74.28603181973791	25.342851080943245	2218.920526156781	48.718452065499676	225.0
350	174.41296076999254	60.62728374189215	1.7671076499803562	1835.073699596703	20.067615057497534	289.0
262	753.1155520973766	473.552221800027	356.8632650723115	2150.2364576574314	458.96875905528157	100.0
76	750.144869912744	471.662814853673	338.1612311420008	2152.0618433968652	447.20762821087817	100.0
590	746.8245354934933	487.3738953131828	321.0821649422659	2087.7772447755256	468.60314858541443	9.0
179	817.2687926341016	481.1313949468241	331.00128286702125	2434.9543464954477	492.63228772856155	25.0
301	812.0349622013927	490.42125569774606	330.99260441473353	2131.4738515129498	452.1555727887632	4.0
553	96.91305037434836	80.80117870303825	0	1682.9437803740668	20.341190373628983	324.0
479	715.5521533028934	443.980227320363	367.3771925647411	2371.2811851879915	479.3173158076691	36.0
429	582.5065822308873	364.1228903990583	280.1975348433719	2000.2003094097433	336.26139174084375	100.0
592	726.3277624859886	471.29282993681903	361.89632242284813	2078.628160504693	456.8534200231867	9.0
225	77.89994146205203	47.855792930081435	9.429545789919814	1162.0611292109272	14.530974608365778	400.0
457	226.44132271957955	92.94261330698033	30.481949302902432	2194.200560903843	35.88741273320921	225.0
317	171.38658979169224	61.63096489140869	1.6238218620977083	1947.3462517372836	22.227152292470794	256.0
267	817.5261092405744	485.5739906940716	360.6781251922354	2458.8630111080165	454.9933163411496	36.0
328	832.6488941113578	497.517426745109	352.32421647244206	2188.101004279309	488.3873665787203	4.0
154	723.5698125230641	468.51694990192556	360.36301566056676	2010.0664311523758	449.78447563840757	1.0
131	72.82081946077129	42.19391368525881	13.493483521916538	1453.0485209329981	18.10873914701774	361.0
584	731.8050875838786	472.92353623861464	358.7581372876254	2102.201391786264	465.00456541245927	9.0
27	149.91438347904787	62.30123163874893	21.970926237319922	1901.1917356025353	27.996879142994135	256.0
600	599.3122388604883	406.3093423746703	280.4682816300782	2091.560679129195	355.91466165174484	121.0
523	736.5870950360163	482.73724385166565	371.93211689363335	2345.182149288485	450.44878563217515	25.0
529	725.4189000376614	455.7017448898035	342.59341571707	1871.8750319219307	451.4137020611956	0.0
38	339.475574882134	202.09135219082674	120.25025314976658	1766.863053865376	156.0685003801131	100.0
45	599.1262292591305	370.1684812372651	280.96663992465983	2075.9340980095003	343.73194004485947	81.0
557	699.6582313097296	435.38345701348845	348.09555654898395	2343.615604460002	464.546480868832	36.0
349	762.1504886315269	494.734991256892	343.741502616202	2048.794892534773	465.5569809006155	1.0
346	752.3004103231601	442.84656272819535	351.3098015628811	2345.578787818687	450.0363450248777	25.0
489	729.7147634359397	477.9742882692312	340.0580576324724	2056.005615292376	488.2676796853818	1.0
598	96.2104381298388	49.0751406164645	8.795443041678354	2015.5344855993822	14.465582726743268	225.0
263	730.5506801452057	468.7639815764446	328.2005609371547	2156.4300331790014	460.63563303967186	16.0
226	114.18274907152885	29.258234719214133	9.309710104746248	1848.967182968567	14.468051628732148	256.0
321	753.1300158333235	473.7469681756415	347.89304592147045	2299.386437018676	459.59523494418175	49.0
629	73.23759447051953	26.526403192141462	0	1721.3565294071648	12.0	289.0
126	306.4790679228235	99.48246832956835	37.18238302167578	1562.4351959044793	52.78913135318296	169.0
91	57.951609452258246	56.836062208092194	14.10514057530607	1145.2201944632336	16.95055951853535	400.0
265	713.1843735933011	456.14473824207226	344.546910767071	2167.310120178633	451.35770789959923	81.0
544	242.3019799983764	93.78615410955575	19.094149910327626	2028.854357372755	49.59203233165189	256.0
459	84.89853351195026	71.87805330411211	16.370646135302774	1184.2751683444505	25.829927875825444	400.0
621	540.0029222972502	372.11576387469887	271.63936338140127	2063.043918733803	347.89419081355	196.0
266	747.066669135617	472.9769075952984	362.81748065444054	2053.373528340968	465.8180660100128	1.0
217	277.11328016183523	91.44443075825191	31.589270944350414	2250.6927626136458	48.718621614200536	225.0
401	742.6514920368932	474.47576918968866	361.17638041503557	2386.193296947014	458.8102687872963	36.0
324	69.37721756651304	31.36573208162858	0	1453.6259588429402	14.8575	361.0
417	752.781986390777	495.4954331209937	364.89140425488137	2231.4101897488435	471.76947135013427	16.0
308	712.4984334324649	462.67364767367263	367.1621346355772	2074.504838160161	450.96099331973903	9.0
445	272.0064123859598	105.83512793766569	32.30322451751663	1582.700859872226	48.52323170028043	144.0
458	632.905078644495	414.91329535820364	312.96804215639906	2041.0399493178445	384.4716855845862	100.0
376	747.2464981979141	477.14461865779293	328.18350188560356	1885.3698848945867	465.37117596220645	0.0
371	262.63512307844223	86.86972597112232	36.91387803612102	1521.0730703371219	55.972992166849984	169.0
312	743.970430029292	466.46903282397767	355.00266588187725	2181.9730964978894	464.50800183877965	64.0
545	714.3574535730539	463.5857863816414	318.79479002434726	2342.3850336166165	464.25393331496565	36.0
504	135.32204903881046	49.72081648380982	28.048135696258512	2064.2042640634436	16.895585351205114	225.0
404	775.1624369454149	443.9410354436784	358.3624145835491	2382.439874414265	467.15875336823393	25.0
246	139.27883695940406	83.14164243798106	12.321431091559164	1800.8572245968323	29.901561973246938	289.0
420	151.8534503776793	62.99129895531621	30.73189970562509	1912.2586074355845	17.182557101377853	256.0
206	722.8718597875804	464.5784261522062	327.4415032467314	1865.037771994154	455.2248468027285	0.0
231	224.39893957871726	79.19982129204143	15.574456927741492	1725.1733787129237	30.507484376998185	196.0
546	605.4085988594818	402.29891154466696	275.1597808760856	2135.075466352198	348.4713740418974	121.0
490	79.70228252633146	40.838799653410156	2.695666696751624	1668.1824793176436	18.076791707688198	324.0
25	178.0751771387668	75.48698722592636	24.053221160194852	1863.1645655381285	21.080409130707334	289.0
320	73.77951517068308	59.162996073853506	0	1168.3213357576708	16.18926183702989	400.0
62	720.2603730468053	447.18488904055243	343.95657590993875	2046.3317774855225	441.5560848536	144.0
77	292.60068404577015	127.54271694155368	44.3073099050895	2292.9158466851504	56.30456596506324	225.0
455	741.2804087482892	471.1039694101653	367.0006439757878	2370.4918785756686	475.58383936336475	25.0
626	798.7933289792445	496.7296119626356	355.40074679469666	2157.8861092141965	462.551210657669	9.0
216	734.6701565703919	493.6015997836748	325.03431598280366	2034.8977441805112	449.4403149480975	1.0
438	708.2724684418467	412.0495978055982	311.7388489716809	2158.3484835767454	412.3953649977427	81.0
581	258.10417728217607	56.766337470814655	22.63959342642614	1524.2687769311817	28.97739471213187	169.0
47	715.1636216667023	451.48279697380065	317.0626726264474	2303.8191817475695	452.1726725441414	25.0
83	610.2034145056203	383.5640184729227	276.33847278867114	2072.1806611548877	390.06282506720754	81.0
580	688.4621023852483	433.56844433311556	314.1217324157842	2122.1670301842023	429.4747789961484	64.0
78	76.84088269824468	59.44173121048607	9.003081136331758	1466.9595546987478	15.709669033176047	361.0
391	708.30739511807	473.3438833194989	326.3437269938206	1842.1342446290141	446.59487601704643	0.0
585	270.1788598443101	106.02567476107585	28.51612843789381	1576.754887792441	57.3591766715791	144.0
468	353.8704102662612	198.86439197719437	109.89698276670366	1855.8170358008445	147.27214147578252	121.0
525	280.05960291745333	102.75304293397465	35.83401127716252	1528.66413111482	57.55105234866605	169.0
333	710.7803061614458	456.93841508549184	353.58347712403355	2357.8394322003237	445.648250733421	36.0
147	122.99672538634228	47.187412154519045	14.969595966340574	1777.9354232862056	15.7119407102001	289.0
382	729.7510416320873	493.4431010985706	337.5131659505106	1895.6809809381007	445.5968569622406	0.0
306	798.488440860774	471.0122842321718	352.1312303543956	2444.661567041911	458.4918437787419	36.0
555	65.29970655493683	31.017766605132287	9.021169905526225	1639.0242570945225	14.57800785874453	324.0
192	147.06438355951943	70.800907620414	10.316778785924662	1818.936884880944	21.256741619352326	289.0
594	135.53606626032405	65.21390396967007	22.62477580186669	1747.8111468821535	18.803792520872932	324.0
71	525.3977986897798	374.92286876020705	255.67029172650106	1816.23979470139	311.6677989732306	169.0
209	337.21010581440316	171.49440213983266	81.04454393859723	1861.043640034157	127.41417878393526	196.0
286	712.8682361116689	459.17796350327063	321.1025330413798	1995.6380252103322	444.68428807401176	1.0
92	734.2870455968259	478.0471808431887	362.5067905353426	2054.686764660541	459.02266821593395	4.0
63	273.3513137586657	75.90202455950295	29.113015016624026	1538.841542628917	52.04512354910463	169.0
101	772.0428740590954	465.6474607371513	339.74334353815215	2331.6239125596135	468.0608666028804	49.0
157	68.73144969540938	34.64412520003233	0	1655.514581621822	14.396267701525055	324.0
279	785.7856128574904	478.1038645279725	351.5471161835515	2227.0141389015002	466.34589469651206	64.0
579	147.44079899723798	56.77001638967615	8.327974784048815	1917.0826847264193	24.117908381645233	256.0
473	691.7284214816177	425.9085121849231	309.6559550254582	2202.281204105293	386.1850309229409	121.0
182	802.7191782521134	470.14969648621235	356.37124917744137	2099.566156202386	451.071192579197	1.0
240	227.08693962318455	53.61978167108	12.525416007468008	1730.8154732738772	30.173125475668648	196.0
565	183.26791732188713	72.4860265640194	22.778352653645626	2153.043303936484	28.198839118717135	225.0
128	710.6043678406243	475.20892650479533	322.73452453837604	1846.7930716875917	451.5584326840027	0.0
534	289.62635187567764	109.7458681306149	34.583409697448225	1542.2127388621875	39.36243006595788	169.0
233	240.9946624711106	130.67321356961028	50.87603009048364	1563.4113893051413	97.01144026585732	144.0
450	81.33266895569642	27.80188504163457	0	1669.4876986084234	16.427655296634907	324.0
441	812.0675944353756	473.63769664297445	322.22131655998913	2156.5761392344016	459.34452705925366	9.0
32	598.5859483061087	371.07464967641505	247.4091025869162	2111.9696922828	319.0247659111898	121.0
537	94.47003691423895	70.79020363971436	0	1689.9618426119534	24.710272114229898	324.0
160	716.8714065768046	473.3645443887114	321.3678325864174	2262.731846970433	445.51086350162564	49.0
200	731.2928762345998	452.0624265515542	355.0844005928541	2174.4226814999324	465.4046578452421	16.0
395	283.6113845572338	109.93309433600874	29.6841493182173	1588.8312790157195	63.086486304357784	144.0
163	239.4189942435895	85.0813762735081	1.8041315309258552	2207.6618435488585	24.10813604845108	225.0
305	716.4613691347905	457.84653379824823	340.28689452657505	2186.053358884456	467.06881852862375	16.0
541	133.88798703911507	46.12489736828041	9.664066640538694	1896.5422109133567	18.174136575803768	256.0
13	827.5631730086305	470.8092665544918	350.84899795524325	2209.2554788653806	493.10583897086633	9.0
299	730.0084208330114	457.9770791791285	354.13085644821206	2191.306802572303	446.8018892995931	16.0
162	598.1490880579269	397.3450262376937	246.33875105419088	2065.1585937311324	331.69051192127625	81.0
106	722.5579120937542	446.60791243105575	318.76919709970883	2005.1522557091905	451.9684039119872	1.0
51	768.3887000118337	488.98204119104486	362.2024989875386	1941.6032625707007	466.5018308468756	0.0
161	80.17431257848922	35.63284969799577	0.4814804964539008	1832.3028502658703	20.546497841473098	256.0
244	286.42792118420624	123.72692268287084	47.45932839535781	1781.28438985133	75.7810269977978	121.0
415	242.87229821060947	127.86164546359875	41.77732879130486	1741.0002453995237	86.78380766458605	121.0
502	194.2031320180319	81.18398224920233	5.912646598811827	1696.7245507781238	50.99560809052133	196.0
493	186.97543803962893	51.77236032937034	21.13319276850619	1962.0273138230918	20.16525313558054	256.0
277	278.56482206736257	98.27265563264572	36.62391782746073	1787.6562066664333	52.4110904876531	196.0
447	268.59820116606903	93.75001165163599	31.74216422068587	2248.3806007565577	40.15094403010975	225.0
222	805.5925475410388	455.3154464478866	354.9036245204235	2131.0463498968957	445.8846502106393	4.0
52	249.761977642846	69.36193993272957	21.222388606949213	1754.834175829861	27.192575764111634	196.0
464	807.6775065873392	457.0302564817276	348.28863650530616	2402.6656852905276	446.9319574815573	25.0
588	758.4288819793009	442.39134610538673	343.9348900905536	2373.0848909759675	439.3354653977213	25.0
599	261.78610858211795	88.92954852358577	31.101688442083475	1763.6592031676587	47.17194975967148	121.0
623	726.7528077623649	445.4302568547851	340.4523530550369	2194.2909196189134	459.93763517164814	64.0
59	674.7701396298587	406.1148332623002	305.78902492849585	2108.9128571685433	414.2870470128109	64.0
620	109.75131928716098	86.35088437462703	8.252648424782123	1890.4200657526146	17.799974223910297	256.0
476	726.0249940398735	461.82838110077364	308.95763888464313	2024.166503718574	457.3179146976708	1.0
122	608.2243370765212	391.6567104602607	274.6165293816338	2083.6280000536053	353.3637077800336	81.0
474	324.00910422115874	126.7460373771392	40.018290869816866	1802.234700667961	63.21314644871575	121.0
440	265.50247056573096	75.51794756695683	28.777289629370966	1582.7167389383856	32.91045684580383	144.0
466	732.959356805866	474.629697473847	310.1145010928573	2179.741980487138	463.70501781226034	16.0
211	623.1994038495052	387.028327858674	285.0186982289832	2070.859996396648	401.43744153856215	64.0
46	689.9791853396388	413.4063117406937	304.530846117869	2146.8556882807616	372.59706896902986	64.0
510	257.5751538700772	93.01910534070863	30.148500874039595	1742.740114847318	48.853090709028734	121.0
6	742.6368649555701	441.3547729051608	310.2168295523061	2103.778606818567	440.3627534764311	9.0
381	265.1900063725153	104.51911454709719	16.222686682342538	1642.0385254947657	54.746902402296776	100.0
23	734.2484495761689	474.1013300858867	310.16306031958226	2101.235978125268	464.42470356531874	9.0
472	130.964808546703	47.877220856861356	15.939434773343224	1602.62906103899	21.950514013693656	196.0
141	780.242055344915	437.4660573081179	335.4339247485901	2150.282719349252	438.5249881680178	9.0
618	722.677124627853	456.58181548813195	348.9656888338798	1889.8604842285004	444.71981678166304	0.0
615	416.5390750875249	201.96405452475614	104.73043806943551	1847.6316461946203	146.3163079453597	64.0
362	136.6506011155547	53.269838219270405	2.1934061466061587	1374.2486093194582	19.177874928113052	169.0
374	79.21597447822951	44.45412602180908	0	1673.0489468720514	22.79989217468452	324.0
508	750.0840753436124	463.064469323977	319.2140771763493	2102.054245842352	436.49778668656694	9.0
186	101.9895957640934	69.57707161506458	7.71458437763441	1713.9070496367326	17.338900275242615	324.0
369	766.550819991526	444.8393964124997	348.7738039866184	2242.7424119494717	439.5515613889237	81.0
41	689.4234948756848	452.792476617977	319.8477703448741	2115.173662158937	436.6561398655668	16.0
416	195.76090518182872	77.7125489532918	18.629546659466257	1707.8122585466417	49.03725419728365	196.0
442	725.8553997597095	417.16054408637797	309.1338282446254	2187.462838682022	415.42867455451295	81.0
281	736.7549256042306	435.0143923667869	319.9855643885044	2325.882247671907	436.6046830709616	25.0
292	690.2598802246092	417.16546299205453	299.4545872323497	2140.5119507820905	422.4342565539215	64.0
422	129.30912837885555	66.77722450143987	8.24421156908152	1804.3366643393476	34.6028964825543	289.0
400	747.7023724686977	443.2565867532596	325.4960170004536	2209.478282141697	453.81656591989656	16.0
300	638.9317436819002	402.23366579128555	284.94239765039686	2124.058774846582	387.02435218629995	81.0
314	194.05934409015453	100.35498883848447	20.164249714747143	2183.486140274042	19.60183616948826	225.0
342	244.54293537358407	88.17514584070354	21.127354816448857	1751.2434108065277	23.599953631645068	196.0
343	737.2781358116929	457.37260252182983	347.3770785281439	2050.626267194684	460.37937913499553	1.0
427	684.7017875977106	451.8176706980096	330.35639211199526	2051.034486948923	438.8018059885406	9.0
75	267.8562085013305	95.50302157603274	37.39378879937122	1581.919002209977	50.701709452405396	144.0
366	223.80683924380605	56.3051685405929	12.94341861170098	1502.265197780668	32.99711583600107	169.0
37	282.52813641742694	79.83461207609992	20.264325247816576	1564.6673955493184	26.282788206119253	169.0
208	578.6175133865288	353.80064644150525	268.1940510369001	2011.8501173709174	332.536478923383	100.0
357	68.80044378180378	51.34608465398453	0.8898723723723726	1673.420221987672	15.907862545334533	324.0
434	506.4536246186704	310.8712101518161	201.97894046807025	1865.330008845573	250.1930312556215	144.0
389	593.6660512097659	360.37196660525683	272.0301823696875	2108.097364163562	348.17388602162174	121.0
282	179.84269339045028	71.81160248687529	0.4748139880952381	1980.4114996173105	19.112518637740727	256.0
595	101.12317255652934	69.75491790527589	18.267903892875715	1514.4313930840522	17.282671711570934	361.0
522	722.8974719143553	446.3639879383011	334.82061922883315	2151.052851610745	436.20574242317	64.0
250	254.6865389759023	98.19582756221891	13.698595748284125	2079.8201581784238	34.49852196886913	256.0
309	756.3526664022883	447.7799360011151	315.21464476531867	2383.221717440299	458.88050715503374	25.0
485	83.97289218719303	48.566948066262725	7.5870041933694665	1489.370980420538	16.1027483762634	361.0
149	726.2317299372055	469.85130773436106	322.7420779756961	2373.0605609209542	460.3571719963409	25.0
481	49.50909816244731	35.57810987783981	0.47502915451895034	1158.417400738989	12.99992978816666	400.0
611	620.4272600510976	386.7619915810868	273.9155571987412	1920.20924665733	336.0213651403401	169.0
372	765.9191098217042	436.7486853204181	343.61772359296106	2246.5865887995024	444.58945935174177	81.0
188	706.4560581739287	445.3406084169031	314.3696547516748	2013.7379871328483	449.24632076416157	1.0
495	719.1494151922234	442.7711309285681	331.568955859467	2154.1715767184046	435.02566003947317	64.0
453	699.9913491661017	452.6743337520171	344.8090879392467	2145.785696291489	436.7941626923025	16.0
307	665.0727639991894	429.0705514699234	324.40114676308133	2023.8846583925103	434.30027349052324	9.0
170	192.7546945252853	78.5251313095508	12.49994152333611	1528.2072236807903	27.595311250057133	144.0
505	572.808649573165	341.89191921268844	233.42490256212022	2057.9007205644307	330.08310760740954	81.0
370	741.4320848645165	436.30792513217824	318.4929318755257	2073.8941756313907	434.988579732125	4.0
542	746.0009919550665	438.713994569778	331.8831547659957	2199.7594586965615	437.456156134977	16.0
497	719.4299737354928	449.5515446328865	318.92261321666143	2175.8672893818875	450.99838664443195	16.0
563	734.1220523428128	419.54904173974415	328.1879414410199	2173.933258464678	445.6228673083547	16.0
68	701.9513482688175	423.19741485769276	326.01355334102493	1875.083100287882	430.1046602344234	0.0
43	103.6789607903157	34.183712871212265	2.137015933195942	1777.406244774299	25.088968483952055	289.0
20	252.9398088111486	83.94179850295002	29.064346770883425	1755.7532288847772	25.943442885863764	196.0
515	705.160661602874	454.8994693352441	337.1258159734972	2010.6292548530544	434.74357846567307	1.0
633	718.7476403177085	467.956210940776	318.716786355136	1887.0889632943956	444.13199916155855	0.0
619	161.07610813209024	50.69252040106691	0.4631163434903046	2129.285020612503	24.873524032860796	225.0
575	707.9197368426995	457.88698178335983	332.95631885461296	2010.9570402486452	436.33320412864197	1.0
273	95.11049579789514	57.763656600462895	0	1710.5153644463242	14.182491318888944	324.0
351	106.99719810376304	60.57417800787745	0.46093406593406583	1720.424092209354	28.479897977501007	324.0
500	684.1358594298904	472.1650438221199	315.3090132406191	2166.0565595365783	458.0348186231427	16.0
280	755.4208162431953	451.17456575566393	343.73337556255814	2236.026888588214	450.4187949018142	16.0
583	143.8205258586789	77.25558168771329	1.679144112606488	1933.6545981325116	31.41978737703791	256.0
49	781.5258940513623	451.6367371643583	325.96233057578206	2161.8192153705495	438.38516247615775	9.0
394	695.9507975878845	453.3678792087445	313.4354146851556	2245.2702290458233	433.9355192438431	49.0
136	286.87251367080177	112.22058993319519	34.398186226605404	1795.735044473201	73.17914856421535	121.0
109	165.64920516746307	51.63886586850562	16.770374700850038	2146.4107642139766	22.34525246351544	225.0
219	125.29189067681895	67.2576042250279	5.974677259648086	1831.8090568827708	19.579457264323086	289.0
173	740.8178004016089	450.55709400940333	335.44981271969533	2306.350975441639	446.04641294105375	49.0
69	62.73604890490223	63.631355218658896	5.992165534406728	1185.269163526389	28.45787540205347	400.0
288	220.28098930576948	97.15037991669834	36.668256313672835	2044.7687750765583	51.73337066054239	256.0
564	406.97890846035494	215.2285711168099	151.7244415724154	1952.4372344147432	189.6547898159468	196.0
405	711.0362338428632	450.1051597605918	311.6962720066928	2155.2697495323564	443.4792322970907	16.0
80	732.1002126554932	465.0155918739511	329.35121673817326	2171.843423764415	444.6077353136159	100.0
461	115.42200565258946	52.61550352991295	0	1822.6866233332278	18.06403285621327	289.0
144	702.4827840759025	452.4284011787679	312.67102417560335	2353.7514335954356	436.40393886476744	36.0
205	565.6519299743101	380.58852719842645	259.538125415742	2083.549674511064	341.58430857067276	121.0
313	369.22611968828306	190.4589153506464	112.64848749983369	1719.4650482732982	153.14626972100524	144.0
166	765.5182439145218	439.07716452258217	329.01888719811075	2212.1446403941127	436.64710525664276	64.0
8	97.19563862285685	77.9329770864848	15.734223872036603	1707.0687377579636	29.068662618275773	324.0
255	64.3512006732691	64.79337632970937	0	1189.9251794756524	26.952974652009175	400.0
258	736.1148649953643	449.9621896844277	331.79625661830374	2265.757280282375	433.59907049079413	121.0
151	697.6272867412023	461.9956822562412	311.8169752636469	2077.853408056277	443.54598947750844	9.0
199	78.28992782302525	53.80775274497151	0	1502.1663600900415	14.20035161698964	361.0
587	223.55845688545037	74.19568717071851	27.085050579210872	1943.2487136794691	26.148832454808513	289.0
53	707.922007988141	437.72608000319974	323.42145702055785	2225.6946636849907	431.9819387169862	121.0
252	273.28472820953505	102.8911245597269	24.735851206936115	2288.5942912972	35.9543929646765	225.0
99	579.9443940711417	319.8783890439977	252.47436366464683	1890.5803258469327	317.27050247698054	169.0
410	333.60129769582795	148.53281482802683	52.531631328753555	1890.1062019659553	109.89358338263712	196.0
465	773.0556146034907	469.7080918159064	309.3849038548327	2128.4299952244896	430.1144064633722	9.0
437	296.9817993195619	126.09322972513453	41.79707540791738	1590.7499859331967	82.11169355764872	169.0
293	632.6100761277853	387.3928984839395	262.73804748166236	2177.0479230819597	363.4819913947999	121.0
105	685.6275544849198	437.1584338320488	337.5226883975686	2136.248419655369	434.8155209016622	16.0
50	697.5386877725786	460.46033246696663	329.7803649476848	2026.3253383350152	434.3130914332462	1.0
572	274.0260168087363	95.03226365633756	27.446577351670662	1775.6733333783322	52.89290069559452	121.0
591	698.5849859761676	424.7036149073973	308.85226238938714	2082.311520946074	454.7371626935105	9.0
193	63.92721666232754	53.69986798925847	1.6839993765586039	1495.7710803540324	14.261305114308595	361.0
435	707.0504892962624	425.9423656813515	310.9161349035153	2046.3838664532661	432.2366099563809	4.0
260	702.4780297592373	423.51192078241354	336.2966476031164	2319.2379352004687	440.35501721420997	25.0
318	334.94655041824717	196.4235800228183	100.69931839292539	1754.0145890856686	160.5355809387792	100.0
454	84.50136170145242	70.00770167529492	10.289571284005794	1708.6792937972923	31.687917327752736	324.0
624	65.5964193180888	31.811452716656753	0.45052339901477834	1488.63250232632	19.19864664292826	361.0
87	222.59489439974473	89.47203460906414	10.283998430415782	1957.8371288510864	28.151313344117774	289.0
601	119.90995286965598	72.80422894225008	0	1571.617731655125	17.447338857460515	361.0
291	689.8179468030042	442.59836663404883	332.61782404320036	2142.8895802703305	430.9888266972277	16.0
111	296.70972961412235	115.48906766379935	32.37663700738864	2319.914011889742	61.7673090184399	225.0
302	728.9555529911029	418.8927803298508	320.01026193705775	2157.4432213586633	443.84315135865023	100.0
19	693.3779313987455	445.9338213323178	328.804232517522	2175.7371206964694	430.6201805483178	81.0
287	710.8865406366517	444.3328734751816	307.9234843117819	2074.3488078277296	431.15113486171475	9.0
4	778.4783106213289	441.74013312796615	300.0201010436297	2257.6986164902123	463.79276067716955	16.0
66	688.306465636313	435.7323471633067	340.0657225186252	2020.4489978568483	434.93719894188075	4.0
471	684.64858863928	433.1466970852994	316.2174539336832	2048.6297443813246	431.06704833356855	9.0
289	113.9691573884319	40.389443297639275	0	1903.2325373002218	20.97264366704069	256.0
213	257.0322372548725	86.64647647528533	32.59507772315209	1772.4542499774634	43.3096674224783	121.0
528	731.6209420303313	439.03554588883105	327.42184074060884	2299.6393248550726	439.9599045336946	49.0
380	746.271975136679	436.9183988294407	296.9308827565318	2309.71872435218	433.1094037628963	49.0
428	696.3537063638987	429.7119957922981	324.38324744482867	1853.2360746442694	430.12036791007705	0.0
158	55.195521024775005	68.17778823151482	6.279980144059655	1191.897754875306	30.667306778624006	400.0
39	763.8754262798668	430.9790260707609	295.22186609902315	2138.9838895401895	438.5195150250249	9.0
36	582.0374296374764	341.86665522859676	220.5411584519776	2005.2808851672576	305.57135459138146	100.0
156	731.3085966978449	438.8073198289351	295.43921710828243	2290.494650125619	429.955856535701	49.0
24	95.93383377013346	67.52738617556005	7.110077234617019	1720.2785693231006	15.98958848838231	324.0
108	226.6722080699017	67.23911210633149	18.696953735775978	2041.5649134428045	34.73409160083951	256.0
635	721.8780395978649	446.21916691033823	333.53125771981354	2349.6190880293825	434.4903984013013	25.0
152	744.6816973813723	430.7795911579785	304.3631807751956	2194.8334322875867	429.6627412430502	64.0
377	77.28848504914974	41.51272949074556	10.05147288741976	1702.232562344599	19.59635044420874	324.0
559	734.7336251870536	425.3824058185361	320.4976687597819	2083.7468974434355	448.36005733912845	64.0
451	80.54302248009598	32.14922654662614	6.331556657066647	1567.2678094740731	19.836884043845	324.0
323	266.5739776044228	98.05439808717686	35.833528308880155	1676.571935488527	71.26115348749492	196.0
337	700.6989051380599	426.2699488624094	308.06931841645155	2130.7323126286133	416.4583889800004	49.0
484	755.4353888789019	425.6871706078688	334.4625867364515	1996.4424985806922	442.6580787254285	4.0
411	746.5990355624091	421.0242797588265	297.1985384957571	1950.5033923698147	417.05473605648484	4.0
294	667.6250469696985	426.0065146805939	309.9050982766124	2195.6992179363524	415.54402474334944	36.0
345	645.3529543115305	365.27732728612995	295.9157774322375	1999.1653900924796	389.59449638480766	64.0
202	267.94897701259896	114.05460496980994	24.82908576862807	1577.9504021780754	66.5555115054131	100.0
15	730.7077891885442	407.67547614301037	312.32221920379135	1937.886001210601	405.0126305372252	1.0
332	644.8767461505786	409.0316753762521	309.75499868336556	1979.595266626333	418.8128878368048	16.0
268	697.1579039321944	414.3061660952492	309.8966044491967	2184.3941889670227	416.96490467194985	25.0
114	115.49308079900344	53.00376937823619	0	1751.6021760368278	16.903930153275628	256.0
230	61.541770335690295	50.1116362345716	5.8526346758659695	1080.6933292203935	14.6435353524008	400.0
264	673.1379472882552	412.7350427504557	302.3025327461856	1876.1897762290075	416.23604665684917	1.0
355	709.7130942786056	446.60434978895233	312.61990076208565	1936.2279302637019	427.9911982103067	4.0
503	726.5208862339249	413.7660767965071	304.65816360629844	1799.9409883923813	421.11575727935815	0.0
322	282.4800204932432	93.49056044820692	27.81202593406	1664.6670938880739	65.85093757163732	121.0
112	67.84884528732157	38.61965929954487	13.911625105440464	1537.7691098963076	14.045888856839152	324.0
593	112.19065630295319	63.28493449339679	18.774417696760278	1600.6613978673763	18.83283218834949	324.0
278	657.8591779187419	424.6983046694903	312.4265497995269	1968.1221852708761	425.22185688997104	100.0
218	261.7675278993152	99.12290730814122	25.495387401073977	2118.8651316889705	47.415462153580215	225.0
347	187.6699729682968	65.14256053518366	3.0156122006586585	2025.740289470257	24.3172868317308	225.0
259	567.2057466311868	352.49675068387864	252.68358053660526	1820.2063688161725	320.5262396760255	144.0
360	665.019461576218	424.6694575243921	332.2039559939969	1878.6421451298518	414.971175382355	1.0
228	672.0417531622724	433.38213297640624	308.80568323360654	1893.3524142450497	417.0327552676512	4.0
82	294.22654259706906	122.45283516004771	16.840838701207787	1707.3272962596002	64.17937340532538	121.0
368	216.23204238676115	59.29334859480224	4.966658103823168	2045.413151814805	18.411559658784366	225.0
18	106.03705035780688	62.19500740809891	5.411294782564542	1597.3645173507216	17.857565808825303	324.0
74	758.075209904976	422.71673306275795	293.21319440798374	1984.4491174405675	447.04123421476294	4.0
203	649.988667690444	420.45755646721324	322.93892884705144	2223.9713045424423	437.1035543167431	36.0
610	646.4174880157622	415.6355870898572	286.4834346405577	1927.2893137554381	425.7161105323548	9.0
115	229.40917952678484	74.98199205952905	21.859428841839062	1453.1592774924975	26.204448529293295	144.0
10	413.9608985800749	239.67599476672396	167.24488473250295	1745.5920307067158	213.59685712982605	100.0
418	714.4951894480099	428.3143761639002	316.18323172037503	2209.327476570202	414.3312881249939	25.0
608	694.4013042779967	417.63680660528934	321.20017425710654	1967.8379356733285	417.7298017196477	9.0
636	213.23292776822166	59.25709170719527	0	1386.071480254693	18.441431194583878	169.0
107	483.0787625324881	309.88939656998167	222.2990639213382	1877.098477948236	296.31308876223676	81.0
530	60.10343495709965	27.875537337423893	5.410940145819919	1351.298296213339	14.044227814221188	361.0
532	677.537119146524	434.13291032776084	325.1407005897287	2178.1459644877714	414.4723387368003	25.0
631	295.1796440536007	169.0566453766851	68.21506316568478	1700.2533607149699	110.74140816324866	121.0
129	217.978487712444	69.35367885778751	18.40158073029637	1404.7735388422648	37.06568785958402	169.0
55	181.28505595944642	62.83142397930954	13.3859883591924	2022.8268191091927	31.85888453622217	225.0
538	90.68011408215189	55.17416173876663	0	1587.061695326909	15.806665238675118	324.0
627	134.2771552916839	47.763283639123905	6.32568001861083	1626.1705631668533	14.639508173842936	324.0
407	467.17640778587537	274.2225828234512	178.81415482754207	1894.761846824589	213.2793209251768	196.0
215	666.3027999098332	438.61127951562685	314.6527977738227	2044.8011269181143	419.1133786178367	81.0
175	652.087579210424	421.10715125223555	293.2747604385944	1901.217214749984	410.6201345219097	9.0
197	674.4178664950701	425.0074989265353	313.26376896889894	2009.6574126582602	409.4067408785168	64.0
159	677.1624955261641	448.93826268295106	284.4567228315694	2012.539273770779	423.55217417719984	64.0
550	189.1411415735727	47.27194076041317	9.732175485089027	2032.3890989614592	24.272206781868494	225.0
58	649.1536490743013	407.98156748271316	300.57944556150784	1725.0143410122319	409.12480535490954	0.0
242	111.38954166489775	31.861960630622427	5.948850697590098	1669.5688079178976	17.285286259225014	289.0
254	691.5193958530854	420.12215634729296	295.3014543047442	2141.511385042356	421.73975058382604	49.0
164	735.2844037032004	428.8886772897214	314.97597212559543	1812.9161359840896	423.6586906694862	0.0
359	66.43105423711214	45.36795497210347	0	1560.5829712345335	16.208142085904953	324.0
551	674.7035285927644	445.9877126423397	282.9382767651277	2016.6085649193872	420.0821081871909	64.0
150	639.4717655694567	412.67029106836355	283.60958889295557	1872.6745557354673	413.50583346688273	4.0
364	443.469245797074	266.41818854980426	168.05892682273227	1785.9710748028406	221.29254599571811	100.0
331	64.29229237849083	30.167357849430264	0	1368.236853004592	21.35094867224948	361.0
139	721.1158139019024	435.92081691271983	292.1382220473904	1941.3396176673666	417.37136917838876	4.0
336	143.18079733469705	59.0000571943518	4.9685367072804425	1796.0676633319856	29.96724668502363	256.0
86	79.15639994484901	51.0290516068389	4.974584920131058	1109.836107065405	15.741154280321517	400.0
487	122.29838572880564	59.19491222027933	16.862884713613926	1442.5402170710656	16.313060982780332	361.0
270	138.85968807702233	67.29133035741046	2.0728932964350832	1467.7255556659236	22.897478363937044	361.0
130	686.6125325374317	424.81374717776674	314.9301586063542	2239.248677242756	433.9210636961832	36.0
81	739.8239963729425	440.43839028162313	320.30480694097804	1975.514268772731	407.99314604932243	1.0
513	214.68876528115578	91.06042839282783	20.16650864790068	1621.8048775722393	40.39047606524244	196.0
577	573.3393520869678	350.59042828259106	236.59254748774416	1830.4099072725514	306.0287484530142	144.0
148	527.0459082120506	319.0808165197557	228.88884412169128	1787.5704356176172	293.2894493662195	144.0
176	164.9517539391631	50.25098626481474	2.5695870790836643	1743.182564110399	21.642860341584328	289.0
94	671.5872926596089	405.9598379263667	320.5436117298287	2213.22601825093	415.96122551924685	36.0
319	610.5274091126068	368.5806170730258	266.4374015906096	2029.8278833646518	336.1485331822422	121.0
408	696.8299138804415	415.2678888970921	312.274872495198	2150.5464080008296	409.9446537571345	49.0
56	60.25601531605003	28.399246988136948	0	1084.2303819628733	16.355453414261284	400.0
637	659.1542214430136	373.61054635761195	307.4309834553134	2085.3404509310826	391.63659913722506	121.0
127	669.783395281111	431.4914913842504	323.66424151217734	1929.627193464196	429.1971615364641	4.0
143	30.262513030990544	23.875460290640483	0	1051.5905852678304	11.999924564878157	400.0
509	673.6145433613877	430.27217668363346	316.1109066784761	2228.9453792576855	415.5714514146638	36.0
386	714.1962392708463	413.62471572568904	320.43973004003544	2231.977564580216	409.7483863668798	25.0
7	749.7611634840866	420.6809638644688	318.07475438717574	1984.7027450194823	438.44581309986876	1.0
463	608.1302241974654	390.8871196498792	263.83198166383556	1994.9259233044577	349.68645947105773	81.0
17	331.01629895157197	190.50380946945623	103.40839159367371	1672.007684587557	151.75842126774063	100.0
85	673.2877448980822	393.7257985079243	275.4922278006058	2039.1790340526395	407.5712447691185	64.0
72	104.03899135751905	50.51946676071822	4.525303581261284	1754.4944396675555	14.22675067290854	256.0
33	93.21974764781845	45.272870278041935	1.6221463178294582	1585.1935896268938	13.21382708871898	324.0
634	243.14646427566453	82.01645916834039	11.770118603021812	2104.034374511482	36.520376018527955	225.0
93	636.6578567035069	388.18030905823406	310.18722251646454	2112.3520633655253	430.62668883337477	49.0
185	248.48246128701498	91.75718870009825	19.155845563082178	2124.4890242202728	27.566717797873117	225.0
181	755.7561043906298	430.5145151616822	313.6671356045229	1992.0595412523437	406.87356969075506	4.0
235	251.31802019991568	91.749226009762	23.312568994994205	1681.217057682574	38.43692906189519	196.0
28	60.13838581031784	27.090132128418812	4.56004319235342	1369.8097048808531	13.63842567839413	361.0
469	628.6711065832452	384.4600386515569	314.4936094166036	2009.049773731422	406.63245674184344	81.0
339	643.9798534820259	380.3053690727123	301.9378899950551	1993.4040706537871	416.8476765322222	64.0
1	193.8746193077755	88.10640433482813	19.19416482402243	1621.3444043490872	30.69688873918583	196.0
354	722.8910509527523	430.7264765091059	317.1511001372225	2125.9947793820315	424.16422147296447	81.0
573	719.0705812185145	412.5212288620939	301.9818431041947	2067.5388485087956	408.7391368712509	64.0
365	91.53845048384439	41.2052683665744	0	1595.5552289775749	23.088542714472744	324.0
496	187.0305281723512	67.77926579880447	17.46772452623017	1778.3823670714837	16.814081084926684	289.0
423	613.4069431858529	382.0277321539936	302.0474734775918	2049.208959057471	407.7772546633793	121.0
516	626.4657558084126	381.8054683072607	293.6998411415032	2004.8358531767924	403.7898524108056	81.0
549	719.7090960083626	430.0571424094473	305.99029273445655	2182.3591432675903	406.7340812656907	49.0
373	741.5834964255932	412.9217988778001	315.9133619835252	1992.7880156813999	420.8015153292415	4.0
492	232.8604820158132	85.73233718073296	18.01433193938347	1645.144934057518	21.554904660856597	196.0
57	680.6957704179171	428.362940512784	317.79365616770247	1977.9884461460847	406.2837725558154	9.0
436	628.2301189074717	415.03443810252645	296.0349781187695	1702.167257509277	403.12467347882165	0.0
210	732.3145462915729	416.66086305383385	313.21768266089924	1950.6484409336465	404.5384583681419	1.0
531	124.02232966728529	62.47322998117621	0	1795.2700864118808	12.59846194062986	256.0
132	109.4132479894395	38.818884006630576	5.828780551963635	1685.0207842772036	17.46718657286819	289.0
524	47.226228412621026	26.56215479495562	4.628154525014832	1077.850465694015	16.902453370223984	400.0
392	649.6033333570996	416.73176629695865	317.0816954339874	1894.517625487455	405.76279844686684	4.0
5	721.3608113121298	417.1756099522159	312.2193247281885	2253.49694473322	428.03898514370366	25.0
275	216.70919500054015	65.30514144799578	10.985811273511713	2082.610476019071	36.95517902170937	225.0
596	85.62376847804927	51.036460910052575	9.090187649374018	1597.554162820727	17.09467553762148	324.0
361	664.9987583272588	399.4123815446562	305.39536486219396	2190.501979157961	406.6299328113661	25.0
352	673.541653974665	418.71471396945526	312.3307102645338	2226.855278789104	411.1914011520981	36.0
526	686.7887143712538	417.19462652254333	312.3968654534766	1931.1507887999824	413.4174461381219	4.0
414	86.61557090618032	30.897347282801423	3.7637697292862065	1749.2551284930419	13.247873998610814	256.0
237	54.10805171657287	51.53152913737572	9.598502136006548	1376.3892861375514	15.389792581898634	361.0
204	729.6860803026738	446.19251054162623	287.5221652814965	2207.0995166272633	442.84477603084093	49.0
12	670.702815752357	385.3717327599763	304.74296292753746	2143.2415526406426	416.5675696550858	49.0
232	716.0375926190683	418.6704485905356	311.74574384257187	2069.609946651062	404.16662630897076	64.0
514	196.20494526911278	75.22944314624338	12.343852250897505	1612.155345738657	38.28052255121185	196.0
172	441.39102556458096	263.7273063892875	182.36843174962863	1868.415446146071	218.67768002400408	121.0
174	558.0108446091407	331.18068898952714	245.14615841903347	1887.4690835009856	324.0247971724249	100.0
403	242.83391291618602	73.97164340944488	25.823089854737173	2104.377564849426	19.805732896919636	225.0
315	657.3765267462813	415.5383302538177	289.31574756822727	2013.4042371796054	409.74114841334153	64.0
44	95.77147153150437	61.04811122560399	0	1610.0150583746215	14.152057662828055	324.0
480	658.6336798937128	428.1559735094038	295.237765482184	1868.5404027219718	403.65586771999006	1.0
30	667.4642670579238	430.55050922741435	300.7837839054933	1787.2943206762086	425.2531926036399	0.0
501	270.8040759706965	108.45577313645644	41.70919312530521	1709.472690361619	87.25219033648212	121.0
379	240.37581337852498	83.96874921787354	28.24184850513893	1478.5860968798695	52.97613997092075	144.0
578	180.60022325099504	70.92349339189312	17.173333637874364	1860.2768074702387	15.487448809815096	256.0
533	173.8309411308242	59.85866306995876	19.936378550838683	1860.7327041630538	22.86386378298624	256.0
167	244.67769873233112	73.6323523857494	18.715952304484137	2124.362920234015	43.13817564772744	225.0
110	185.43072177221563	97.04490155271812	4.496630595417861	1901.822172209229	27.43184566552085	256.0
520	652.2572426110706	418.17207167339467	307.4487768855783	2047.924178528262	404.2638330852172	81.0
449	352.70753841506433	178.2501739890502	72.3473306550763	1572.147751080017	125.21462028029859	169.0
88	669.4854073335457	403.1104556929382	307.0290499467589	2142.963853955463	404.4209774798799	49.0
383	722.7892065371689	438.9960615795349	299.3526705532637	2005.6082869278766	403.2778258408921	9.0
561	714.8088049400807	413.02896774217066	302.93193080782936	2072.0151169066094	407.09085741550416	64.0
375	630.3137142092958	355.7648652825109	244.27160158721304	2032.86529862431	327.15506061559154	81.0
177	192.69135477306924	48.92292378893648	0	1380.2768333168096	24.849970885600097	169.0
424	213.28368213516882	67.56301433227532	11.92047708805306	1407.3577893812298	48.3821520909498	169.0
413	539.1318090088221	327.36538229273754	240.0872960909742	1890.8989232433019	301.06936119968157	100.0
248	527.5185875077509	324.03518823797543	228.0550451491144	1877.4890992221601	291.85680037790286	100.0
491	248.18524543118411	98.54214322355448	36.373356601669244	1681.6642664705435	57.616830186413004	121.0
35	160.7077595820155	87.22031838858405	16.268411836514993	2029.3112002904618	19.878589409930367	225.0
402	668.957466797009	406.040262527074	302.3999929958903	2021.6873529404822	402.29136307984027	64.0
517	179.17541144528496	74.73404257088617	20.913933747587723	1370.4227794644394	26.305314549617766	169.0
511	90.7465365044163	51.076326968709495	4.2301906047887385	1599.5962711484221	12.853313894070357	324.0
290	711.5598748353895	415.5906764022123	309.74934237390255	2270.616528062322	401.5518350747347	36.0
310	107.66349407350653	55.759070984987645	0	1699.6119144613706	11.596732924232603	289.0
194	709.5222549357056	401.21808877954214	296.83747316254914	2108.355835902569	414.515069595097	81.0
519	154.67011694225806	46.68882237988821	16.75646567944274	1760.7385039160224	16.14195026280922	289.0
607	662.102109202	425.18621943695473	308.3400639202763	1760.8276281892283	410.7654792797145	0.0
512	82.36280010063842	51.54046013468393	9.645017140582043	1599.2512280962567	12.857544814997507	324.0
340	730.4221656347281	426.97900812884257	298.3730658945503	2134.7004616414447	414.8138210476343	81.0
123	421.7695422639292	270.36617244629537	180.69148803385426	1691.7790660685487	228.64214774690012	144.0
303	258.9582915702672	70.76502667458833	21.38451119995082	2135.5878345521483	31.616641728029315	225.0
190	727.9347887634516	428.96249138963327	312.07944593323685	2128.990481287077	418.1146868925642	81.0
102	522.0481039195599	339.63561034164024	237.46731576965217	1949.9744543829447	301.52412961661565	121.0
569	703.3971265797429	415.0391641871648	309.4733776809281	1967.4682319680517	422.3746718721996	4.0
426	683.6864079025864	392.16400979464646	307.16266161302656	2246.16871366862	414.37111245373285	36.0
613	262.77164603113596	61.908655655926864	9.2461703312691	1451.7917647530028	21.582544409391947	169.0
296	249.1628463238792	80.42809738826435	11.069995675455404	1439.8551550516067	26.506097027942808	169.0
470	697.4302672568066	411.06586375629075	308.6632305334974	1988.8658534396147	398.5192153681915	9.0
224	280.8727109809861	92.9561472494132	33.31135857544573	1516.2807353176765	49.26893371443575	144.0
236	473.5024860429721	260.9690663084286	176.69462902423243	1816.9993063369488	233.99528477486987	100.0
353	700.4934786540738	378.1653515277471	281.74669378952376	2036.0907401153675	395.98499754221456	16.0
238	41.81205616433147	26.58477942819969	0	1074.4231824637282	11.0	400.0
566	173.38051523339874	68.88115253731266	17.883161888019984	2053.6055667996498	27.640734301799256	225.0
632	668.1691748676128	412.661364141066	292.93406349496104	2020.8158393068636	399.0022147266813	64.0
448	749.2722068900425	418.29693528548336	315.4411401206568	2278.4813002328265	422.0114442360598	25.0
227	707.2629295523512	386.3323792421154	312.9771434137008	2258.177190227634	406.05826676945605	36.0
540	739.2069067585096	419.8758123105297	304.60996280697617	1955.848803175218	412.1856170367493	1.0
625	657.77858617065	405.94488096404046	297.1685636181628	1874.9621022718447	399.810965788113	1.0
432	644.5060673528335	415.8948441318294	316.08481213046394	1731.7261843264027	399.55257444470675	0.0
221	637.3229471820611	380.72513806107696	286.0971378036188	2179.4879427183578	392.2804286947812	36.0
390	59.98279547633873	24.864506132797572	0	1376.2308423712157	11.0	361.0
9	641.3401771302089	398.3563511408076	273.45640744955614	1723.1713312364536	403.5222474975212	0.0
554	86.84320981202367	33.226419207095525	9.234867038922383	1769.8522436507515	12.896697863589047	256.0
26	733.9421416550888	418.74457398025584	288.3218029699336	2002.2953648166854	395.8652525623619	9.0
22	42.26162701304302	43.79390787098392	4.269963791858217	1097.9976034911872	12.269580787661468	400.0
31	683.9407046919732	430.9028091033863	304.34968632481105	2214.009058709095	420.18149938422135	25.0
325	686.9453836771605	412.241399238405	312.9755218776479	1991.2211158354191	418.5284797448381	9.0
104	641.3042943789926	401.70908479903477	323.1393760008599	1883.7019683005954	421.51483370164516	1.0
605	122.06296310072685	90.54483642826362	0	1815.6388034261831	11.60013095532	256.0
234	713.5908630097356	412.0373303064845	304.73826727823257	2279.9446815600345	406.38913383489154	36.0
272	234.61359867562288	114.71932923645964	33.5623749694132	1641.4211575646113	55.64024643527155	121.0
456	668.1647595405217	410.1847999249893	295.4557345871963	2190.1446008385633	396.99776109880906	25.0
2	449.0861813477326	267.23463011915044	182.65614603511898	1840.9944821893016	238.37569835010913	81.0
622	748.1917759589509	422.6566588670711	307.80784774143774	2067.8154229198562	435.9841491898634	9.0
443	291.4843092561482	101.08951743120649	46.86807517885857	1679.0534477131762	74.11983459216248	81.0
399	476.420575417935	284.0492086271086	198.99962853074757	1867.905815527063	267.4281425276617	64.0
29	101.62938246502036	44.91927010899767	14.142968504738887	1680.5204180242542	12.280223305532914	289.0
499	126.05724049604801	42.5784335116734	13.60319402839517	1723.6112420400675	12.88100951573809	289.0
96	630.7120114384893	371.7222544296857	290.7839022078103	2023.5806033442402	402.52293696730055	81.0
214	230.7067833793248	84.42213528552638	22.22077590119731	1422.1973431238741	22.160112579929876	169.0
388	634.811805813335	400.5437592814189	300.44629711931435	2053.308227542765	411.3417282917898	81.0
483	255.74881107190726	92.31310334994609	39.11301259474641	1509.0420226077006	56.47353374389501	144.0
460	71.03677040610933	51.12797764309687	4.328462154195243	1403.8683048449109	14.433250715679513	361.0
507	676.0365720916153	416.25036461083045	285.6515894746298	1913.2984163213746	398.4602598697946	4.0
120	70.11675749038787	63.189756240073905	0	1406.1695419689836	11.600971924624316	361.0
261	142.15685496446662	54.51256726806549	5.935762610967094	1673.0659050268184	14.50811630183373	324.0
64	560.0786872703738	335.8983020836136	235.5915172601194	1783.5778426383524	311.65242165427213	169.0
582	678.7171713973883	422.5918031562231	320.55716182787256	2056.568323229497	397.3962534902606	16.0
137	668.6710343730526	408.69804461428964	305.25887277306583	2052.606074706944	408.25503777435125	16.0
