InstanceID	N1	N2	N3	X1	N4	X2	Class
477	151.0390276602305	137.6297992100192	156.19517819369162	539.7610741325518	112.212605862102	435.5663775626367	180.0
421	69.28886739251338	51.122009251739605	128.52424058490516	649.7262309421294	61.94442766405038	466.4650541514883	108.0
178	439.0261963840186	387.0225493679178	497.7491356582112	1061.4723057653025	365.6006451689126	712.0488499237956	64.0
576	458.6309125113595	416.5870641268693	496.851287360449	1068.4211827449492	392.487695456157	670.443287148782	24.0
387	16.761960226372025	34.086201043503074	32.816590333942756	402.35938177645585	1.2490917225950784	346.87991809041074	190.0
183	19.808498222726996	17.147134537679182	37.71169932307629	186.58246832162814	12.85370468626699	136.66763011399468	247.0
606	430.3012949231266	392.8712156468464	461.6762655841695	845.1036756887916	364.4080168663738	537.306464158115	0.0
212	444.3175186629163	406.6481459398762	484.53550593893146	997.143941751664	380.01691823166726	671.4081861886779	6.0
617	16.30731551140812	27.266160226486097	48.60632453578627	308.2559754136418	4.892782032663262	256.33656860808617	200.0
433	447.6178803085179	414.5605052280077	477.7864791553465	989.6055943762725	377.3086172549584	658.3497102884263	8.0
398	27.54249969393734	22.046706846753295	54.40550657132671	445.6531871089935	8.890774193548387	329.01623373416595	156.0
145	441.1717597068668	401.43045439373617	481.43003006644574	997.5090765113121	374.4676976284633	652.4262549054666	10.0
3	235.58890845393844	193.2043203999161	285.4816256622688	614.2352657218632	195.5977219189946	401.94841982116196	80.0
316	24.83996909153395	6.890442708341666	44.93818131211365	266.55778314655214	8.281594191018652	193.5165886657306	140.0
153	442.38068121692913	415.9299965821637	475.70430914506596	1039.922458997903	367.9177702664818	694.3377990226138	8.0
616	32.09673817855334	10.698934413168097	48.220547998224696	311.3661891183598	1.1615416666666665	242.87743904288942	180.0
284	117.8998203342014	87.37045939411854	171.63846998840307	656.0787972548351	84.35935083954689	382.6546694895597	98.0
494	68.0922041368218	32.23199453107133	102.19338809189941	536.9147592240961	39.419867683838056	359.2787843014779	112.0
84	54.596128760336356	28.23183685243387	89.4342562284012	562.5039875505098	40.11088419922643	396.319956828911	120.0
567	423.7211765783401	389.69277511866335	474.39743972167446	778.517666179644	354.5529753907675	573.4795640490013	11.0
79	443.99481110492866	395.0299206258052	471.33052127936867	1065.7172591047517	376.8593204963957	679.368569000967	21.0
412	434.21092557959946	397.9542702697633	442.1489832694525	800.6107601378777	364.58014588212035	587.826048573421	10.0
121	37.81577181771335	39.93717179824503	59.646237820138815	277.28306789121297	42.84280326559026	144.09599874109958	80.0
431	25.677540653661914	14.801157936019663	52.145407756122815	406.0304334237548	17.102038886727584	326.6489620126713	130.0
330	434.87206737225836	401.22103627925674	468.987818559506	1067.5785882979237	365.83816866652165	670.4977329384461	24.0
14	430.6696151412871	396.6387905703533	466.4732304567623	915.0086578358494	363.9758886904346	600.6464413515353	0.0
486	438.3398073370723	387.73629075601065	469.35749469033294	1019.0357622839298	372.6267218915859	646.3214763436284	0.0
269	440.8172090448936	375.86465180811365	465.6517467185047	947.3224325596376	366.3521896011227	637.2547682375339	1.0
0	152.0257510181043	151.84837508740273	209.79529963261257	784.2559765631631	125.76264085923195	409.5952300968987	36.0
358	15.925748324785086	39.641877600709094	43.639575154219976	426.416105774053	4.565871794871795	347.9553846925455	195.0
220	441.89058439197987	389.83780508855705	478.87881230900695	898.3909525658421	374.90969602467004	601.9344024727334	50.0
117	17.771649034719594	26.520199666922455	38.21917117994804	411.11012306978176	17.406326021583318	346.75995772380526	130.0
184	434.55693959153666	376.1715056896585	474.55032558058485	925.1195381790677	366.2543561465923	592.6418206283555	11.0
586	16.730308275268687	20.383855234056245	38.97661728249145	488.8820275337591	6.571526527260726	353.90827639634307	108.0
536	41.074055174465755	14.591552055422733	62.80833597593519	535.2035454931371	12.51442077376221	386.1847565684707	108.0
348	364.6697334483806	337.52826995794385	401.62731091394346	694.6496799663618	309.1184851554717	529.7061477629644	68.0
103	439.238128578661	404.34808394331844	482.69312491902633	1021.7161004056711	366.125501808786	662.6786880105706	0.0
155	17.43108490225833	6.223881866574825	33.8362659289473	392.89975115712514	5.296998611972239	308.9467680051842	195.0
452	435.1291812423595	385.56326527979877	470.74905463857493	958.5456879764596	365.69229724665973	600.7545162646389	22.0
589	103.42578700885758	105.3504506935336	158.70601802248135	808.7806179984295	76.06636173242896	497.48763367428074	77.0
276	437.1268885940727	405.49607763528394	475.40989854474657	1023.5706636910639	366.7764836474729	643.3534291992886	45.0
614	24.83864404319777	31.97418190704131	37.812128771383136	576.109621166293	20.93429880584183	377.3010217242905	96.0
444	436.7999521478594	390.74181076063473	463.8472261247165	886.0347654580955	368.9328827690761	528.9595587140499	30.0
560	409.4738127365478	359.2325867249338	457.1328670128413	936.2862043882571	344.99902710409566	558.7324881762972	52.0
527	18.239059562109276	15.591593965334873	42.33758397165874	265.1825058979738	10.725585603472766	199.2776422373803	224.0
239	434.33397942560083	401.5585611480838	476.29978050268124	823.9999904470563	363.65898877542975	609.5128845398364	70.0
274	59.12816172031162	32.44093275214216	72.17025114039762	499.4027502308711	51.16266536793369	355.6677332455603	98.0
478	438.35887651395853	417.7889958157344	479.05249373194437	943.9268352096093	370.4657173437051	646.4981320275451	0.0
118	426.3583441976639	375.9613882282819	467.7297039407704	862.4150079177446	361.97552484186474	580.1320976046177	55.0
425	439.4165065529535	385.7971694270903	483.69179612182097	963.2640119694896	369.00386105207747	601.136668158197	24.0
604	444.5766560968711	398.1418389551383	465.1866153696239	837.5255313968106	376.6316738805234	573.2219900488883	44.0
146	11.10508114378831	3.8634615384615385	13.312221005850477	86.75205273060955	1.088733647305076	83.25180954597596	300.0
60	436.72334346611314	403.8135166611473	457.28154996079354	729.9556877913559	373.8660700851805	595.5968021987965	30.0
506	438.3427203163803	395.32501183046946	481.3900655856579	908.4474090490578	367.0495645396765	569.0471965087701	13.0
113	102.7850183485264	83.46002998862679	140.71742016196285	708.9337541401018	81.01247916308373	446.6850168511108	77.0
42	48.96103306043686	59.06997311104727	90.80574582697916	493.82729240315683	41.057791755435524	342.2190939691135	98.0
334	150.33821684504204	128.08694941678039	211.3959604757609	788.0966515652781	135.37642564310153	482.79764742937783	80.0
298	432.46366607360756	382.87345011927766	469.289088596643	988.4605115359783	365.68504332416165	599.9304509888436	36.0
253	443.1175923581746	414.6861642714108	482.54060876811945	1071.4840570824442	370.93289753915565	676.8419913850528	30.0
488	446.03676289141157	392.18920297848786	489.8509898012692	1032.3249814177386	376.06236107061073	639.9523347136275	44.0
67	26.51970102798054	38.90836903050442	69.75244645887611	529.9812528619669	4.89598583273065	405.5878392518028	117.0
241	292.4688083015894	268.1096480297965	290.8996305729875	890.2891611320711	243.20287923490145	574.2378405672538	64.0
462	438.5185306397765	389.45523536013377	483.716279565653	1041.0637136520354	367.677930472819	667.7577710865282	9.0
34	24.377292310720534	16.906293370781516	46.6079778381484	277.5736980068965	9.201686832264958	187.4877896382931	182.0
165	437.49371516776995	392.2804976164821	482.6967984377094	1011.9684993377992	362.5687140927977	632.7696968224739	35.0
409	439.47851665111716	384.94941698971945	483.44336831766884	970.8937794212914	378.3003025109644	609.4983710616218	20.0
11	48.186121111862136	37.12108089496641	75.43194936820365	560.3221850370188	13.532274361492627	291.0489280617521	84.0
207	22.730041782386717	12.162253536181366	75.5393809022159	470.5817804378625	18.66534625015072	364.3164353353444	140.0
602	437.7543845458798	398.61605679974923	487.12839363289856	954.0705037591426	373.79377370411663	657.1652413155233	0.0
363	437.86123581590016	401.5125374623983	482.5722726760967	1044.9666330699135	370.5443985840579	656.4480737766607	20.0
367	439.3148261150577	405.25404796709824	471.5705292353041	1006.1330555802093	367.69840656978937	667.3687634576762	2.0
135	32.069499218504106	34.62152915144965	81.69988091541478	409.9652322664035	30.047141961673233	219.4329958904315	75.0
397	270.0419544400874	245.53596258175503	280.8885647804369	551.6578943793508	228.7341767972416	423.6288016092856	48.0
271	447.240513490853	407.76400608607844	489.6369866185023	1016.075483382763	366.1843294843992	647.9897018826423	21.0
396	71.41672431089867	60.60393088521196	91.55516100365548	578.5405373321533	61.982261305848205	288.72958782198697	54.0
552	432.8925638009262	404.9266803246365	447.2559430575134	941.6379137619195	374.21022323589864	635.7933690148402	16.0
518	425.4505553107641	378.49829252483744	420.5315261824035	729.9548130847501	350.5916272443988	579.1506885613628	0.0
54	408.3105294611034	361.20226303338774	428.65424190271364	551.46137949849	338.5411885716075	523.3551103960864	0.0
344	125.21101627613018	138.28102680616155	191.3905805931641	752.7376238371054	93.30216368854352	392.4045559125155	30.0
329	113.04667895811339	112.0655780157983	179.3078295227294	719.9353383407391	92.45451592716097	367.5702025797773	30.0
134	67.756680131943	98.65905310359915	140.02716401115836	709.6792967780117	68.27783514816755	340.62443876067783	36.0
48	11.32070247476375	7.110616605616605	46.498927070624305	433.56665646299984	0.8792035398230088	355.55529843694086	144.0
73	445.54227404704176	390.4756630876041	478.5089879648553	814.97058309274	374.2607076605706	597.6602618874525	10.0
98	11.449688413646307	14.609606060606062	12.96066261251377	128.4710015612465	4.877683990755867	105.82758028133844	285.0
229	439.0947545203049	387.29114663633	480.32960921136	843.558840551346	366.9137988151286	590.3650113898458	0.0
570	13.088027866983792	25.8455830840243	34.70306988330408	270.004135706329	7.815994652151157	216.97547191073826	140.0
548	420.3824323597119	362.7306119187509	469.0822238479137	966.4645143758971	349.678447280934	675.9285793990629	70.0
169	81.03807830774738	56.47923915120798	129.87744322365722	473.5766642310419	52.571865580330645	240.48556426861794	90.0
133	437.6726290913184	392.5587893313417	485.2140844520626	968.3913041197935	365.880289432855	617.9553221878281	7.0
89	26.579557640930034	14.929188770309104	51.742604663919856	296.2370231187106	4.878801612642406	229.37575486349996	160.0
21	59.822920880167274	46.41526946450284	90.40283995384962	436.8391556064599	30.39776451883465	298.0050192860898	119.0
100	432.09579867448326	387.64034061409916	478.3607395277173	948.2410621928831	364.8191326712837	609.20194658845	0.0
256	442.6114530595597	389.6699214541423	490.1908821340219	1035.9762996333664	373.37559547746827	655.9557564962755	55.0
95	46.63502281420231	18.091553923143692	83.05036074507585	504.0651002819141	32.42834970351918	375.6301757633704	132.0
568	439.55883511782287	396.84835213958814	493.8927596159397	1041.800730479598	371.80696854386224	668.3486632012592	55.0
189	435.586186883493	383.47332576889437	473.8453986222728	958.3357945175659	362.83834175265423	637.7488279468778	1.0
198	43.25767600656999	35.667672873593204	64.28514906706957	609.1705747841684	45.603763341015366	429.3824033214026	99.0
612	427.7763329453659	383.9795602798384	446.46026453483194	841.1699743839042	358.0893408301749	582.518641154977	40.0
556	24.257045116743182	38.82710028227085	60.45479546066807	528.651840838076	18.561855328194017	394.83639810033463	108.0
609	436.87410371456605	386.1707725731063	487.1698823607844	905.6822898175712	357.1154374554414	605.7594063398461	50.0
475	12.836133558725567	12.158120933897374	47.770402746247754	448.99180073546654	5.997233578961346	368.8693570239621	165.0
467	34.07263368467016	19.46674114902248	67.88006199911173	304.54245624429484	29.999231463950633	212.52927432947718	140.0
65	436.62468994865674	408.73792190311656	477.5834371206744	941.3190325408549	363.52038580059286	637.5146310382844	0.0
97	431.13210781136166	378.4743111512149	476.9113039707795	961.3305986400645	361.6703954077127	598.9516136469318	24.0
378	24.664872591490933	9.124157038363935	22.12237447433345	234.03179641050937	9.156772142538408	147.31605327990474	210.0
335	34.19612271244568	43.94839608971288	65.9130476143176	379.00857608073267	19.006395147784616	256.3253810673106	135.0
562	430.2789578950008	386.1051422596808	487.74163313835663	923.5727832855254	362.907182883518	622.0766294572561	0.0
295	431.6697700973429	392.7878567187818	475.287074255854	985.5060015934184	379.9038574629109	592.7687487825574	52.0
326	435.0022716650897	395.6637446125336	477.73609833453963	857.3732860115475	372.40240638010545	529.4697507784286	0.0
195	418.524546159467	397.8107680109694	477.808408520472	677.6256084732762	359.0159698604002	584.5214601578568	16.0
446	440.4926888866399	388.70237396127595	482.6878158235951	1018.6306105059728	371.246499757613	667.7104497254169	6.0
251	24.37610663927759	33.84309759397359	56.12832825377264	479.0859290941036	4.631401981639053	330.3318506314138	104.0
338	24.95974469307488	0	58.5672650193106	388.6716348608916	4.878704465981582	329.60178868585564	209.0
285	432.6169145663068	387.0505785635241	480.6225939253059	984.6828166277322	362.2102651464455	653.3774133660236	6.0
171	431.8740652915421	381.31203629068403	470.59794457142044	956.3925654190742	362.81021095625823	604.2149342544668	7.0
201	47.92518171905568	47.28474903984635	105.84557151901812	657.5589551623748	37.558261550592356	366.3830323967258	72.0
297	38.00472921926503	23.030893409850442	53.11522245899142	284.48428533213644	14.389045358228516	191.0033718022209	165.0
61	35.49085337576847	21.753679670934083	69.24786490745161	313.39242991734903	27.182490884790916	246.24885772280632	160.0
125	32.50052691859144	39.63886628640825	67.63268892672349	361.3095711535103	30.970736732779145	277.69252613821067	180.0
243	431.97448820467866	375.46044819309105	477.4944308203696	956.1665482805482	358.354973784374	569.7817548346801	39.0
245	389.6984370152562	346.26609574458587	448.33019879545833	1004.9310584562567	316.9365072848513	731.2895696263537	80.0
430	428.971034430614	390.1450895945262	479.8932819882396	909.7990694185664	366.81527590985536	611.1787433457448	36.0
521	406.9753006141053	356.9589237755185	471.47497625806477	1026.084776647872	337.98617989269144	690.5400767883326	64.0
385	403.1399741247374	359.1331027331909	461.54656828130277	753.0711417743737	338.10996392060946	561.2140133115304	60.0
283	287.20221979535097	253.33319539657467	330.55189276763207	926.5031750225564	248.84124048860684	589.6932746248804	70.0
406	79.45024520378733	77.59076471673879	129.460026043339	784.103408191795	77.02607245777097	480.7318383428499	77.0
119	427.6252434138586	390.31416009369036	480.3097762589865	941.9998117172614	359.7614658179684	609.8916398548241	11.0
597	19.133919165979236	11.351478754352701	50.93555059599279	323.65142148918136	4.879603182266724	228.32081296632424	133.0
196	20.73743109266614	29.581937526555176	44.9622259335839	443.5786116206371	17.664493582282315	353.04986417014703	192.0
187	435.4967156010082	405.69058553813755	479.8913257065482	1015.6082461115395	361.819517948991	649.072903150253	6.0
543	414.3105836220152	382.71466444361135	466.884303817695	1011.5620058942998	352.7598382978769	635.7725546335289	60.0
539	45.47866028694884	39.08275446995055	84.85553932716235	552.2226598031698	29.484618779133204	302.1919114964159	98.0
223	12.17959230779563	42.172362472038145	61.09648579895278	464.65988750399924	5.446573460481109	387.19512286840154	192.0
535	427.0802460660202	375.393141862559	478.10821990879714	832.8224371511933	353.2737442135197	596.8237362125224	20.0
249	425.08521038599616	392.6014562715975	472.411239927508	669.1467231480971	361.06315183765815	555.6757864897954	38.0
191	434.05603244073984	387.79379935675973	479.08256039981694	1020.0679259820607	368.9356217802858	625.041448448812	44.0
628	63.12022665489232	81.02323440505107	143.77833965292368	513.5819213986102	66.83191631128518	289.6784440856628	75.0
393	405.02511574760246	372.0922579999547	413.54229984945715	550.7290369187493	336.39839081860214	501.59673327737977	0.0
70	11.492663713882436	36.66880763495451	53.37001188540825	429.3888839834983	2.5529524931291716	365.764816365454	208.0
341	442.17239909853305	390.4451474596171	472.18597861129393	1046.8511750467533	371.9717737455993	662.7019341783168	18.0
142	436.5583660040966	402.3802522873185	485.9846495534839	1025.4805525209845	363.7095500804282	668.329720602925	0.0
180	415.9740245944488	379.0031485530738	466.63822073183184	932.7132080324366	363.46752966688285	589.9394937291017	10.0
498	59.05349519425088	57.24898776506454	102.16472566760068	589.763724811026	34.87691481669774	354.1734594274156	70.0
90	15.551850886048	20.937439649271543	41.45774839649232	387.236968643959	17.66873314236229	314.919219740476	182.0
439	430.48876385559424	398.8251447720667	485.3320388304085	788.0074243387867	361.11895860938614	606.5625453760346	56.0
574	426.2499895321691	401.67362377034044	484.11881863288147	1027.1519286206844	360.3620687911389	641.3697338958547	35.0
257	414.48578637385896	367.54447151284	465.02782965302123	954.5158585977604	346.529805088727	576.766208266061	52.0
304	427.43047770712263	374.73927328939334	465.8575336638913	923.4171256193573	358.3377025593791	620.9916728213284	0.0
124	418.33087692828855	372.015031034446	457.0739480991555	918.0114768581813	358.7457585868156	614.7268714781932	0.0
547	427.6772954035772	393.4933659790935	473.63794637412576	1003.0145112266986	359.147084861545	646.091548879543	16.0
356	19.053579296736718	7.031695970695971	38.45320824820095	399.78150039839306	1.1095555555555556	301.7459677518571	180.0
482	26.928865303424057	23.1492425630381	38.21444431272447	212.2419005613665	33.02902192345811	98.52090644948818	120.0
384	426.0899032655855	398.60855993726034	480.1973968652005	1005.6572550937328	357.7780944546183	636.0414176784569	21.0
419	15.715808862534821	10.987727052473165	54.37436554665505	275.5034565217051	9.34693692995377	188.8799315551799	182.0
116	16.081076443180788	12.719562482345856	48.70503519763803	366.530249870334	4.877072167602549	313.4902593256798	221.0
571	14.350369037853852	5.740594753750653	18.59999161776724	133.36485162007813	0.8809555555555555	110.49739878111332	255.0
603	35.838358044548364	10.779277210898321	37.90252585986909	281.9080837076844	36.246219195049335	164.9543161583951	210.0
138	428.01333138880074	405.77462049132396	482.2026892056351	963.5647227401204	356.25371028193763	631.5211478117933	10.0
311	429.4291026767162	384.2951209293006	478.0777264722498	705.2066077322409	355.83773699348245	553.6112315793634	54.0
140	423.4717977791408	375.4154120685165	479.67923000825823	685.51706662598	356.22148243420446	530.0801631565371	57.0
168	431.94594776365994	387.4802893154182	484.9233767224679	728.0042318692441	359.62374712649375	568.6495930858334	51.0
247	51.95028081885754	32.08155231636634	110.30821147449579	591.583570589088	42.402594007613985	472.88068997658434	121.0
16	18.702579600951935	17.096111619199032	42.54144583944822	159.17987917170726	3.735771174643152	122.06974926325695	285.0
327	425.67760093762473	384.3871545892325	479.4375702960245	930.0079392104622	363.6823054957985	629.7925526160369	0.0
630	429.93425467366336	383.86862868205196	485.5985521992698	830.2007838976479	360.7160340258588	591.0425893535859	65.0
558	414.92789288705796	381.7953682246657	463.2345698767796	1023.2600876782583	342.3545219121413	742.2998993564089	77.0
40	430.58942625365256	407.0880333327497	484.16687307390487	1095.0822028199068	369.1283134393294	690.1682093672491	35.0
350	409.6726660585895	374.2234472396112	473.0536749900322	842.5014958048775	349.30850951086603	579.2277450465828	60.0
262	380.60143638426894	355.5986608299778	450.0566736890456	1047.9912895091047	326.341728996992	685.9157423056241	63.0
76	436.3240426772363	389.53696091772684	482.627838635567	884.1254916691341	370.5149958744679	603.9174825545292	40.0
590	427.7545030772652	401.3332566996837	487.73949044201976	975.927246209499	359.58055057515764	654.2125408471388	0.0
179	29.604792767984677	15.677649918745283	69.22081388250113	389.98324598802566	20.71388324306907	310.27462910267053	152.0
301	427.34588858610005	388.7456929112877	477.7427066228952	1082.968955453748	358.5326088310521	676.9729196309275	28.0
553	53.92824644905082	43.044462991187714	93.52365799620745	628.479045949512	36.79492893130493	366.825270415409	91.0
479	386.48231642584483	348.7380463307229	425.6846797079662	963.8210776888661	327.68459232726957	592.5537568993801	54.0
429	41.90391287225775	25.541681278752172	83.74074314065555	473.33285267881314	28.513426774506993	357.83145096226815	140.0
592	149.8634804114795	143.97665593378412	191.96111058342166	767.3110972957113	125.64429693059101	523.4336322241778	80.0
225	426.49042973465976	408.127764277999	480.7431534587759	1076.2962130091882	365.74416134895785	695.5001257139543	6.0
457	111.6783151724628	138.44828637412346	146.24788125178821	759.5785812655758	92.34168555619561	485.3432008084202	66.0
317	425.48587455895427	381.97464089095473	471.48624470224814	1019.9298212022267	358.4948431048198	648.4808006960719	15.0
267	21.48767500757053	11.907883206371677	54.00657462304136	443.34995051560065	11.900290870273258	359.15767116046135	120.0
328	414.5672076100204	404.29494278101015	437.4841016587692	828.0481003562138	351.4978175948858	613.2221720044412	20.0
154	31.954557444073675	10.23051209951408	69.88267443055592	460.8339083441816	11.868695832828474	389.6707808215433	143.0
131	418.7436305931118	374.1642692112229	467.21997347176955	889.0786727613046	356.3357937735261	523.1611100879575	30.0
584	79.48866789877093	61.86875393003328	149.44886568209583	540.1570712310519	67.43673416121577	263.79456697311014	72.0
27	34.341577525386185	26.23748186254725	57.418637438093995	355.15122903215024	8.869	260.581376704764	140.0
600	28.28390970994047	45.75536281426067	64.50282003757584	556.5671023313758	8.323221700242767	480.7457876322311	121.0
523	422.2433964988841	388.79699400767265	443.14235316480637	788.5893642670366	359.0378817927719	573.6233362883288	22.0
529	425.5626716318427	384.18606408755204	484.673531563171	1000.7202793863056	354.8704484265377	631.5151686552178	6.0
38	17.624885664102422	26.602519121661803	43.90727281014745	375.18637980082303	8.864642344642657	293.9118451506823	216.0
45	32.352112424863655	26.53982910532702	64.69392415285063	528.9825187238042	24.44067916528835	397.16731785077707	176.0
557	418.11076548216516	389.586044193673	457.0333919021002	784.8367049209277	358.63191192175606	571.0510830313978	36.0
349	436.9237047136765	393.34466973997684	491.58143194790824	1044.0227524346788	362.9149081045277	652.4696641816705	44.0
346	421.5667065727564	376.4664117968697	465.2260960618834	814.8301560798321	357.62927768239246	585.5034486923197	10.0
489	18.09046052798836	22.47990798662444	61.19621234011816	391.23327637294426	5.330719222060265	323.1235637263534	152.0
598	433.25940916200415	382.21451988966453	478.8187583577906	1058.3482898165503	355.62388445471765	650.4754408467535	32.0
263	424.89577857004645	389.6837596754604	480.8638481884407	1055.5066524237807	355.88800303239975	672.9029796173446	12.0
226	26.572265396901134	27.417847360367265	62.55049432617645	434.784987094185	20.677862076293856	341.5315479693348	171.0
321	405.3174718018567	408.30095149808096	450.55939583271874	698.0430776760295	365.4137330238569	571.7215837398078	0.0
629	20.142813686653586	18.728047518597304	82.72172937316866	454.1948333563901	31.598116115150642	360.0188459882264	180.0
126	428.84321981773894	386.8867048570918	473.6030823573303	1004.6782512027752	355.7347061470705	706.221720388491	70.0
91	425.0880786235768	381.82823227011096	482.30304124887004	987.6636521767861	356.87046834727204	651.6285305740146	0.0
265	411.17490447451945	366.3982959911946	461.9136079197897	930.9362596625301	357.16268824814375	585.2351787357851	10.0
544	424.84233331357547	381.89564683915245	477.80692959473316	1006.7434030574327	353.40528553947894	631.0446515990766	28.0
459	21.674117559571584	7.803515809909278	42.81655862574058	273.905817972226	0.8709742120343839	218.9135569960836	234.0
621	375.0059462619978	361.9518123755499	419.8196736398219	686.2182361984205	323.6689424437401	517.9939419295221	72.0
266	430.16725476726566	384.50267755064505	481.2473032191148	958.8413161061001	357.3207813194987	647.0554992813289	0.0
217	27.435658915367164	23.008702390624613	45.230978684031385	518.8264747479636	23.51367782056766	396.7283130457797	120.0
401	12.49919822285073	12.759402234688078	56.67265265388706	422.4319803401253	13.367463584476042	351.34000985188214	208.0
324	427.95811722688654	394.7293891352929	480.30686411937546	947.5743836575919	359.69309822901994	640.4459279229826	0.0
417	415.473715600764	385.8839107430155	465.77860527502185	955.5665489047261	366.69472234094184	607.1201292942274	11.0
308	63.721413877314966	50.40643073733935	97.39545565323122	699.0824353231556	58.59568845312148	463.29292327026695	88.0
445	34.137396597613716	30.471641376387517	90.60184588255542	545.9667126673478	15.03165586656617	309.61128889735465	98.0
458	11.462255638208138	12.816258741258743	20.09644956357152	211.46172552302642	14.397153153573887	127.72836988102989	225.0
376	29.68430545374585	29.549717217017875	47.33266151130829	285.7442804825529	13.7643292860407	229.41434251223973	228.0
371	424.2498597375343	393.1893938805261	479.27316143133044	1099.1358100664243	359.5706733578054	694.2788285315526	42.0
312	46.394776991501836	49.68939484785113	95.15550743664146	538.506571149418	20.434558558004174	420.8498253749329	130.0
545	425.2353562914031	378.51043413838437	477.11151671390854	975.1908937907735	363.44230209019514	606.2115082642108	22.0
504	19.27337680574067	15.65966761887576	77.42893372798304	492.5133963109629	16.79311833037161	389.402685399008	156.0
404	425.2616382443715	384.4883903015552	478.48062795297983	1061.762801691871	353.7762088888247	658.6694928845718	36.0
246	37.20729788329167	24.305011837720045	39.90194731850266	347.078529263131	35.44030474978395	227.0783509967235	135.0
420	420.6100046782691	382.03556168412734	478.318065065812	1020.853824380624	353.72886278768743	647.4019536263302	0.0
206	11.3914173244676	14.766874643874646	16.76286329522706	131.83332026437267	0.8746775658492278	109.71044287945683	285.0
231	412.8154564764437	382.37413016024175	455.57448680061947	695.5572880487317	352.5552951882132	578.1582107240176	16.0
546	63.03906277451074	56.37381590917222	105.8019045335297	604.4243612058791	48.875781324605214	432.0012468563715	117.0
490	424.2865807643999	380.4182235471076	478.61510335162114	944.9080232905147	362.4611445535392	605.7380711688593	9.0
25	32.152376353643774	30.494470353532392	72.96555869313315	530.4207649636351	33.78036336001915	423.14727395424603	120.0
320	411.5186424409652	362.6962405679654	475.5229942269572	934.9783824409834	351.3506966828682	589.8645961839636	10.0
62	419.12827858668584	402.575104648775	478.62473029252	976.2886147628628	351.7568029849853	657.2973385272189	0.0
77	426.6817451659138	404.9300047599849	464.7560460580439	1030.0963828411238	364.4447283822006	680.0681302234823	7.0
455	32.90196818065087	44.343983666816214	79.52958549160903	568.5557473511626	10.732729508881928	434.24187078999114	108.0
626	409.4547084591157	393.9044238360831	462.15591495297883	981.5647490372667	348.5997339013032	606.8376894763162	22.0
216	364.08692085040127	349.8054000770713	413.2788174495458	884.2137429142412	318.86657205608776	499.4763906638677	45.0
438	25.580806342780793	8.3240184972487	61.13039200763625	402.4074198508057	1.8151587301587302	293.7138619708832	136.0
581	67.03889884127139	51.87872926191239	115.739134182665	430.17562878734213	34.73336530885413	223.9090487094332	84.0
47	418.09895298995684	378.56160842901755	477.94544414028036	918.6351902506146	355.2485548689506	608.5122023257081	0.0
83	417.76960746505773	377.58776429448056	477.5683285143208	998.9291834011896	349.4228579472449	604.6243362877807	36.0
580	33.061075293357234	22.39754097029204	64.49362566040432	493.5618103599516	15.159470610073358	376.58447290249904	112.0
78	59.44875498431145	59.17264073486169	85.28536835084775	659.9686983586839	22.55189468365799	389.50193777471935	80.0
391	422.4698979797883	374.299084520513	477.40111014306825	1067.280094512188	351.83697815556985	669.1088520331684	21.0
585	429.44414563109257	387.5083295583651	477.4067307066863	852.0730870097065	356.78403014803825	615.3653764258223	20.0
468	10.627621352596364	20.781547599822677	56.29334484597884	370.2907139133577	0.8734974093264247	317.400917386543	216.0
525	30.564892054039756	33.86056903770927	95.35590762477666	549.8857773913794	8.594758688876412	432.9175534929487	120.0
333	131.85028931155964	87.10439992001196	186.72968172979523	705.2705173042821	98.67535491049055	475.4977347665516	90.0
147	418.41030978980456	384.1420950276894	480.3005446796674	806.8864260248168	346.9547633632472	577.7583176450569	36.0
382	69.1018499199922	37.57063046103188	142.41887888337035	734.7652335050308	52.269550118974216	470.30048490045857	88.0
306	423.2480696804569	381.4061825747946	479.17121370482266	976.7984282149091	360.01447752046806	606.5882680936296	20.0
555	420.59349220413316	375.8692993571392	482.62152707189097	840.9519672240376	348.8989484891193	558.4433561108447	44.0
192	423.9656313692399	388.1018162548756	469.86456981925284	994.7277902294393	354.40752956618434	660.262370505436	2.0
594	414.6515259286729	366.71785733213494	433.1194526092086	965.5306859474431	344.288330485534	611.2571315464778	6.0
71	423.1762670789661	380.35831097615517	483.3404607200365	1045.7964762657837	347.8144815953321	635.8683961395485	30.0
209	422.27642557570425	377.06695219740635	478.0078977531555	971.2072425211906	352.1924883603608	603.8603052809744	18.0
286	100.07181831693148	101.47259217050123	165.26823532736944	705.4424810273358	85.01208751236925	334.55260530620603	40.0
92	33.83677243266794	18.648801787473527	28.10481774696319	439.4665580264451	5.867562814070352	247.47643868493287	90.0
63	402.33921337278287	359.7762924446324	425.2557246802842	624.5733940222814	349.9334326898815	542.1814811646633	16.0
101	22.252090052907203	15.48208043833769	31.67242192344608	304.3112767575629	17.24427229168736	204.75915167389792	154.0
157	420.3625278982188	372.71919489138907	486.74100806699374	992.0972879526548	355.39037465372786	643.7644320811917	0.0
279	266.12565784728577	252.1706114110378	309.4927733586294	883.8450609802945	212.27942544991186	519.8035621434133	48.0
579	25.654169304130594	26.083962555332487	56.4340292411915	480.0120531659297	19.828638696542043	376.09564232465607	144.0
473	407.53244571242897	373.76117898519743	439.65886535694136	606.0641403706757	346.16195077750655	523.5383490031626	19.0
182	14.889655897922603	14.796634190900614	62.82750925797305	493.57112116165877	15.54848403029652	397.8417610256641	150.0
240	421.34685138120966	393.00943598823153	477.56009740264415	1073.708883827655	358.0961985255661	682.6351948892368	16.0
565	421.81060262834376	377.73414942959835	478.09574494942353	1051.2157109289267	361.90190364489524	654.6811084260183	18.0
128	20.177719021759827	18.212923311633496	20.3589663638021	305.4865960419153	15.61069241514428	201.84834427319404	135.0
534	27.68107010958678	38.98057191492259	58.93265472317265	464.2337213152001	6.982013119495367	393.14888464419323	117.0
233	424.48461206034085	381.551108587979	476.39042408496067	1057.8340368811391	365.33406225659303	668.8363844872964	9.0
450	426.5317077128086	378.7949466556186	476.85915848645584	1019.7827918912474	349.9823457334563	638.0676141722894	15.0
441	71.05610647819441	85.95459134356491	116.59861078931078	471.84105004507296	53.8927366956473	278.67553202347597	64.0
32	39.05355209449251	36.750148511082536	69.93350961883068	477.25207296791814	5.562428303237773	340.08760944655	112.0
537	12.389135112609685	17.67953815291981	43.500920663378196	239.07189341189687	9.401936089818635	187.04001201445635	238.0
160	422.400055771681	374.4007703770173	475.8042095202935	1023.138338581506	352.0723930248289	639.7343120210172	0.0
200	22.40468312754844	21.340773159906046	72.78039742272125	532.1349397258605	18.27134684536148	404.7150506496754	160.0
395	421.1999317148676	387.4493187081943	485.32635431524255	1024.5434452536358	344.53360192484575	632.0485069063668	48.0
163	32.49720987963672	26.748400654522875	60.0352289984162	329.7656438189192	31.58123762491011	265.8752014703136	160.0
305	35.46796250599294	14.617098595527162	68.65486597206784	347.85265282262264	14.238647785279326	272.57959818329493	180.0
541	418.14677669008586	383.9724584273009	477.0451237827153	789.8589490542798	343.695897776659	590.2393345791417	60.0
13	419.5938477925651	372.95387171686906	473.5564965587835	981.9933493551558	349.9435969564484	623.1456277914631	14.0
299	422.65347025822194	380.34720827244684	480.0461887067029	998.3457885656758	353.29510621762006	629.4375121179497	14.0
162	13.45282619785028	2.9587824902716453	70.18636630995024	491.43498176614366	13.373698666829156	401.75019434385854	143.0
106	11.164920136542937	25.473237458514777	20.246200267400233	206.93182731753078	5.54288244206942	193.162551429669	240.0
51	19.96749471757554	11.025814002089868	18.492659118110936	135.76577073673718	13.071183458461759	108.94809183367934	285.0
161	240.52853348581812	202.55663888070325	296.8359339758563	805.0750117169829	195.9712487679752	624.7615784651928	144.0
244	419.60321891452406	371.716956058715	471.85972674564215	972.6179439464444	346.5712761992488	591.3614966994107	70.0
415	417.0902644181337	376.64808946067643	476.0665863804772	1022.6060530372829	346.8376082923338	646.4343844723279	0.0
502	417.3323538135339	367.5308141365693	503.1673207966276	1090.4553382963884	351.2223350056872	733.3597272908258	80.0
493	14.016514525580732	7.778706859842639	15.495378058310258	144.50144524167598	5.548216485626111	113.23223761005879	255.0
277	423.12213655981793	388.5896711180941	487.07878482369415	1006.0056584532222	344.69081586787985	735.6992376320052	84.0
447	419.22103745217015	400.0709858257766	472.67353804181613	1042.4480891903715	349.8984697649637	676.7939946456876	8.0
222	422.9751237736473	379.45996984613066	476.44925319081415	1037.6488368258715	345.30007186763174	646.6223028858875	4.0
52	27.488647228011533	33.82756908145103	59.31110497589922	299.6108529317145	5.538338803637801	225.31319740955328	140.0
464	432.00467373349625	393.945271516071	477.642249966122	761.045359673409	350.4848051087589	592.9961385313602	48.0
588	80.3674128052217	57.36416372044758	147.70698452816833	676.8292890384618	47.73983594862564	456.8439761581311	90.0
599	428.8875084610773	376.9204724372145	467.3144647446361	956.1663806273777	357.58313967425545	619.5275126391704	5.0
623	396.0160358165987	393.90631741518587	422.078451837449	582.3796837451055	338.4189123376581	526.9344025724516	0.0
59	419.8400983748634	371.46024536790077	479.52349327426435	942.308220058058	347.60873246308324	634.9838332040869	0.0
620	84.31883141341017	65.91829102459955	100.64674202367367	329.4259147017866	39.98506179891237	201.34667577056368	57.0
476	419.35012324818274	379.1199995169131	475.51061964911526	1061.3617869004981	354.79639823845326	672.8042909011937	8.0
122	60.207058330162184	49.231641918992004	112.55900718629583	393.0933393013141	30.979974766985556	231.13027076376548	56.0
474	36.02618401399426	45.082055685445155	62.073176290691244	610.2995852122965	10.941852374752656	340.52663883070693	72.0
440	22.008024636525814	4.3474378986515205	62.381485029705395	490.7633472543506	11.741657232789905	366.5766337829714	120.0
466	411.66805001861707	362.8336895933258	468.7397929105441	981.1423779343583	352.4731439764824	637.4795735447631	6.0
211	408.0075717519639	367.1754782306282	463.8988070959907	959.2593474311161	328.7054174531744	616.0860585626125	0.0
46	400.78137580149	365.08422791721875	461.7705955861304	843.0376233187178	334.17973042246535	581.9087499911818	0.0
510	418.9582229338659	372.75417711568565	471.2499172323377	961.6507244402552	346.8846658855531	647.0500392570059	0.0
6	409.2722074717554	346.50417445062914	454.8501270721063	933.1776688448933	347.1282677032717	600.8712096414447	0.0
381	27.00987687686518	36.00112128730256	61.75093012388179	442.11946710886286	25.789313471540762	334.43713865078405	98.0
23	416.49039375811975	377.7058796998725	472.94342681042883	934.1348892000619	346.10415516899417	557.3032928118414	26.0
472	30.295622541395396	16.520972952335	51.44763240578449	492.95511365057405	16.919354984772642	419.9509143026228	110.0
141	406.1426793103717	370.88997424970034	456.96671540402076	895.7132160781462	328.1218157956503	591.7284792252674	0.0
618	27.82667129745703	11.501270325846802	55.894952096353464	436.46700177100024	7.461130591959394	372.8405456095876	140.0
615	302.64751088250677	289.4309896368642	366.1427249285257	899.7821312544564	248.9424378121487	547.280515061217	54.0
362	49.830564689048344	26.4381591191648	84.4199523434743	698.2206468793642	32.45431960882716	393.7170933623715	84.0
374	57.204518142132876	68.38529110270393	84.61407926415087	479.97451799752423	37.4675503177239	250.02274082577065	78.0
508	430.8724816675476	402.12047453054345	471.2549406291688	1030.3513581171378	357.1023876106699	684.6311007302247	7.0
186	396.1863824285514	354.03865542058463	424.9970972587668	550.2104957017725	340.3672060677627	489.3636176647	0.0
369	407.2562827602259	384.23997624192623	438.8289202893056	790.1353231092052	337.5083641125675	577.4355213420703	9.0
41	407.3803317816155	371.5917760116888	445.5320924214386	641.1195913904015	345.40365346598	538.8799929620767	14.0
416	19.926938910115442	8.357888873091053	42.25247961445654	353.0738824200352	0.8717099567099565	276.7498683657835	144.0
442	12.23699626070365	12.144993417797089	49.96122351307915	465.6775791452212	10.037335389317533	387.23046039481585	132.0
281	298.19524159692065	274.16864263684164	347.96629833868553	896.1690117049941	248.05633181735894	561.3523072204673	65.0
292	416.2331741705548	379.60767343261756	442.92252852736897	698.6029329484561	347.04630900465173	565.4798662732401	30.0
422	410.28232233919766	361.28060050900723	468.64338802946634	894.9354030054482	344.291890157628	540.5479569158283	13.0
400	424.302517218784	371.8895011165778	472.61975458353555	968.5675375350181	347.27247711818063	603.6940679662185	20.0
300	38.808921709592575	24.440911699562363	56.26218218455286	392.6889797464302	15.51147304164546	276.5135432764186	112.0
314	12.32423278856055	7.4527867162590535	21.232069864636703	289.2546938552271	0.8730348258706466	199.22816023413066	154.0
342	398.7534608979266	365.86610358133095	416.61855753180333	557.2125010761073	338.23300269733886	495.0140148220092	0.0
343	44.66125827988079	23.31016545101663	76.71816302946151	538.6015846187363	30.634284555481592	449.26193666717177	121.0
427	423.1901479727974	380.5028842068132	482.78439213200016	1081.9256439452936	351.99342507264424	676.5617370788167	49.0
75	28.747153113078035	43.50728609977479	49.95202189961504	459.6751253040728	11.801445770915565	400.953293088501	130.0
366	66.86026560006067	54.103198855349945	102.56919422666272	661.0338716904649	53.16354316285125	451.5911481734606	90.0
37	403.48380115985856	391.8225081794576	434.7789786542445	643.1400236415881	346.81419306435487	555.2622780166467	0.0
208	426.38957122453627	374.0008587515079	470.39047868346256	984.4306061271185	347.1557290785372	622.7127069837961	0.0
357	418.20003858138256	378.0586962789783	446.32483251604657	932.0778510734285	350.88299498610127	576.5956130807281	12.0
434	377.9961101975687	354.25847951463146	430.63710080031984	999.293347003597	316.06645221382104	577.5436689743094	40.0
389	422.61170730472867	385.66769755003673	471.4370509828669	990.6166111067388	345.724092521116	659.7165026652555	2.0
282	36.94430290643602	40.74007890122023	29.377387405934616	471.1633534621355	13.821847222222225	279.800238805364	90.0
595	44.99646941100258	51.07661307585993	74.7861113344352	586.4839282196132	19.925971442832104	336.5592770072873	65.0
522	29.78462791965471	26.30439878056488	51.613099713855576	319.23253078647554	11.112315474111375	212.78322001574193	150.0
250	57.69699930862364	52.16055571500737	94.51159362742301	534.0651676548318	11.373567119415904	363.1817429010675	91.0
309	418.88181872547506	377.0432891737518	457.39381268379447	1022.4702424973614	348.8630995597652	665.3048705508259	8.0
485	10.377689917775959	9.713377086515019	73.28045292215958	440.8240425448245	0.8754501718213057	392.02006621882936	198.0
149	416.8986930591409	382.36125744256327	468.56380511351887	987.6621103535272	342.6433617452097	659.9898354539393	2.0
481	24.215327866792446	33.31200119866571	86.31583311285856	549.1505820520345	29.754428465322516	423.225289153304	144.0
611	185.0397737015254	164.2510137215102	224.10908858156284	567.1815213373194	146.41674804965072	345.26881935056133	84.0
372	55.013879325340625	47.98487426993	75.94993115711257	410.84349234690524	15.045676679127814	271.84426214322724	120.0
188	413.0946497476973	364.39619167213795	465.4463572304645	699.8474324002466	337.77417170308166	549.245139177115	0.0
495	420.51449433874217	368.48820160666463	484.7211509540127	1011.2274612540213	342.5434291379278	639.8169204358334	54.0
453	327.0394274067516	309.10664659409883	363.47123157738343	927.1919329465188	286.4636104745805	551.9988887110418	60.0
307	10.39135419162646	7.331071428571428	21.742532574773865	173.3582663577445	0.8746315077755238	174.02966452088486	240.0
170	416.2560525096504	384.4414797100474	473.1624946755494	1052.8401299721463	342.65026368005715	664.9179627153464	9.0
505	394.99000845545305	378.52722310328255	417.81476880985565	594.8590002185222	314.2309355373674	536.661647487998	0.0
370	421.7931465127637	376.95372337013896	472.1858903991319	1056.403163124233	350.54849553610757	660.9450134034806	36.0
542	341.21433360619795	300.1336434726143	393.57236588691103	928.332548957576	272.1415224685854	573.4394465940218	54.0
497	415.5024952091832	375.7117926515569	468.8709358430495	989.4866684814444	346.0489301439846	659.8091370182979	4.0
563	79.6098900911518	72.5611948953354	124.07799183109057	567.2113352152055	39.677362787024265	288.46704120603493	60.0
68	29.19611932490259	15.371025293012408	82.88678456936094	502.04923549852276	32.33336134778596	371.40444575841155	135.0
43	25.21110976407455	29.38615546569001	53.50284445967326	460.4071147611012	5.478331725635631	383.0130842936859	153.0
20	404.13061272385784	378.6300408886804	435.1881871683241	607.1057011027447	345.8720875046631	523.3862501376506	19.0
515	59.051852673036834	46.02880485546171	107.49471081051124	671.5870017469464	36.81884862609385	470.2955776639038	99.0
633	405.362196066101	361.15630548875	453.639455513116	997.5631317630173	345.7016634713134	589.463079223078	36.0
619	49.03441307581793	32.38934108633327	93.21398268058817	641.0342038951316	15.349630417526308	459.57474797568943	99.0
575	412.218233323593	380.9170608754115	448.04854776867916	1034.5108523962288	352.25094434547515	654.2567726733918	5.0
273	342.6585081668512	322.8434095497135	382.0776666464887	716.0888932134322	276.68670776637526	510.07821568037883	52.0
351	53.723482884222264	23.480313617059128	76.79065052709065	654.4665525461759	3.1984615665968237	446.4154850102672	88.0
500	24.647031247628497	43.50192003156743	33.624468313189666	595.8286068594526	6.484590544763497	431.82094933918887	99.0
280	29.703029745708573	29.495752874274764	55.886531627869175	381.18012537627476	0.8770849673202613	279.67910474764193	140.0
583	22.43174693081635	15.047761201195845	43.96650780616166	424.208652694579	1.7972733202870188	329.69472993623697	208.0
49	411.79244798394967	368.2012884174246	438.10367869012543	706.4489417975225	343.05772312813497	552.910517438617	0.0
394	403.46558834312066	390.56434483161	428.0245730719849	686.242330385192	348.3384691413241	580.9032330962118	16.0
136	383.2088958100405	337.51957152918686	424.3417371947745	745.9644077941387	310.12387207024517	551.6441868461949	64.0
109	405.5533460850592	365.1472329163301	424.60939948690987	887.4877513418484	340.21413009065685	591.0207968590328	0.0
219	54.59065749726578	32.05239833517089	67.80062183772101	583.3245695128713	16.540773172190406	325.901143588887	84.0
173	15.76611208092786	7.780439305694459	15.445437639775003	120.81111305216052	4.465000198995471	105.14517244496068	260.0
69	95.95395770359121	78.45827040038547	167.4754732594907	674.4886294193218	61.05425548192607	479.5122265087374	104.0
288	410.6443693471951	373.5914510429647	464.54833751404607	962.8634388684475	337.54981777687186	638.1659359263386	0.0
564	410.33527672326625	361.71265195111874	464.8869436343515	942.6233012962958	333.1002526095556	617.7663530329775	16.0
405	425.3084767303128	374.05921030889306	469.01925154455404	1055.2618482836886	345.47543963408765	659.9855023560377	9.0
80	23.68074670359294	19.728756562840005	49.22553022548988	448.26410210164204	8.713949591934213	372.893371658248	192.0
461	392.0372275422359	360.01802372207464	425.2725560952754	707.8788361208383	317.4328690295623	547.0872563096032	0.0
144	381.8196531281613	350.5899647766345	425.99204900397785	825.3722511250768	317.9667316188255	560.1505230976258	55.0
205	409.55385141063624	365.12368011506294	464.84108272283373	946.3042229437523	334.94280476583515	628.3730373561812	16.0
313	415.7435671764355	386.07072665731215	470.61237595130405	1007.664758952776	339.8417930763609	662.4808211811035	3.0
166	401.44928064324347	343.8087845849114	439.862864742883	926.7289456126947	337.23624054986914	573.0567627292608	10.0
8	28.006465340585528	15.081821009006246	48.82337192352264	264.38300197915345	11.541433942798289	132.39793189875974	95.0
255	402.8137909967591	362.0140154664247	435.3923735233339	714.276943642411	329.06717854965194	566.8442517537923	26.0
258	399.58861412816094	355.9498343095532	451.14232418679404	844.9178535807835	316.62486068167107	590.145527290923	0.0
151	30.829942542904206	53.60025992051487	64.07890428873081	667.7614673744941	25.902172462928032	405.7555410254619	77.0
199	32.21021283482504	14.232292539276287	38.90183415323077	358.7698172060199	26.08251761656379	184.85975459529894	75.0
587	413.9422622917531	392.6019554577726	451.93728177367996	1073.4997586316597	337.9559962692897	689.5071369460406	6.0
53	402.5290457680841	358.81781436437313	453.41974037085487	1026.9133625759634	338.98455227058764	622.0755033141039	30.0
252	386.28895805542265	336.90059867468057	446.56191808392504	893.8800114323896	338.0111121278705	554.1260878383475	0.0
99	392.3406212168271	358.04699691876027	410.5721502512479	532.7228675720747	312.86970353912506	500.55267801984604	0.0
410	12.47931350519257	14.117263869023102	11.573965855709236	185.16115386904147	0.9747843137254905	129.2835393869353	240.0
465	402.86337302803287	375.49707320337006	455.089755496821	719.850379822487	319.2378583485618	575.3038537725506	13.0
437	400.3597557940351	362.3352766346874	429.1784607195192	899.6695412087557	335.6334454576217	586.4237864229789	8.0
293	26.830198879191485	42.4705164771566	57.10590995798699	477.7374035804092	8.9340845505903	337.37500236284575	112.0
105	411.44188976576595	377.70578736188185	465.52753959850077	912.4588941972726	332.3435154257354	608.3143271344344	36.0
50	38.284725990158236	42.02664911244099	79.06910910545156	520.0451393930691	20.99538770867933	279.6455315743438	98.0
572	43.37342378353011	33.66877361287579	74.69930600147985	538.364685253725	40.62765446235297	315.76710618394435	98.0
591	89.19043515827926	89.33554522180467	146.68084097340625	435.32488854938214	57.884748074582376	240.4890711939615	76.0
193	412.6109952620512	367.014150034794	456.0242092128332	980.9415145855382	331.1336335851782	607.6296018034843	40.0
435	409.3971398528205	392.62715290559237	463.47924342476784	1011.897410548309	335.92337404796035	673.2463943503706	4.0
260	21.009183840600826	12.106616748250579	47.26662552849769	302.3428865716693	20.011188833989138	261.11093597513207	200.0
318	414.50976559004397	388.54221573811253	455.50346136742365	1005.8481110129244	340.8539623502371	672.5824664714685	2.0
454	398.7456725288719	343.4313658599549	446.0577660749545	906.6444404726608	339.97758887314683	571.3831911318562	0.0
624	419.0664623988711	381.96587030097305	467.7243851182672	1064.6533610289125	338.1568375249674	660.5433763595669	25.0
87	414.5399973761423	368.05195535396376	463.18827810930634	1054.3156141411698	339.07560723114875	659.5256638564165	18.0
601	201.27914715513083	180.36210822095953	201.47328953201819	797.6956586156463	166.58893550517055	424.1358821026578	40.0
291	48.05078032212133	46.48811122529995	64.59183732697909	605.0077710246889	18.293387002274606	372.50214835541357	91.0
111	17.774195132038106	7.809890703614943	19.833283514992075	220.93869361436055	1.5770808263136782	132.4813720878901	180.0
302	410.3752675623155	367.79462456902877	462.90807091417764	1035.3884980713665	339.25247560210846	649.384022598399	5.0
19	294.118611799414	282.24441181677076	306.39240438492646	813.2502646139399	252.82808907375372	450.2011338718848	56.0
287	409.17454396150777	370.78247456418933	456.86663613548495	1034.7943825992909	341.14086493060086	674.9315106836638	4.0
4	405.1573425451429	385.94332427123385	463.88577845021723	1035.5757280263088	344.820028492442	625.5089569112743	30.0
66	62.084558645103904	64.36995469183066	106.3015806018038	553.5070215692449	40.5156878000875	275.02756246099597	60.0
471	54.07905649414483	36.96336266141966	72.70431053486737	267.45437131460574	39.19892761083992	133.65044014251347	80.0
289	391.4344260188415	350.3792202993767	451.705320047607	902.1705443912825	334.6128389159671	520.6559692598457	28.0
213	406.948099922387	370.22687328892454	472.0618061015534	1066.2782833712465	337.9014975401804	684.073270080415	6.0
528	93.07678698782011	114.7263658230947	133.0509962606714	608.1798857248621	73.96711833799677	297.7773259035942	42.0
380	108.40396382922061	115.99296444361326	144.4807151319939	401.7181432308284	79.8274720619478	268.7856889602849	42.0
428	22.638374689082347	24.24301514727557	53.34267195908907	503.55762199228263	13.17490550953417	338.709105436265	104.0
158	343.91882462729376	315.02797304200783	390.16849898239366	661.3739630576677	282.76082278509057	496.62889368151946	45.0
39	406.0102452851421	370.38795786618863	466.0844723467528	951.2531783088442	335.14890151936237	615.8531461703429	0.0
36	366.3238759170001	349.37999445039543	404.78085140363396	513.0034328555926	306.35642153414204	483.70596821204117	0.0
156	48.08247147068021	34.76304607042469	78.62866264756717	311.8035852478836	22.484144821078882	177.20400314617484	68.0
24	16.450504101750266	24.271499507701236	44.76126578885267	460.3968170092154	6.214284172284617	381.7866173587022	144.0
108	406.99589353795113	363.3547343653645	469.02691437450306	949.75272293401	334.7149254461068	603.8480308524883	0.0
635	407.59581398536153	355.98033214821197	466.5994851032501	940.0574150231148	334.8575250559617	624.9230493616259	0.0
152	77.79185462215898	72.45280060778317	138.12459918174793	538.3269430489574	59.033897287936064	261.4880411434624	44.0
377	405.25960239175384	358.65205581625906	421.45081471324454	954.0088512669969	336.5584113834768	608.046748571664	14.0
559	89.56597782873283	67.81845346647059	135.49901888847555	752.3352395598233	54.096725183168914	384.33219604452455	42.0
451	52.271625129593076	30.349173893002646	77.72436213642867	449.72635038713145	26.85370657837102	152.1069916022448	60.0
323	49.52536714601139	19.09668323289087	81.33680847460903	473.781387220469	33.06940876168795	214.36784547334065	66.0
337	398.04361965794277	365.64408001492404	425.7021725308286	797.4847026934243	339.4168555689547	557.496455255021	33.0
484	105.65782808938958	82.43173954334651	136.5123844295223	667.5401586123329	83.08616816695472	330.8663282604793	48.0
411	47.04114812663091	35.27303374703594	60.715094102063325	697.5961773647564	31.483161889063112	433.5895713438466	77.0
294	391.1769456187799	352.0928328409111	443.03155709648246	601.7201340254031	305.79003214990144	522.4928687146966	18.0
345	24.26037017119777	7.616887363521641	44.44025775272114	426.3347947236461	2.539533505154639	349.15244302624274	170.0
202	83.77227701425008	62.56922548911296	140.32228779235916	425.16812739769387	59.81953201558397	225.9494468089135	76.0
15	77.44179271145521	62.698217812502676	123.39605932398005	691.3227413175234	64.37366119141913	439.6583577252637	80.0
332	397.2069187091461	356.6239806447933	433.403469916999	702.5952225656823	332.9058239970804	531.9473912618364	0.0
268	406.19993061324254	368.5414567913135	469.53716645512526	857.130669905495	339.12535486690626	610.6817745800439	20.0
114	396.93686453038094	350.43430181828717	453.4215551086231	760.0083825863231	321.88557141062284	560.4676150086234	39.0
230	60.60739167635963	43.53993408793663	98.07120363451035	542.8585306351388	31.653163789528815	220.37195667267537	60.0
264	385.02191317998853	348.92627744620455	409.6790982002957	718.2477661477676	309.56881918647895	553.3981084224525	0.0
355	107.1114012246537	89.61656518959371	185.1734033036915	554.2070879886224	69.9911936366041	274.6552526761388	44.0
503	98.6226412271439	79.59989294848144	140.59598871632545	697.746008468996	43.340193709686964	363.6526219728399	48.0
322	392.3023601781288	359.23101611164606	455.56209248720376	900.2056378734685	335.62702470297904	537.0557883772401	13.0
112	32.46074777906859	37.774293414420086	61.06523075910338	416.362464441268	18.2828590756875	275.59681201306626	112.0
593	51.67672057017964	16.010704213123475	70.72234499083285	375.4955461574041	29.06628596493498	256.51431795366955	133.0
278	94.12371455996568	85.68846312610152	144.95318557285506	744.3009470222845	75.97220288380323	425.71662798984636	72.0
218	41.528023574386545	20.765101721749296	36.75751264938141	539.3595200467148	15.40512024385372	401.09461459476705	100.0
347	407.5172600807876	360.623440665383	464.0116610815909	1043.8121337786195	340.99700248802685	638.3340436219456	30.0
259	406.73040080140817	369.7713859242727	467.84669828408346	854.2470711780041	334.1715049924394	567.662027355081	44.0
360	28.59387986193407	12.972140517622421	50.44551094398839	475.972270942428	3.3069124148165305	379.2013467120633	165.0
228	410.98056786155774	368.5398737076032	464.82468692342627	851.2418867628085	333.3453272438006	572.7336931145734	44.0
82	397.54622097155243	358.5698506651346	425.6195394831934	690.6992109678625	331.733930216868	548.946258895554	28.0
368	408.41085136247585	368.96252341368415	466.447366373294	1031.1918866411204	335.1437349218545	659.6922164172454	12.0
18	408.8825876479779	366.1150052957724	466.7339238528364	1067.7713109031802	335.35234344648234	674.4402518521514	6.0
74	415.7384123132552	368.7419573957442	475.5489881207259	1048.884148294728	343.06923581794786	661.5177895745329	0.0
203	401.4889724101587	363.5589173364258	427.7169282626994	1008.6967788565366	343.00809835647755	639.6447615768034	12.0
610	22.830905109456992	22.83491005084238	36.34025893143762	369.0728379874056	10.463912266226624	319.97300170162487	144.0
115	18.86629850323862	6.682702723533523	46.168585223979015	432.4230124292452	9.199398708213682	368.8753333586437	198.0
10	391.9013968870597	361.94157510263267	445.27221743245764	681.3428423695875	310.6997404032545	553.4912360299936	0.0
418	44.39842652761422	35.6795297407928	59.04833241896905	352.8139662881911	44.3070583634799	173.31486710692113	102.0
608	416.3854263576553	375.5479184180374	460.53225108926483	1007.66663837765	346.8587787480339	623.5569222039861	40.0
636	351.8582117098669	311.74866336762926	411.45398262261307	983.5162272586467	291.2433720952406	608.685889391116	56.0
107	404.18229450959956	362.61618235283555	464.52475652435777	1012.2872505172081	330.4126590592462	632.7328751803902	6.0
530	23.41011663798925	46.55801243764092	43.266813399847855	463.6070205418069	4.883637838380457	398.3282578599357	169.0
532	38.61959734927926	52.04751685174745	67.33189852187651	402.23122727992734	10.88177765125909	307.04203508029343	140.0
631	413.92880741760837	374.8509810802969	465.51100859437264	1044.365086695463	335.2361176795476	656.0285416648695	60.0
129	25.140039729021815	24.2380411581256	44.33835303145823	256.8513135170676	1.610978705978706	193.54828214909898	238.0
55	404.48504571534266	359.59156181111524	472.06671855687085	977.0828144273281	341.8702350604902	654.2135325675958	63.0
538	68.82766486660235	51.98958068258991	134.51258894453855	648.6886529996846	42.080483110462175	520.1727421181054	121.0
627	399.57992378571026	374.7691356377736	457.0723401541415	688.9192056597698	340.39526032960555	557.2312100427084	36.0
407	412.3251334598648	349.461564277194	467.14649832708255	1048.3269362265253	330.1148521532169	659.1889637605773	24.0
215	18.082375503189795	3.7516666666666665	13.410174393791529	136.56630197734023	9.923124114567955	112.74094312717911	266.0
175	43.92576892796417	42.42586194627925	81.66648170247423	501.46564301364805	25.629464022626582	391.7448752706666	190.0
197	403.8925231022441	367.64521429072715	465.5641743543552	1040.8981040109838	331.8168060046068	651.9398961354204	15.0
159	16.430424514464335	9.720827673284571	31.356564561290085	195.92818100599865	14.759999465701284	197.93329169423427	240.0
550	409.33236313464937	373.8283777006647	465.06661098148174	958.6552043073782	338.8340621402683	555.8891438745737	45.0
58	331.4485308977811	303.09342307745743	406.37205675550246	954.7442701519058	269.70524991981364	733.5513062868952	100.0
242	361.0227504634196	342.14612231512444	416.72148366267237	795.7403894257789	296.6547990107652	543.2932918044722	90.0
254	408.9475749465538	353.0174764554086	466.4703233964309	1031.8284431905595	332.19725946854857	606.9771044135133	40.0
164	416.78366368007136	359.2113072566068	466.79308316903644	1046.6676294231286	338.77151240885524	634.9901049889924	40.0
359	45.382835381306535	49.32858066040733	94.94077715677511	558.0874710251462	29.072488746422565	421.3642930027013	120.0
551	394.076669989112	348.91088057203905	442.5051305067851	809.7140425424421	322.83944482276956	568.5528960017987	65.0
150	336.6503779052835	303.6906226649857	382.41008436734245	917.4723139002828	282.70258603257747	564.1259094067176	70.0
364	407.6339244398925	356.0384328864766	466.4600313170231	942.4228728953121	331.03209007592244	589.1629941517292	12.0
331	355.95616850488244	314.8117514615188	399.71196149063877	643.7289940242432	293.0607998717095	487.1577861556719	54.0
139	381.4463644788124	335.96691397788715	450.5244893334801	1059.76113121137	306.64935201230094	657.8999679016897	49.0
336	41.493301355044025	25.550725353969924	66.5962686388337	238.65923780442876	12.675062902517563	118.73530186200344	120.0
86	46.076276542048944	9.044522170899961	103.34962437093195	549.1054163182613	23.664239876345608	420.5702452695099	117.0
487	409.6564703545988	366.32076388714677	469.2129283539659	1044.3295812857534	333.90098748347555	677.4050236912993	4.0
270	26.633435572822666	25.911242099606902	36.08102220240255	323.4178705689438	12.442052739635308	239.05422330003566	135.0
130	392.68580439140845	361.304827386021	428.3672143322306	635.8736199726117	323.14317357578	529.351281566011	38.0
81	403.65286198986433	351.6531001046132	467.5397669644495	752.342780943829	321.5238201596732	559.546860098444	12.0
513	410.77019765538756	365.17437981924155	467.9029412178428	1031.3719520077732	327.9421466300343	646.0850367510157	15.0
577	49.20168805172227	39.81403043453259	94.88907478868136	543.1099722167284	37.42563906796755	395.59884945549044	104.0
148	16.312607441598093	15.919100548742446	34.99448184612963	286.37423602731064	11.12399193507079	273.7809246329738	200.0
176	324.6806664588568	311.9645506143658	388.8254410049012	670.5118405142352	271.19602991169626	480.7405219958292	76.0
94	390.42605669023095	339.7390756747038	462.95275126854114	852.756519388627	330.5919273953437	514.675278045498	0.0
319	23.8112624442813	7.796775538816432	56.20876937159443	439.9171863723612	2.5490255096117167	360.4629635476845	195.0
408	27.275525714019082	8.288190309767934	48.52028214619048	224.65138771573163	7.092298830320703	152.7267037809777	240.0
56	402.62691111685325	354.12290344473627	481.9045511249215	1020.8047340621649	333.80635634380735	641.8609257437222	54.0
637	40.4569170832995	32.18304339060808	68.42280333558065	339.4872807139217	8.27234037470237	276.10317657712073	160.0
127	406.5897205444507	350.54135971613084	465.1860677623202	659.441254083523	325.63035755872613	529.2942478941204	40.0
143	410.4909219547529	362.70033383482996	466.94841901349474	1000.5382808145894	338.96203911757294	633.0958662550913	32.0
509	411.388323758219	361.6658233098116	467.36742195635867	1048.9138258974747	331.365170902225	643.9618246253174	40.0
386	405.23863799745425	356.2734274151135	480.88093513586597	1016.6751124927438	331.454961447684	637.1934366796257	50.0
7	26.458410811072348	15.719873053654613	76.54191977075952	465.0454797773974	11.805338696413184	401.03281455871553	169.0
463	408.35502826858095	352.845957158679	478.963393493306	962.1479637198171	330.4908450279866	557.7458955102132	42.0
17	405.37570655794366	357.4941495533214	469.83331609845436	1037.066337529099	329.5640852879326	653.9969574594263	0.0
85	402.8518759835434	351.6454818907531	440.86256438637804	947.6736104463889	331.05975815801014	627.0740764741652	16.0
72	335.85630693802614	296.3373840038317	383.9894474590121	944.6423413687168	263.52265795182683	561.0519759979848	48.0
33	35.30528869480989	19.21427975649351	49.822280680777105	399.80506124909965	27.08868581224409	281.29984003672786	119.0
634	406.19517959459614	370.6014999186252	467.08733870500646	1058.4021814314547	326.70763938574675	654.8012718596801	30.0
93	30.98087694097304	8.313078729766115	52.93086034782423	327.5557903451433	2.5440744514106584	227.1325368076619	168.0
185	18.913691051692723	17.038492531745728	20.886271463470976	158.87862566882865	7.056664814287074	133.21564694583122	270.0
181	49.83309118580445	24.213683850209204	72.94258466540342	511.2057533532627	9.825023311778116	407.2332392045198	168.0
235	401.7315770067437	359.85024465290746	485.65970815560365	1056.2349635073192	337.53409267279653	792.1465844701825	88.0
28	17.991987339618397	13.1120434392621	19.75962043306266	179.0663086255272	2.5109903500281696	145.95134796442844	247.0
469	399.29143318471404	341.61658490330524	463.97677422004693	878.0799251067617	330.29121171421133	551.1648975522401	0.0
339	409.4495998936318	351.668589645597	468.7193027840858	1007.9199027462213	334.9596351087773	639.526079735544	16.0
1	324.77908722415816	285.992320660882	361.0422913448843	936.1749188274559	258.88148754593004	599.2621223005756	84.0
354	50.24135198797822	28.97943785179705	104.85904546782929	586.7430076773122	46.91902927727852	458.70884486228465	126.0
573	40.80991358918081	14.22249023362473	56.549928774799845	443.12264792416204	9.86743651315164	374.02850587320467	209.0
365	407.7460729602755	349.0808049629055	467.4668255329385	736.7480249015701	324.67109637882015	539.672861274436	76.0
496	395.3780732892112	347.40164943006624	429.1377404160696	803.5717442638248	333.632967659301	569.8517956005335	10.0
423	413.17556172695623	350.7046912735467	473.555468755266	1021.4455094694546	333.25003869003285	624.5761608394655	48.0
516	403.27091058556397	350.4597472819661	466.3557630044071	677.2386829026212	327.6281155005337	540.8138069079577	38.0
549	38.79904106078853	15.405469475148191	79.11887362718632	507.964131175268	24.16941012115397	403.84166078450363	144.0
373	47.16840345938553	33.40561723747619	74.60407120562574	526.5672081673945	28.197184381031295	425.17441299501473	144.0
492	401.1352177773872	366.06137055035686	468.8361400066802	893.4828755612134	330.7910617742052	600.9849694469042	55.0
57	354.1545878477209	324.7075613748437	381.900315282884	584.6464684180023	301.0034410021674	487.75034654463474	34.0
436	53.54168333045315	54.27072111781033	120.64275447836486	619.0686323689058	57.31607016908276	384.731307472366	81.0
210	47.67516923615134	19.964815922995438	86.01881248095967	408.51048403601243	31.995471150289745	257.07722463363723	112.0
531	343.4564355599209	328.5118520609346	389.2960906924994	591.1641757229457	277.23800755361276	493.9384700550912	0.0
132	29.375786099859805	7.438168012626189	71.50265808021742	429.4701624044134	16.84121154648869	331.6662270037012	126.0
524	28.7465808555132	33.63991852834596	49.80683160198115	206.782909547634	7.779647975068133	96.85517594240049	120.0
392	336.2773507251851	294.89611981835645	374.2558684964547	586.0397271122624	280.1396463373184	441.8071158502126	72.0
5	357.1746070480247	329.55080292541356	411.1020800858738	833.8537433911241	305.0178722334568	529.2697595288965	7.0
275	22.39206994754346	9.52161518321534	47.96422336411395	348.76937968180505	9.706720382426127	283.9187659722955	190.0
596	28.446502072092724	7.1578968631503	50.25908287780733	211.5049447859991	17.776912050619167	116.31701925446158	180.0
361	356.64596420796516	341.69113530517103	406.81523528261465	915.5895803782979	301.7450627742538	579.916737257864	20.0
352	357.3918253489178	330.5678019864599	406.008347481333	915.6538005045468	306.4163797595327	565.6642201758054	18.0
526	358.10275113350815	327.6954634915338	406.3291856289019	780.7693312747862	295.8730951803542	519.9621628998883	36.0
414	71.12346240561007	37.58269532916987	113.68797788539209	407.15716983738923	31.82132861993861	223.88453396840146	75.0
237	317.23244858236376	302.6973842150474	372.2494426712789	631.6550522507945	265.5917991531513	475.6632856721725	56.0
204	71.68137883658366	45.47038181814284	102.94057599292061	570.4208816002179	41.91368683263199	355.330280131117	77.0
12	37.68498200014768	35.11666797251461	65.64652824970916	445.5379387674673	10.013268411760675	357.6465574698379	112.0
232	32.584540846035736	21.2271712956357	55.77682424945631	311.22965052711737	26.563996341398948	218.04583612659124	133.0
514	355.1215750682919	315.57217576012715	406.8494353524334	805.6668437963395	299.18782590643923	508.9776645657369	12.0
172	264.0372898459994	239.47255979014577	319.28983663526384	821.864257091361	228.26745974256568	530.3131819991468	64.0
174	33.67164213220445	54.69800902921545	64.64441350514305	585.4200881225611	37.61759483776328	353.13811676411024	80.0
403	356.3475371496177	328.03642199073835	411.5667967410246	884.271356698308	299.9277141628912	565.2011797799717	0.0
315	27.259067460967405	25.76810315713008	62.36690548632728	491.01719489227884	4.892056693149978	362.6015969984783	99.0
44	33.40571311901352	5.9844809128081575	54.96074501958951	398.9135230378826	15.157375662437715	315.18239041570035	144.0
480	190.55827179905336	188.12164733941623	197.36039444017726	794.055181114937	172.41952786466064	512.498688933748	77.0
30	27.257739876532185	24.40523049148789	47.11924614469519	405.56460671166326	9.127069788499039	332.65135695846396	117.0
501	23.970281696229886	11.633099388846404	63.898190673415534	281.73070280813613	11.31749588165215	204.52464752882122	154.0
379	354.95116629060857	320.64668223801755	409.8036430088807	740.0599732715087	301.4648186681725	514.8011822388178	9.0
578	22.47076170651258	5.978815488303519	63.48395474596831	281.77636426877564	0.893913043478261	199.47516696495526	168.0
533	352.7270775181215	326.9067477638602	406.8688468436074	801.7175687727928	298.4893769287983	525.8657619701765	0.0
167	354.9922187532155	314.2766148498367	407.11765822529526	815.9483218743086	298.69991382714534	546.1652972916588	0.0
110	355.2896475039308	334.9424311291618	411.0204166182515	908.1039501369395	301.73597398773734	570.4113331904911	0.0
520	345.6721527934136	313.86574772379015	372.5838775436707	537.3659168704804	294.99838399659075	458.5088997564589	34.0
449	62.93135032294062	65.68063621600186	61.04902378802908	503.16919542371033	43.188893049219544	231.8541276933864	52.0
88	48.21408500123088	19.999697127988398	94.79394151412501	351.6123492878176	27.336858155276698	191.77512134728238	70.0
383	80.98807565608178	78.39789238683845	137.1116116764456	520.7410878771607	69.03121972612112	231.18906580556987	56.0
561	30.877809435104716	29.988164376174172	67.28103161288251	501.322029268117	8.943884512678007	330.8271620939256	96.0
375	350.93062699434	325.98756066322767	397.49722428020294	813.5876285504128	299.02768177856956	488.677881703354	26.0
177	356.06608077604216	318.34436458227736	407.1304480987195	899.8107597310013	298.7905038959145	549.6003698286924	30.0
424	25.635998464363805	5.761070921899001	47.515048855056975	294.2364072059122	20.389322703414898	217.29287275216407	133.0
413	230.24999863305277	209.62193288647902	251.21660745307173	591.9765250289431	205.88033532241872	374.0678924865901	60.0
248	352.00357520040257	326.0922259892759	382.99705926699653	682.05044002119	294.1815322258353	488.0488595468561	33.0
491	359.9217682814142	331.6460948972262	411.7805374360704	911.1524234915108	300.90616844879395	559.4461319659868	20.0
35	354.36910514524845	316.52775983953063	392.0379102007281	915.1936332463989	298.01679641433276	580.7579486968297	12.0
402	352.9466401093227	307.29266331860595	403.36995480227114	872.8964378700879	301.82807876647263	513.5111982428984	30.0
517	11.122127069555685	13.017591583604732	11.124614491542903	476.2982313811865	12.532623905961223	313.12659268658297	88.0
511	8.566645915572447	16.958753267973854	23.397252374658912	253.1556748760418	4.868158839089875	237.6084788226777	220.0
290	33.57891274350206	20.05512297565754	65.0856539728669	385.19324551849746	22.369846630589965	297.77010333887216	136.0
310	31.316955146525828	30.686191417335973	54.23539324768898	354.7541494905469	4.867720927070684	277.3784234864569	152.0
194	40.32152113347445	25.922630107434827	67.39198468361964	515.4504732638591	24.88556536734202	438.98210251770587	121.0
519	37.850367579841105	26.426783018651214	77.16637206813469	438.53459185807327	22.970573343484645	341.9112974627693	153.0
607	352.66305693154334	316.3864183521367	405.36008721961326	608.2059429748285	296.53879189806	480.3494760787958	14.0
512	37.25641204755691	29.30495501357471	73.05811482717726	365.6792970234767	20.29692094469366	222.29097151787707	120.0
340	14.05026644712097	11.531689613102278	18.452252682517873	200.50027125310226	5.517071284441288	120.25989243470107	210.0
123	122.89626867737445	100.48408925060615	192.15225007393386	606.2897194074059	91.23983993619315	460.4144875807352	120.0
303	359.63549413939444	321.08036272433657	404.95425118308447	886.6981546217826	302.96612868232876	574.2470939195119	8.0
190	31.84965804949526	29.80122710976407	71.04294033101961	421.022246953946	13.662187303925565	339.0932705242902	171.0
102	362.00702147165504	327.05068796744155	398.74339566137957	905.5317522191419	301.4828827479695	590.2970272841092	14.0
569	355.3477505841548	330.40262599103085	403.81276957951496	886.4545977704984	294.9022131668511	562.057228144835	60.0
426	26.29852576579391	33.148169990638515	66.69219430983617	442.172780812864	4.886583172228272	360.79110113498956	170.0
613	35.64407444416762	2.53556709318001	51.41868270454013	457.63028269820995	11.448151440432706	351.8680046782303	176.0
296	350.08107373129445	322.97615798426904	403.31310815926383	789.4261870345719	294.7399750933122	471.91917301268234	28.0
470	349.7236562616462	315.44438299492356	403.55170548773617	814.2284391801572	294.84036866152377	514.9894971751477	10.0
224	334.6682146615647	310.95630151761907	367.6549227279159	549.34399424652	275.94870310815037	461.5260846462566	0.0
236	344.4086051595785	312.0362707505946	404.53508724257887	756.2291841793664	295.0009585809947	464.32086369118184	0.0
353	355.57681979646276	309.33677847993613	402.1462608369086	856.062344061149	286.6209525809364	527.9867570032623	35.0
238	30.388310313722837	14.111965016581854	62.79471503207977	426.1291374743254	17.151005326126217	333.1187061481445	120.0
566	310.9027125285325	293.8986939057137	360.5851939936112	808.0883638154413	265.5113087321888	469.8402541477125	52.0
632	42.12791971986671	31.04908004561388	87.220070391882	476.32359424296203	22.162868533564303	338.15923750825743	96.0
448	344.96628201008787	310.7704344509625	382.3630404486152	666.6125288604889	291.0053116117149	472.7230061702016	33.0
227	33.33946326004894	31.859562542397423	69.06094596319144	470.4427204430857	21.82837273733894	219.1423910191237	75.0
540	351.8598311118744	329.9063681959051	406.82573380763483	911.3357248923404	295.69713586967725	572.9866446975589	4.0
625	331.6688734372715	300.4759240328715	385.5963500959607	514.1049659156895	276.1039366076117	461.34833563614814	0.0
432	16.993597957502107	12.166208607870633	43.80232262325273	362.26955365071024	1.4492537599245805	312.22675618530724	169.0
221	29.68678986382127	24.253715842837632	68.41361210861363	446.9777383339148	28.232131854728387	345.574453840045	132.0
390	357.6195737215161	330.3963456676444	402.90207875481286	955.1241351007542	299.9503179275358	598.4568933769043	28.0
9	351.3669444548664	319.1437083129822	405.1276423367679	889.109173698985	294.45631930716667	562.3774489942764	0.0
554	150.79960963280206	141.52947562983195	211.98142215401913	657.7056433711583	114.93166509407935	368.62403800803946	54.0
26	34.42957134908091	38.2271015430764	74.28760466323166	527.2380178941538	29.063507526475714	370.08219631398583	88.0
22	351.0658902707658	311.3166825620139	404.7801727025958	867.6094690605012	294.61439934666424	551.264843032558	0.0
31	28.58848963329475	28.248787985760632	17.327794026823522	517.8869242560066	8.757820069841609	274.40170548695477	70.0
325	343.0189569739927	303.39196846803634	382.40845186392625	834.8528983802116	303.9972845840419	556.9025467547365	0.0
104	9.969990996388761	27.731558069062086	27.962054093384648	256.83307141603325	5.337179551335271	235.22526622885198	200.0
605	350.365838054722	315.41456506193015	414.31766899005953	933.1386854717106	297.9438257743441	583.5739455036767	49.0
234	345.1273533493678	300.7938095336734	401.9087997032383	727.0301124929497	295.24121879332756	442.8134468605949	0.0
272	353.1879426917005	316.07162681072765	404.92556216471013	834.2309075792868	299.2267964090686	550.652823536431	0.0
456	42.03559939319822	36.99930911364171	68.84483744202853	334.2343217916002	19.49737251108832	180.59716365945692	70.0
2	355.6069272997757	316.41379005482247	403.7582173959022	598.599333518025	299.0593664722607	480.32210224115477	13.0
622	8.535763756982256	9.59024891774892	35.21554289950568	221.79119960003806	5.271717139922854	192.8325545814609	228.0
443	333.56968766574096	293.21092748733525	395.48695259985976	855.9098572513496	277.8598136393267	553.5015629461885	65.0
399	260.39194354072293	255.75398911203922	306.3078182162802	578.3496446989565	222.85809281427714	422.30400933283573	68.0
29	51.99937200887061	55.04888521002063	73.56342977885149	316.32928758439624	34.69655507065045	166.96196455912514	95.0
499	46.81871584121287	12.969312110097702	88.37964882324776	341.9652077092877	30.11277107502128	171.09764630619293	96.0
96	18.22615516643137	10.637561635010764	74.19278726952717	391.1766171125141	19.179862653975917	329.62406457633307	204.0
214	349.72587590740955	330.09790824938136	398.20262716143014	916.6291101601129	303.3816186261724	574.5656786029506	4.0
388	235.7775523140276	217.04989439152226	294.49583441906975	791.3790088119675	204.3330404898388	525.3136484850631	78.0
483	33.44240909090804	11.64067470342887	79.64845432793472	460.6371800691704	24.55549361485628	355.48692244940094	144.0
460	351.4072617615996	313.86472452923925	411.6492289372596	750.3570196158113	294.5601774608564	505.2277547214481	55.0
507	66.37624160922358	62.04556704817723	109.08251783733232	592.5263305066405	54.3725332888129	408.67808534133644	90.0
120	13.696043418014433	39.22921436292227	45.12457829819123	393.9993411292674	0.8878333333333333	334.6277481594827	195.0
261	351.06845100832635	324.1012448468036	407.85488167912814	591.8782307579371	298.1577874049076	454.68708459979024	60.0
64	41.25224158648288	21.28085111350594	87.64955929260073	492.15173944746414	40.023259519898836	373.9672661865966	126.0
582	349.0548217583649	314.28921777794824	418.85566631556816	879.8108373472489	299.0665475436853	574.6940800603846	65.0
137	353.2413366952084	330.0888131028167	412.53009940227776	694.1809124941202	296.0381288626208	509.8741315013581	24.0
