InstanceID	N1	N2	N3	X	N4	N5	Class
477	595.0658116070699	571.2928344454357	464.3468683201085	907.7421343942366	533.4885549647806	593.5306814275467	125.0
421	12.768362747139427	13.874931478126392	19.0758064991157	403.9277060094028	14.749488024884968	12.484412656326624	4913.0
178	8.928379309698915	18.78431781029532	14.158677598014789	359.4536218187244	4.877318701481143	11.17335742818059	5832.0
576	560.7294779370739	547.0891632685822	434.76433218445106	743.7391657902865	501.2256591737455	564.6805148168124	0.0
387	588.5942870099535	569.1288495566926	453.38361747858204	1186.952618049571	516.9181203722953	581.4148466412141	2197.0
183	595.9805700845733	562.47089445166	463.5916991556808	894.3860860322792	535.8582271695859	598.5390482870101	125.0
606	620.231081214823	602.8123505358373	477.1945038419033	1056.0238172064892	547.048287020433	614.187314599728	1000.0
212	6.684929085887065	17.66435719511092	16.439713668180293	359.89161542630075	9.20510823497103	11.143961507179775	5832.0
617	606.74756648852	586.2845388707156	463.8308791870566	854.8634016646857	544.741299602545	611.4077153397368	8.0
433	612.4455017140086	606.8890975843115	472.0680712268682	956.8465638287594	551.6799826984414	607.1966200041899	216.0
398	604.9445573839175	556.5346382910201	463.353001387295	900.9042603260738	548.9739068206939	602.8090875508806	64.0
145	627.1098268552163	608.7677469257243	474.29490467320005	1032.9098806447155	549.5747497772062	610.9390154362569	512.0
3	6.341243589743591	9.26946518065268	4.504248642533937	507.17351194166065	5.666666666666668	7.261804887820515	2744.0
316	6.242324662355104	6.241626566029217	13.560219838801684	402.5249471264266	8.765558796831739	9.755548933039474	4913.0
153	6.388229201369899	11.180990275600834	4.5893583680365655	356.2522764877355	6.764134739987786	8.804925726970733	5832.0
616	610.8991035318684	602.9864231128614	471.03370546338033	949.6287575316716	546.2222866002658	603.2647793151223	216.0
284	597.4193277000612	573.5196259866781	454.6551672058616	794.0638367096163	538.1344251804082	592.2554248009216	1.0
494	17.68477370017902	28.888660156335398	12.200457645471575	273.733552865059	7.964580771789232	12.626557084191232	6859.0
84	602.5597913633605	591.276355894075	473.2082765155373	1030.287924390075	541.3229792911102	606.5060429828989	729.0
567	606.3200982354642	590.8209808607855	474.07205353075074	1037.8826329744743	547.8066145227573	598.515594473473	729.0
79	609.7073888994117	581.1505081446204	468.00265337910025	1155.6626848652259	555.9758702657983	601.9682563586259	1728.0
412	599.7400683571797	586.6362022465172	464.6747312206169	958.1497308415475	539.703299558947	599.3352850313181	343.0
121	5.900007386396952	25.059380589437605	15.830914847330254	411.88943345073164	3.470948024258913	8.298992960814097	4913.0
431	607.528629736972	584.6492732139244	472.6637809073955	1073.9644820448975	548.5894581773034	605.4894803324182	1331.0
330	611.7267472898525	589.6063032125977	470.27810094844966	1046.1722016436834	543.8870103950237	608.1385575125686	1000.0
14	605.5705229925394	587.339221962642	463.40348629534935	1042.6544760625297	537.957102057283	605.2068519789307	729.0
486	614.708358034214	590.8902668995152	468.7753375110859	1069.556758683792	543.9396206372018	610.8039315034997	1331.0
269	608.1123832554907	580.4747967477679	467.7023650000306	1002.6467966895592	548.3403785431823	601.2732839226525	512.0
0	8.46732143612763	11.350327846310254	0.6127901861276293	257.8533369322718	0	0.16540864463601535	6859.0
358	1.419913245938246	10.22752375963432	9.29898270235352	405.66723294810936	5.643977789748605	8.060951028035383	4096.0
220	609.4328073885009	587.2280340908522	466.8614998617111	937.2981963207011	547.583166059014	603.4231617403958	64.0
117	7.73210974495271	17.939922416386878	6.94044671658696	405.16727688936015	3.06591119038425	7.812616918223615	4913.0
184	608.4837559672425	581.6420164312398	469.30208703077994	1030.943935360569	553.6359839061578	612.1587228130601	1000.0
586	598.6238649531053	577.8544885311746	453.47922112754793	854.3377079536269	539.9729735854271	594.5588809129626	8.0
536	37.15739164014707	58.8969175617239	47.081659845556395	562.0392969333736	31.50156633217615	53.37648164650074	2197.0
348	17.55054631748205	9.02580052885001	8.393176350865959	408.17941552979784	10.517364173872458	11.269765067482048	4913.0
103	24.65555933064426	37.18130062853182	19.307920355154778	429.56265503085	26.25620741025561	18.227570278344167	4096.0
155	9.47951796155437	21.239362232992068	4.967915020377896	366.5467377711863	7.66919221074966	12.273328431943643	5832.0
452	598.2799469655814	568.554487953995	464.4873388667632	1023.2405882964234	534.3157341601465	596.7215485581405	729.0
589	5.905538704947247	19.248997106393364	27.11478684235942	278.3439174609359	7.636935910685942	20.86508974179317	6859.0
276	600.9815509311792	561.221179490033	463.6488580045096	1126.1330664752502	537.9795170574081	599.0858421211809	1728.0
614	15.308114465059433	26.377372945025332	11.412215486680125	359.2831120142046	3.2877087056033796	12.36609956136954	5832.0
444	592.4190012872288	565.9363420798805	461.9815181931765	1021.5283546030801	534.9276001818022	596.3699080415057	729.0
560	593.1476696844835	565.8059846045703	463.0435472000909	906.189520337044	535.7622576492302	600.7529818449623	64.0
527	593.462861038342	554.735690947604	461.7957429560491	892.2623205426836	537.0262481413624	601.9904512360936	64.0
239	15.492617607375207	7.559735846480848	13.446782853594923	419.51156424196944	12.018894507496531	13.849255556961282	4096.0
274	24.94435185908743	45.8552183446232	37.60341553547827	537.3182747350272	23.735611090145756	28.013125113665776	3375.0
478	12.508545649509806	14.183178651752229	10.71784072329389	262.57441096906615	10.957292489137153	7.573860421075038	6859.0
118	11.620766939506405	21.916236019762035	22.277482976968145	414.2973371476921	11.764140885882862	20.92080395531511	4913.0
425	14.439009003147339	16.43755918160017	16.182790102165924	408.24822216626234	11.819599102383934	12.471582028563544	4913.0
604	593.6581081585138	593.094656903462	462.57775450771896	963.1596613609843	546.92760028213	597.6432519419991	343.0
146	25.99513360443469	19.862431021125257	25.728766439754253	432.98149052091134	17.62992601769135	35.80921018402853	4096.0
60	18.582371559985464	39.32811369682687	25.022218248373573	442.6754136585696	16.61203148070087	23.598799835669777	4913.0
506	588.6980290512822	558.1486112096675	455.48206933653097	775.5831159887648	526.7714915416811	591.1871242594146	1.0
113	13.276699555534334	13.811743472262345	18.66748759229774	273.3511871608496	13.817975631579404	12.43203063914626	6859.0
42	592.2418686973027	576.5653856584305	465.0961934147587	997.953173791799	530.1304029252162	597.6429904806532	512.0
334	5.537940629351155	7.73496368096961	7.8449723866834775	401.9511631859491	6.286446205713866	4.079674982535327	4913.0
298	591.6071708938427	572.0829593500862	460.86943274625025	1187.0689094065833	536.7177527933486	588.3839161163392	2197.0
253	14.231900752464684	21.035809555272188	12.430752555636474	378.98146536365385	7.520400425718309	18.211480630486175	5832.0
488	589.9659919837052	578.0380076724817	448.74609422942643	997.9782488819717	532.6645319522868	593.2734447071786	512.0
67	597.4956690180414	559.0721652213484	446.1168639938508	782.3641192017059	525.3729895710471	582.501129896434	1.0
241	597.6571340810607	584.2128591051812	459.41847517951436	1029.95406725363	524.0147800859977	591.3690285906079	729.0
462	4.523473768560898	15.578237283549786	4.523473768560898	178.64265162519837	4.523473768560898	4.523473768560898	8000.0
34	588.8899813844963	568.3066627132969	464.4121006081768	930.8812148040482	529.3496438038194	596.4509732560375	343.0
165	583.1719375481431	537.8280293106425	445.6240363990541	881.6878663316888	530.8345140310367	579.128140218656	216.0
409	12.60497798295455	22.790899319161444	18.3624473235733	189.86532722404155	13.91232988509073	16.671186121767732	8000.0
11	586.8706239940233	562.5546657407451	464.40422211281737	1180.1119986698202	532.3817697772075	593.0671785505867	2197.0
207	601.0732911594154	573.2948383636771	462.27474456975733	1007.3084421509436	538.3685568785628	591.2458714683588	729.0
602	28.604440074894967	23.435502738607706	44.123786780540485	514.4682225615057	17.67136514654476	40.98463966713142	3375.0
363	590.8991417957806	567.738131902251	461.75032019718856	831.9557863972848	535.5031300042242	598.9911446485244	8.0
367	593.1634463786328	569.5840949058841	454.9327823941424	835.9074899662986	536.6841392591324	592.3520407455868	8.0
135	0	3.1934576388888893	0	163.47935248935315	0	0	8000.0
397	12.257132727202599	13.199761118474742	4.680721497192486	409.11630067340764	12.257132727202599	4.525174393869263	4913.0
271	589.3731018914348	561.951738140251	454.2033996797764	927.2361071989532	527.4692838060782	591.2219878953968	343.0
396	583.5884852792998	545.5107089644212	456.60196237740837	1151.7696107989518	528.45976302195	590.2701772728402	2744.0
552	20.464234894763447	39.29251114781309	30.26380825947892	523.9442766819386	10.735319019916195	30.704839048423395	3375.0
518	594.0638101324605	572.0357325775943	456.0502089984021	1188.4239612841186	538.0474255630088	590.483565111406	2197.0
54	593.5412895830835	572.4291703181282	465.25056297022644	893.2411540227929	531.7959202076541	599.5318183827665	27.0
344	589.9752154064366	552.4184397885323	451.2649023451216	745.6323762791395	530.5217774660088	595.8325374252934	0.0
329	606.4011026909044	565.2004278902609	464.68583339617675	1022.2582899691047	543.1105317702464	595.214124463432	1000.0
134	597.5771596655444	573.2663252379228	451.17951906902067	914.9912918894589	537.0756507549409	598.0838061908574	64.0
48	11.015124856487029	16.918201882289093	15.517026819215026	514.0089884759656	4.508696055804883	9.167088107418182	2744.0
73	596.6905555089678	564.5091560933477	462.47959298766216	1023.8530601333832	528.5959444833712	594.4063573247147	1000.0
98	3.8502488744803474	9.981774703237512	4.385344317166867	506.57882626997826	0.3364171161854739	4.422703576186648	2744.0
229	598.2649194106867	548.5405632206811	450.8141281547447	892.4526423729232	527.6447380631272	584.3471385897711	216.0
570	615.0316276845064	570.1753290168683	454.8486641329304	906.2831542849057	539.066695502076	593.4412392689942	64.0
548	590.3167683621675	553.624011485036	460.0469280744601	998.8002509858659	532.4297931793288	595.5644025258132	1000.0
169	0.93221875	4.641416069893648	12.217902653410352	508.8124589655308	3.6676426385714436	6.914329507282227	2744.0
133	12.090950596824593	16.711382938129088	7.942624052710172	497.37897801270327	5.2964584001404935	8.049200045007414	3375.0
89	603.0665847982209	584.9253541185275	463.64263635218146	929.30056903559	536.9735682677142	600.1588590314539	216.0
21	8.825766316684902	29.376076061259905	20.508081348629904	529.0745306561844	4.518422531815642	13.579936665168526	2744.0
100	586.9877027933044	545.9226835807323	459.7389900462371	988.0216772882035	525.7943022031241	587.7469745129099	729.0
256	608.064247907165	558.1795419511393	458.77592926129785	898.4482071800691	535.812861676209	594.2297092978877	64.0
95	599.3543773931121	571.2569949797257	450.98816992211687	891.0211203060986	540.488747837335	602.3784877666172	27.0
568	0	2.7284375000000005	0	162.95180346783906	0	0	8000.0
189	582.2446097165582	566.6739782160716	447.2438126096681	934.9098995191221	526.7577753639108	584.5729933228823	343.0
198	583.1709530443984	543.4333663408115	447.2830211804583	859.6984341454306	525.0458960524877	584.4945380009011	27.0
612	10.748715815278421	14.835724380513287	10.635224607718973	503.16215123662937	9.947861219835854	13.319731139829237	3375.0
556	599.0759293448149	558.6451566574491	451.343407623545	758.905196961248	529.1225583992539	594.179686848014	0.0
609	13.667847038772685	15.784468459595963	10.462735873522256	363.6585436494315	15.077099345744479	8.329678566550461	5832.0
475	20.858745069207135	32.87707061234233	14.591469872222875	424.804671139036	15.166806783081412	12.627776101477032	4913.0
467	5.625	10.574458333333332	0	170.76660290004583	5.625	5.625	8000.0
65	597.9689363783546	570.9532982053747	460.2154615762505	1132.0656776007158	531.3800731044267	600.7601104236206	1728.0
97	590.9267079198532	561.1421400225688	464.4785811457211	1185.3230267897054	531.7984309683076	599.5356125677624	2197.0
378	6.412856534090909	14.415698099374282	0	174.54684706269796	0	4.333688787505597	8000.0
335	603.1092216451117	565.5764353721502	465.4034977223728	1134.6751620785028	537.165267877199	598.8739357873794	1728.0
562	586.7580883013013	555.6996434988511	456.54502086807753	898.4231566639428	529.6671894612061	591.7374477721931	64.0
295	589.3823282515408	556.740894689019	446.2863542782975	774.741002913786	530.246544476956	588.4834164539521	1.0
326	598.8539456350252	577.015518174406	452.60624510383946	916.0805515279103	539.9256394412422	586.0491263069273	125.0
195	603.8803664215391	567.9219157723611	459.93111981067864	1024.686710056266	533.5852865442788	599.096006501211	1000.0
446	597.4819946742763	573.3200773375876	455.4688210327984	907.937797976394	529.9694944391753	587.9463359473262	125.0
251	601.7044828359747	583.7606578312576	464.03141090274306	901.987509941733	536.0625718675561	603.0933143942883	27.0
338	26.901716503969233	44.64102444715516	27.76621111337372	562.6803690829149	8.502562467334988	30.393891184998527	2197.0
285	598.1175712267373	555.7200397145388	438.0133381403245	783.092775775347	534.6001864084363	588.5910448093812	1.0
171	10.276869607843137	23.933126982664493	0	370.4611739434513	0	0	5832.0
201	599.3158036319284	566.437686897173	455.3912443134481	761.1937520009388	541.0650005394917	596.8388210588537	0.0
297	584.6137863399756	550.8114381214372	455.7945015451919	1003.8152689458037	526.5382015586501	586.4758277432223	1000.0
61	595.8684257963434	571.3080624352674	458.12391914391185	926.3483599037196	543.1413273689988	595.5333523647505	216.0
125	4.30811687739814	27.816126358909525	27.52774806314012	527.6982147751736	8.856808331045867	12.505114473945136	2744.0
243	596.5341556385525	580.2589844428967	450.3543368124463	1053.1808687109312	537.111663729269	597.194161488975	1331.0
245	593.5446924861817	570.8438293275503	452.69524577186354	835.5785494654981	532.4310031296149	595.8037483047292	8.0
430	6.389268715530064	17.463800330519007	7.5742713062887885	515.9418269390768	3.716012987618594	10.283634647700538	2744.0
521	7.262900096209712	10.689205030113198	7.6343357137038925	256.6497678803237	3.5769006821388967	8.243536644137393	6859.0
385	599.5761234231004	566.6409662018331	451.25833352776465	782.5262289662234	541.3217265951955	600.2032825674873	1.0
283	608.3942679154591	592.3506667333041	459.5722838416334	1031.9526550501696	536.5007890301292	603.9811055729504	729.0
406	595.9968953803811	574.9575809457708	455.04123566227446	1021.5630815957597	534.398067254784	592.7071709233569	729.0
119	49.7934571861716	55.66584419452887	36.958152074106835	506.9496776249275	32.0499041943731	41.68612638267602	1728.0
597	610.6307007322831	585.0735476995907	459.4455658191954	852.2014335883613	535.5261856706635	601.2980686943811	8.0
196	17.66944798017428	40.14698250431678	17.205979637780967	555.772694527995	8.629862922022205	17.055648827522173	2197.0
187	24.984900155161114	23.53962739691467	11.656509827290012	420.86677388752156	14.27871617822471	18.229235438280774	4913.0
543	12.875782907196973	17.5709168357684	0	270.558724553793	8.820895833333333	0	6859.0
539	20.614307522330915	36.040830236404666	24.38874331782744	533.3544628447396	17.46035973544615	32.79265438204201	3375.0
223	590.022254707516	549.3248455292688	454.6794555141187	1176.7148156400713	531.221701399972	586.3192416375581	2197.0
535	11.111349654123476	14.810296550570683	14.447672927862026	190.60346867498922	4.875684672709218	17.719710130263824	8000.0
249	595.8737332974633	558.7933963272976	454.33274780278725	1131.514638422367	535.9166629584631	597.3819549783102	1728.0
191	592.6305601809172	563.863079416764	462.30422194294977	1024.99172128183	532.2724221856057	597.5554848611828	1000.0
628	588.7231645280273	556.6595830952152	461.05290275228447	1014.5943715117784	528.0937076236039	590.7112771253627	1000.0
393	597.1697033684939	557.9096314170981	446.22334540600644	880.3635836652093	525.0819799610882	580.9730288266614	27.0
70	593.5878669867506	560.6006272610118	455.5019347207297	755.588947346445	533.827650187644	599.7561382753152	0.0
341	588.4096799259228	550.3587816244449	456.35207496495434	1014.2962701626544	529.232787505747	589.0972691014164	1000.0
142	585.0078177512459	574.7926365747451	435.94856473578966	989.9627734378419	516.7195915292867	579.4355210355402	512.0
180	14.897970385006948	24.065383821781726	7.2754532668328205	436.63429993939894	11.589036600166159	9.289237142224753	4096.0
498	0.3510524475524476	4.839436326604431	0.7022115384615386	167.17782372723545	0	0	8000.0
90	34.292449148455766	59.11232993350317	42.78917158958662	557.9072056442559	22.532299261422867	42.23923058813613	3375.0
439	594.3446376235721	570.5014332811778	453.0992603102549	910.5616479048115	532.5765023896066	595.7240641843937	216.0
574	599.8952143420864	581.6222254690654	452.5509635024335	1207.9703079383319	539.3885469338791	606.0434518261721	2197.0
257	19.727683844363828	21.084076899919385	4.321616136030495	365.356108786642	7.972	4.321616136030495	5832.0
304	605.4853417774333	562.7883366196239	456.02638118919583	896.8315705957085	530.5987139095942	594.6982584330094	64.0
124	17.414945994727358	16.087360753518126	7.943854568465676	378.9813152344536	10.187634811827365	16.09318611652506	5832.0
547	0	18.68610131509295	0	417.786828912458	0	0.5365158333333332	4913.0
356	592.71523826666	567.8316726929593	445.4486109928993	1199.353313233812	537.099330727615	584.6826546775832	2197.0
482	590.4114228848435	546.7659373544037	455.49346428299253	889.7254180063995	529.7508991155981	593.9178600944281	216.0
384	11.946135233149525	23.97242978882282	11.669880299750124	286.5210529506081	6.600289730100745	8.861479741007818	6859.0
419	20.654602532691694	25.08993210567702	7.9421258104197126	435.50899648440037	7.392479021532678	16.070697705478672	4913.0
116	7.287117757025737	22.237386209301008	18.985815505940916	424.9643649620962	10.639929314909725	12.349140811045965	4913.0
571	600.1222251210803	564.9101059606267	453.8455473638525	1038.682814272663	527.9962456584877	594.022343909153	1331.0
603	589.4635833550005	566.3892503303853	451.85308260235036	884.3493770099434	529.736243174807	592.8471096347272	27.0
138	593.8109840097336	558.2226762915649	452.19544548789753	996.1848224659311	533.7900084080675	594.0791522469445	729.0
311	594.4115081076183	554.4878118486624	450.6979169134418	887.0535471222838	528.2346558228896	589.5692506542892	125.0
140	594.4158267064787	550.2701671660084	444.2176335578793	888.2489978662755	524.773585492011	579.8250353564162	64.0
168	14.412229166666664	29.487382309224316	0	423.4277889820985	15.48047986111111	4.779387894648455	4913.0
247	589.4824499869734	571.0514448831061	443.3068630331767	911.5678927772251	534.3272306746676	582.3061091113475	64.0
16	592.281127774493	574.163337525174	454.960426406665	790.9833436000686	531.0857887437746	597.0862805862985	1.0
327	6.060953125000001	8.524473263888892	0	266.46917746416204	0	0	6859.0
630	0	12.03219480393907	2.749235575512046	414.2259823257581	2.749235575512046	4.794167358934168	4913.0
558	8.818320696796892	11.244660172272022	14.864280020345664	416.37113765934487	7.273826975296387	16.661113230330912	4096.0
40	587.791890411293	571.0559587642566	455.5715074114989	904.5930547000271	528.9062785619282	588.9533138140989	64.0
350	596.3663969054295	568.607396312839	452.130323711227	1189.0843317307358	529.9701622075239	591.240854699684	2197.0
262	22.518247452736784	37.9330784615094	11.10571003374072	450.4802870277017	9.240484261951801	14.860105701207772	4096.0
76	7.439999999999999	16.678789930555553	0	183.17401340015	7.439999999999999	7.439999999999999	8000.0
590	595.3129110959032	553.9705488271115	449.9479111473615	986.7299513669467	526.3469173221254	591.828365076447	729.0
179	586.7955246568578	558.5151777831251	450.2894876467963	1003.6435041975184	526.8477232534275	587.8055750270406	1000.0
301	588.0661170266125	565.6559666982748	446.6009587139564	1176.1917214150649	530.5261292198759	588.3934065345916	2744.0
553	592.4641620339281	549.1397135907157	448.4540086911512	878.0694962438961	535.969745160999	595.5775316918051	27.0
479	585.507577713562	561.9397523165561	456.57909480443755	1191.5653302389774	529.9434199437505	593.2959352239225	2197.0
429	587.6966207176376	577.9926260065549	446.0995548131983	912.5163280778661	526.4274296017853	587.5400389349999	64.0
592	26.568884488608862	32.57081189258952	41.599593540345516	550.058694861144	18.544180592374637	38.03989964341563	2744.0
225	25.66715860280289	43.9701353426163	24.405153672583413	556.715633182355	8.964117244443617	29.372840010236498	2197.0
457	586.3043598097274	542.50744730571	451.04748864576266	978.7466048496807	527.5984614459724	591.0218252573499	729.0
317	4.306437580788512	15.940089412668437	7.617708776474568	414.56964055134455	0	7.617708776474568	4913.0
267	599.3914716095737	581.6077763026491	450.04953082069545	1028.8721307201129	532.0928474987124	595.4126890791532	1000.0
328	6.522095147734593	14.197872391189353	4.522095147734591	375.3911844094345	7.175945147734593	6.522095147734593	5832.0
154	0	19.16188160126511	0	279.2553397768405	0	0	6859.0
131	582.6306257697041	572.9875642760032	449.860084456151	908.9701750674562	524.2351186381694	590.6064925927283	216.0
584	586.6593769230724	544.0844793311608	447.2139570868966	754.7025060679157	524.666429213176	584.381201174097	1.0
27	585.9397277447612	550.9688517277445	452.431092264429	990.7141735084457	525.0667627387123	583.3007043222772	729.0
600	593.8170682069966	559.252369219018	450.5679927688895	901.3055786827297	536.8762206716317	590.1520368722021	216.0
523	580.7614033903824	540.51137160588	436.4453428099159	742.4628458157806	521.2820283928645	584.8259232426382	0.0
529	9.730915256849816	15.453593775958186	21.426352458672266	519.5194015968275	4.532530179966827	15.777964260580537	2744.0
38	2.8499999999999996	16.00597931820059	5.700847224193162	413.7991609211173	4.040251845726465	1.0937898503234225	4913.0
45	599.932034586342	567.1673891193727	456.47088393158964	1012.8004176025609	547.9945496817404	594.5894213724062	729.0
557	20.688487552928198	23.64393099433902	11.578789506200366	531.0839273986727	9.221022703520077	19.938292153902463	2744.0
349	595.2634062379203	559.4308254990143	448.0549943220883	985.7216209527058	519.4321841662284	582.4445399512528	729.0
346	580.6647370835766	542.1632322636353	443.9964600108341	946.2612870927509	519.9515305548222	575.8845398727169	512.0
489	586.9415724584609	568.6636267609855	458.1213896639145	1026.248640192538	529.6994148330162	582.6516186503243	1000.0
598	3.0	18.610135983025426	3.317294226785875	530.8162117106954	3.9088697916666666	7.418824094983153	2197.0
263	591.8456228529066	567.2299150317604	451.32147716882486	990.2725425026296	537.5109786011443	588.9554665630395	512.0
226	587.8450046585572	547.4278236028604	438.8712639749486	952.2364776594734	526.1420564577943	579.3722251744025	512.0
321	585.2697670177744	569.6058864062634	460.13663131160024	1013.2326918359574	529.9784851945699	584.0211568154576	729.0
629	584.1008774283972	553.0106973084493	444.07357056133543	743.0552180062969	527.6732684643573	583.981849069251	0.0
126	15.388377745493903	21.733093478387758	16.29055687493613	393.7226246663663	21.469960525159642	23.176905109756827	1331.0
91	571.0357901178637	552.2846115946766	428.87139334249775	813.8189175829042	512.5906975165781	562.9841495109257	8.0
265	4.511711094643715	22.207581836023014	16.93673193548699	387.0924510659584	4.511711094643715	14.107614447113637	5832.0
544	586.01624808531	560.4541470673449	438.9134436415275	913.7007500763224	526.8301744078154	581.3618352938349	216.0
459	13.129063413962514	31.656387751270625	11.585882329244384	441.3088828766273	4.513160980156876	15.306206663571636	4096.0
621	4.513601961198696	15.83610123606118	4.513601961198696	424.2224869496011	4.513601961198696	8.837659854113447	4913.0
266	12.593772004888288	12.859739872913725	7.93471163599977	428.9865933935802	4.514273715361367	16.488786816611213	4913.0
217	4.514490934948155	15.093079829065587	4.514490934948155	426.980539176952	6.6149958395080715	8.842103486190016	4913.0
401	530.9605840752708	507.06610875539593	410.9434927278378	1099.0018463569074	483.8806375548907	531.0532527386104	3375.0
324	295.6501283047879	284.51180987126855	239.25784932120595	832.6303197364741	266.01175399381435	298.6627848769	3375.0
417	9.584142003676472	16.558120142422943	0	184.94213192171543	7.61	11.936638685948385	8000.0
308	7.590000000000002	10.510465909090911	0	179.64327163025902	7.590000000000002	7.590000000000002	8000.0
445	587.0778537181659	571.667785972682	450.9798303131725	888.6866469741066	525.6916005706868	594.5186455353116	27.0
458	23.992076485946203	6.989702083333335	14.57156536241371	287.3846044597303	13.196854405132168	18.332545235946192	6859.0
376	587.9234454004069	563.9558937868799	449.3087762009599	827.8696710444453	529.3107129583447	596.3016050284383	8.0
371	591.5441953598394	577.6256176104762	449.79806858879715	892.714644997499	529.2862616903357	595.706385891524	27.0
312	589.079167334089	555.4252097245553	462.06402908021664	894.5349920249471	531.0661551960152	604.1650049362396	216.0
545	582.688487369818	563.1449599901798	453.69530836176006	917.7885280541169	523.7398554787993	591.7969345027204	343.0
504	587.815906681948	565.0283371517161	454.10828422027316	920.4206316206793	524.2168140827004	587.7613246299869	343.0
404	590.2529391549324	549.0634567463687	453.5222236926648	882.4465390627079	536.7012337042661	595.9462107323917	125.0
246	4.517707283307377	11.153874534132864	4.517707283307377	419.0316424389587	4.517707283307377	4.517707283307377	4913.0
420	582.9622879118342	561.5343469235822	442.58495072735286	898.6692128033724	519.4138282939065	584.0910388370098	125.0
206	586.5394092335903	537.0343221322541	448.939280317106	852.6757193809678	528.4817850394078	580.268801774631	27.0
231	6.331621097441516	23.580000234397044	4.3088376007094915	380.81403998497757	0	4.3088376007094915	5832.0
546	5.058168631800367	16.16912919101052	8.367615147293964	433.11189350587915	4.517829946771743	12.693491950672573	4096.0
490	11.965876489644225	16.48300036900188	17.288537203929938	195.86097504483118	4.517893299819878	21.61212469560747	8000.0
25	583.7249981351223	541.310223710069	451.3262115901641	872.0632398854851	522.4993782271584	590.4930099136715	64.0
320	16.97414478817838	19.237963906867254	15.913731420347155	506.47150047736307	7.263360961319687	20.62141629225466	3375.0
62	589.1156727389327	560.2937334947245	450.2900208060559	1129.5581543854046	528.7138041676482	589.4062644406685	1728.0
77	595.6071655640218	572.9646867291898	451.54392980995215	907.926857372095	521.821063362004	589.8610171737778	216.0
455	591.5311254298806	550.5238787749169	448.2035618280899	911.0692496950298	524.1947886786293	581.4412647796316	343.0
626	591.5438939145107	575.5482769111987	444.65110398700136	1008.8755981115261	524.5050825473443	587.0578425952739	729.0
216	597.5057111973808	573.294242985406	452.2034471370227	985.8099182192535	524.81478992647	591.0403205424401	512.0
438	7.351780784593503	12.005836304989376	18.453566771642954	516.6814579763013	7.2758364640089015	13.518193078465494	3375.0
581	585.5558505070069	556.417622256911	446.6055039178401	907.169424502074	522.7932836883197	583.200553796969	343.0
47	21.390083744879966	25.17955584564755	4.522987965659187	389.37188074693637	12.522987965659189	9.328798726530401	5832.0
83	4.3147490787509195	26.967797938491437	7.068878530772586	431.6144942724381	2.7541294520216666	8.64475673304374	4913.0
580	593.4895343391671	565.1546766041733	452.47254664956586	1131.6742778144194	527.5746930818199	584.042228051152	1728.0
78	585.6154436968727	565.1255785638668	449.71640724543045	1132.0248911430388	523.9828021362729	586.0707615904654	1728.0
391	9.889383024853487	13.352249465419751	4.52248057069	379.59637900678337	5.52248057069	8.849817200457501	5832.0
585	580.789848302196	554.650639677601	450.3020035380206	1003.5150225836223	517.3326569346756	578.7062390965274	729.0
468	8.06576895367975	10.351938654938321	11.619151229046434	427.67807963836077	7.2785562795797505	15.169287659386999	4096.0
525	587.7146333233583	576.5829380279473	450.15769264032474	889.1880453920089	526.2850508868197	591.4058937299175	27.0
333	7.80525	9.1196875	2.757632724766515	273.4144240206265	10.562882724766515	0	6859.0
147	10.671985279730855	12.890605261056722	4.3102795505641875	180.1094459942367	0	4.3102795505641875	8000.0
382	581.489401967371	545.2716389475066	447.4855173387296	1147.024489707852	519.3588525932133	589.4153599810068	3375.0
306	596.3580576016577	579.3923495926383	445.9626581835209	1052.3078283062057	527.7408484613688	586.0616260460882	1331.0
555	584.9163525117791	545.5859165389718	453.3049624174112	1025.2780669060908	527.4237522021494	586.3940437517088	1331.0
192	597.6207973125352	578.148369502946	450.11140891410486	791.746115933644	528.1809879575372	597.0117683846714	1.0
594	588.727052943628	568.3522363804601	461.32069827531	1014.530077653274	530.1980492126486	587.3433323116519	729.0
71	4.524077250913791	9.066762970930625	13.981646893770936	290.83818495849306	6.5450446942935825	18.30845847581267	6859.0
209	587.6983504836277	547.3433539585209	446.7888991931396	882.6979426226228	521.4968076854243	583.4611015919884	64.0
286	595.0561790649765	558.0804801877354	456.3971914279482	1029.0884347969554	522.1781966579662	592.6846438422288	1331.0
92	23.695678677259206	36.91103224923268	33.84221565515694	556.2332270449209	18.55595213589121	29.437880390474014	2744.0
63	20.59397140756697	27.94097660553979	13.41329097601935	396.0216149088094	12.525601933878985	13.41329097601935	5832.0
101	600.3445370270738	572.9391496801319	453.1350173891108	924.8738752029336	531.2925470009992	591.6670883618684	343.0
157	591.6061259189779	577.9405123091188	447.73181824381	906.1023953444206	515.3295406876387	585.9208270549174	64.0
279	588.2257146351358	543.6492516221957	437.73689515768916	759.8695456362898	519.7214751663341	584.5247871438346	1.0
579	600.8659892262435	582.4550277936336	449.10106454297494	938.0120985603951	535.4407259536116	597.960088958246	343.0
473	588.4801493347061	555.3723316308658	453.55893860892144	985.6419376163907	523.235221305029	592.0555737467866	729.0
182	17.495362177714235	33.33703551747812	17.080026440746327	548.8460657203889	6.865461136047561	8.876401283969031	2744.0
240	22.38013469604675	8.832139949664152	14.61699719996524	535.9247443049118	11.200406429099017	21.838271497858667	2744.0
565	19.959655066955044	48.34381677442101	27.316959494375745	571.4962822399114	12.433820871889164	28.578144688867543	2197.0
128	11.200988113659038	8.380843749225793	11.200988113659038	425.87638546919095	13.233362114920602	11.200988113659038	4913.0
534	591.1854350888963	559.2098920549896	444.6079509304739	745.5564562251626	513.5046738342564	583.0255078391306	0.0
233	6.464789062500001	8.755161284722224	0	181.34479791769886	0	0	8000.0
450	590.8727730219786	563.523178777098	449.709531551357	989.4910655228833	536.2724213861514	586.2132734484258	512.0
441	587.8200447770795	568.3731872947699	448.423793805951	1204.4509794464723	521.1549021950694	586.8922465699663	2197.0
32	8.20038535266153	8.374347337308487	7.28219989995504	421.3771382119543	10.082199899955041	8.857937016893093	4913.0
537	600.7586153091424	561.7985481322867	453.03366706022126	877.1891419181014	520.9211641907834	589.2883362035318	27.0
160	598.920991044911	553.4107754574823	447.2557980871399	817.5041255212064	521.3556648434842	582.7140597517282	8.0
200	598.2647647573666	577.1736530885081	451.91108253970657	993.2886523198601	532.0490443061142	593.3627132288616	512.0
395	4.528920264826926	6.627515477453581	13.739249221409562	286.28286033921245	4.528920264826926	13.739249221409562	6859.0
163	588.6184934545241	548.2456412517821	446.9825411929095	892.3106205652663	522.3604577966316	582.394373259331	216.0
305	594.8481002874285	578.7996618074495	455.74282880882913	1016.0482713773627	517.2665942435661	581.3493464647917	729.0
541	6.452243239240579	21.70359252048759	13.757133715431056	209.79570406147565	6.452243239240579	18.087519643205802	8000.0
13	596.1368355135444	573.536605815505	454.70206313389247	908.2695807421628	529.5708875412844	592.4490891971641	64.0
299	586.218185615898	545.9569775081653	451.10025851129853	989.3721820147783	521.9317197054403	587.199195152801	1000.0
162	583.1532812656604	542.6658606316782	452.6825163954553	1109.9656189505108	519.5311155137082	583.4821582097338	1728.0
106	597.5454327452179	558.4691482955874	455.46205161430396	976.3094427234016	522.4714113627028	598.0754986077185	512.0
51	594.0859072559128	577.7162145953001	456.5388848135744	1026.5447031159827	525.7313790154169	594.8504689475768	1000.0
161	16.62309375	19.561947916666668	0	530.5904364756802	6.8627135416666665	9.307201636904763	2744.0
244	1.8199875	4.5014	0	271.7990740082697	0	0	6859.0
415	590.0080859627835	575.2750821235579	453.5020668528052	991.6711577352976	524.5790025527124	596.1976476571238	512.0
502	581.8142153622267	569.900907537603	456.9613085752685	1017.5354300707123	523.958378643436	588.6878039265785	729.0
493	586.6412455880819	547.8281310458553	452.3724796611878	883.828818201293	526.1800776795187	591.807687541919	216.0
277	592.2841341872245	551.2288259465275	446.79526001451586	1028.5195268321372	529.4246525466426	590.7111203066245	1331.0
447	32.70740671887575	51.445057522855166	42.649523383498625	514.1821009807246	36.44351809878426	40.669958638392885	1728.0
222	595.5772909955975	566.2383511442205	443.7876472868329	919.5559662368253	532.0842128994431	579.8177248247573	216.0
52	573.3809314473989	559.1100578039276	438.3836399413313	747.7698926196495	516.8511139507648	573.5351354009238	0.0
464	565.5475207511656	563.7507564610738	430.7205138123817	958.5533264818187	513.2065194331524	561.7811173498011	512.0
588	592.7001435443334	572.056116292543	448.9318068250836	928.1539376853019	524.8626273108688	590.3194140677135	343.0
599	33.32561800920582	46.00660716253107	34.88037108842243	390.5229893230665	23.171447022991824	30.128788930765808	1000.0
623	591.9604244257188	563.574259099425	446.38763135943094	974.8610237530613	525.7237979056889	588.8564985049455	512.0
59	587.7800322522625	537.2343267901214	441.34989342397347	809.7926230089548	531.9496061817943	578.1047117337756	8.0
620	5.000000000000001	16.61162556749174	3.3106929939732046	509.4859490647687	5.000000000000001	3.3106929939732046	3375.0
476	16.031760874205244	13.85841610687666	20.409790182795554	542.9966843074287	7.290162632945594	18.928614595209083	2744.0
122	588.4534758785917	558.9919575276288	439.2920197181395	831.6724477890112	530.7117868104353	579.6960475894657	8.0
474	19.203512500000002	37.163290919201664	0	446.10473722454157	1.9319166666666667	6.255004761386786	4913.0
440	33.15280690607862	54.86050443730827	37.23581517627853	588.0516070532211	28.194192232608085	50.47879710762195	2197.0
466	11.731884010421037	17.40766605131811	4.302759010421037	280.19659470277264	0	8.627878030484775	6859.0
211	586.4838547523035	567.7095075529362	452.27449603469097	901.3520586326617	522.5759259486114	592.0460556458457	64.0
46	587.5818877273742	569.6390873153265	447.9390057222407	894.8747841022254	537.1593405826819	596.5223237390244	27.0
510	11.728295571788925	28.337616410010543	15.05148309953687	451.0871466813934	7.286726825879609	23.163599001177882	4913.0
6	596.9583218667062	583.2073311504597	448.8914668082711	1028.0882882264398	535.3907031050337	585.8977289784278	729.0
381	8.832043161183082	11.598560019547046	11.59078308686644	428.9988575390657	7.288701350623305	14.17624525401081	4096.0
23	0	14.019604379377764	3.453524705398519	424.4841013844087	0	3.4876687090943346	4913.0
472	590.4845226650413	549.382215362868	447.96978950344123	738.4063629979357	524.7446955120187	591.5537361922148	0.0
141	9.390034430914527	17.71369776692409	9.390034430914527	438.8732683248604	9.800330770717716	9.390034430914527	4096.0
618	7.56525	15.014542580021049	0.2293613281250001	283.86158328368185	7.56525	12.037545699947994	6859.0
615	581.3654309083515	559.4975024151021	446.64289642740573	1197.9088717129987	523.3747829284462	592.130378474386	2197.0
362	0	19.8136933982684	0	292.7292750359727	2.0203728563262198	0	6859.0
374	588.7577474950062	548.3922648255325	445.6412330690909	810.4422462824278	522.400834757342	589.2575715441402	8.0
508	590.1115403817593	565.2456745618824	450.8775821589893	1044.033401497098	521.988495070852	591.1675568734125	1331.0
186	22.765338276309315	12.570251369289922	19.023337875763414	527.4837077251073	12.252775075289595	29.91740862480112	3375.0
369	580.6557529075417	552.5189729670545	445.92087313200847	1126.3026072430096	521.732273942128	592.1480409997165	1728.0
41	590.046431553387	575.2951348787852	423.4379826018458	910.4945842130325	514.4315089115671	576.1048728468376	125.0
416	589.2812919705722	566.6221101605225	448.8854636559474	883.7185085014128	524.2810569381952	594.0115930761558	27.0
442	8.864468706991286	10.704407087251827	4.531135373657952	430.0775833127512	10.894883525912201	8.869508218485537	4913.0
281	585.6048897666693	561.1420525412714	444.9435733481789	880.3100578686949	520.088100600426	578.0288071741979	27.0
292	25.88983567774382	26.090639142013085	30.852664965296686	559.2404356241814	15.287770871270064	27.41050640793477	2744.0
422	584.817766012859	548.5782629583377	450.7400299895639	1029.5342133331646	526.1644791200105	589.1060106565614	1331.0
400	11.206429498645917	7.350266236695141	16.904074874431135	445.9791532031289	12.308266172202053	20.76538523809027	4096.0
300	593.0300220196206	552.7892961087733	446.8987822036347	870.0524427175106	521.0346235701089	590.170061029946	27.0
314	588.0149832328827	545.6816876534042	447.33100223860595	1022.238381259671	523.8074610889872	586.2275454849332	1331.0
342	576.4835383050649	537.426776983083	427.1650146728325	742.3797140821978	514.519778847147	577.0258345119718	0.0
343	587.6367031001239	548.9960762078912	444.1261907732435	1043.507696973184	530.9067691929231	583.9883508540972	1331.0
427	585.9400142251266	572.3139083649503	448.0059507265928	1052.6761377131968	525.9692408664686	595.2693263327352	1331.0
75	578.2730971279617	558.0107747639629	436.86010523290713	902.4348821150966	518.2056101113868	581.4518247218645	64.0
366	583.5644507969766	552.5108758868552	449.5175613693733	996.5122478910258	522.5549513030479	592.0526312019574	729.0
37	7.441658801982333	7.79336349336884	0	280.8365546778948	3.786677083333333	2.82946875	6859.0
208	587.7833931895997	555.5792708526084	442.65390584649725	893.993243572603	522.3538520544491	581.4860273201662	216.0
357	28.012665107541977	47.27165613643683	27.884462218308766	580.2882480559726	21.228872649723197	38.91554792217193	2197.0
434	589.7975310740393	544.7156160223041	431.97348594178806	866.3987418056688	510.2078123015883	565.4969992846023	64.0
389	3.2927833333333334	8.5997546875	0	379.27389182271344	0	0	5832.0
282	10.905058451078684	26.570148554896864	20.712257764948518	304.5965374493632	0	17.901283209828147	6859.0
595	591.1931256098219	548.0296061465484	456.7386961826336	998.2758466171465	523.2494813092511	584.5937018564474	729.0
522	591.611156495017	544.2684553939071	452.2206831399013	1138.0834358663906	521.2460095911537	585.5456860540887	1728.0
250	7.010148476890757	13.539745882936506	0	191.72095538289466	0	0	8000.0
309	588.1868785357332	560.9022815820603	448.1465544352449	1207.6939188124998	520.6376940859418	589.7508044734224	2197.0
485	595.6718136986127	561.6654340441332	451.400222757276	1211.673789653486	521.743078331095	584.0051023329014	2197.0
149	585.0185040499551	560.8806875019969	447.8158797488631	981.3678303056718	521.1411591734421	590.7949730131203	512.0
481	28.95206180588479	30.645311310312422	46.147174786354014	563.3254748910398	23.72446431104271	40.58125732797526	2744.0
611	9.695712507988341	7.83315625	4.532212507988339	286.47383984453876	11.727900487082417	9.695712507988341	6859.0
372	588.4987260781875	550.9382017239908	445.07446197964487	1128.8967894668247	527.3966312563001	591.3025824509906	1728.0
188	590.4394480311901	553.3258023665765	449.2761952672633	996.0665688634197	527.4964537792778	589.009254847073	729.0
495	585.4708783779031	551.8842936709136	445.47656269631057	1131.5223206563148	520.0184565058934	583.3256116133982	1728.0
453	581.5097147425703	554.9505363013171	448.2185762878573	1206.7320067499393	517.3943264931034	590.5378379516593	2197.0
307	0	5.002261904761904	0	180.4767942403907	0	0	8000.0
170	584.9014510578365	549.4945335948527	445.2559002171854	1185.9980601454374	519.7564196505075	587.303501472734	2744.0
505	589.1964752143023	551.4789907264868	448.0677726572261	748.9551421997262	527.836001199075	587.9337567072358	0.0
370	589.533024859644	545.5947319294779	453.1956689971916	1009.4632911252811	524.1774139774321	589.4992053557991	1000.0
542	33.195300623291054	33.7740319354169	32.30790709016472	561.1153838677208	11.905480166148788	34.04753799340343	2744.0
497	590.6405854308163	557.0137057434971	448.17952645830326	878.9834303990646	520.768313144742	590.3314087205146	27.0
563	16.849260862617083	40.010039198227695	17.01177601249506	564.1648436640078	20.57392683907765	9.03170628515229	2744.0
68	587.918621566524	546.2626577558125	453.63844345524694	886.3640417498623	530.774917862569	595.4284661555987	125.0
43	590.191701219609	558.7515199924377	442.4588616379933	884.4424494790449	532.8567728389656	591.6429319911014	27.0
20	581.7597653383701	520.8944257256488	427.596612867723	729.36679616164	516.295330341911	580.960513447498	0.0
515	9.239797730661715	37.41508852617128	15.787905580039821	564.6966180550156	6.475137963616842	12.514257189408589	2744.0
633	4.8585779411764705	6.2148803661616165	0	182.93126964688193	2.805	2.805	8000.0
619	592.4108592653829	541.1183920379746	447.71421051549345	879.0172388910738	528.4659213100399	590.361455630947	125.0
575	21.819050746611424	27.366173737494762	11.279894709247241	544.9149550345968	17.37798383915426	22.914050381591366	3375.0
273	589.9707606471424	558.9640480047814	450.17186055929585	928.1898461780361	526.2194521910213	590.9367961015745	343.0
351	595.7503359333743	549.2530732300778	442.6183061709129	772.3485184135234	518.3444284223755	585.555113091711	1.0
500	5.171162756986822	23.617592148303974	5.171162756986822	393.54511566247845	5.171162756986822	9.504182513181265	5832.0
280	581.9727495955866	538.3351038216629	445.0422498276186	862.2385501797994	516.1425578938155	582.8871408012628	27.0
583	582.4416212137429	533.9824150133219	437.34685493242677	761.4900901463889	516.9191978433311	585.1045441477214	1.0
49	11.785918238830408	15.822561671715208	5.219918238830406	443.4732872044613	5.219918238830406	9.555818206460225	4096.0
394	590.7609012961245	560.0991645269999	452.3334645536188	1152.6098861169828	530.3383106241811	592.6374435769496	1728.0
136	585.0915094824453	549.9876610820378	445.6928763075923	1136.489619190485	523.014741357339	585.6319128498981	1728.0
109	31.100820718021065	33.361968429477486	10.92072505672076	468.9553998643383	6.6107132215062805	12.462672801354383	4096.0
219	8.9066625	22.62343374804715	7.155831735302949	199.77005660325582	1.8575	4.341776674625463	8000.0
173	581.4140213919388	551.5085944642641	444.8016788689859	1202.6150185063823	521.6017562189094	586.6072880031466	2197.0
69	12.71815196027579	20.910229397938412	7.069965713972935	286.5951693921873	2.763906083242607	9.044248179504072	6859.0
288	591.4777281163406	561.870164993609	447.2142410027075	884.617666903667	520.6888042887738	586.4326853830278	27.0
564	597.3002298516427	569.3826276250971	448.22995904307106	906.1496350094727	523.0701417615195	591.9640715171448	125.0
405	575.5075890004681	552.9967376734868	438.50513266657816	831.5647555742986	518.6087156971166	578.1523845251028	8.0
80	583.8720168759836	563.7583025260342	446.2166844612917	882.7330429732166	524.5467905073392	591.6808136525642	27.0
461	591.5099824254422	557.5291169693367	448.4261287412824	883.6779869276912	528.4868748142934	593.7600045097964	27.0
144	5.248943582654965	3.896131076388889	5.248943582654965	279.5188219489513	5.248943582654965	5.650844624321632	6859.0
205	7.406999999999998	16.057164974323058	0	287.17666516743185	0	0	6859.0
313	590.5143986400786	560.712872954252	451.7457394812023	1030.9131749335738	529.2877314279966	582.6416544579796	1000.0
166	586.254711997628	573.229348441724	452.16212547122814	1040.8661646465105	540.8467160542481	591.694693000404	1000.0
8	588.0496751005371	538.4084767551943	450.1251641207989	760.7741599673581	526.5853108030433	592.2425285717766	1.0
255	585.8854759552804	548.6322610810432	450.2251820031324	1142.2478509631414	521.6645745573534	594.2341494657303	1728.0
258	10.2482599799278	6.413701367299944	5.247853729927801	188.26295169279024	5.247853729927801	5.776695375005522	8000.0
151	582.5577510090617	549.7962269846352	453.329195200918	1198.8290929402963	521.4060553502875	592.7582288467804	2744.0
199	588.5535698245693	560.953134884411	449.6619720827613	982.4594412121513	522.0479927321855	589.9504479009232	512.0
587	584.6590015557034	546.5412195962793	452.366132351012	1033.693971512735	521.5554867600117	593.2159917587088	1331.0
53	586.0280306787477	553.8826308420381	442.34008685330934	910.2624927169967	524.3975977776884	584.6133224098012	343.0
252	6.724593749999999	30.10937066661608	0	301.548606329068	6.724593749999999	11.061023129394522	6859.0
99	5.228935796936181	25.713600143959297	5.228935796936181	398.50587531484217	5.228935796936181	9.565570694135655	5832.0
410	584.3396648253247	556.2810914744147	448.3107872042487	1011.0593189997502	525.1940579720518	584.0202729454567	729.0
465	585.3085443239387	554.6415909918411	450.42612518930235	902.7742362602991	522.4919003761496	594.1572698274884	216.0
437	591.003789339056	560.3802688653351	450.4790988962682	1212.6639968840534	529.8408069438416	595.607367118375	2197.0
293	582.6379144961197	544.9381038621597	439.4497339466099	832.8884115960569	526.4653348483597	588.1834552793371	8.0
105	3.009858149509804	6.540638116692344	0.34183152173913045	280.7294672368502	0.34183152173913045	4.339087132233916	6859.0
50	24.854073465732508	27.262932381411623	20.98876503484448	457.2645814476965	12.363243843776422	32.62256200275657	4096.0
572	591.2058674830022	564.6118921097261	447.37244592642617	1218.6839702842005	528.878471543255	600.1912986365712	2197.0
591	589.9951820681165	542.9560523812002	453.10946662046183	915.525293631957	521.2320435287721	588.9470304997009	343.0
193	3.062500000000001	7.116119791666666	0	183.91311025857505	0	0	8000.0
435	588.2912101328293	535.188135294901	448.8888848071783	883.6886404568439	521.6464557061089	588.6696748691948	64.0
260	583.2027256946561	554.6612062002217	454.26900923853043	926.670333956258	522.9766580481293	594.4413001572998	343.0
318	597.6777831671184	565.998982310653	450.61135351289704	932.909515627981	531.1712338433335	604.1636119125598	343.0
454	5.709518566176472	8.700583333333332	0	187.58798347672084	3.66	3.66	8000.0
624	589.8387180595585	555.843457212421	447.4403130766519	877.2173249747514	520.9925672279428	597.3611637627959	27.0
87	593.8610589961452	566.4625911807598	455.8454782389323	1164.5706979681154	540.4526236324609	600.9567407375882	1728.0
601	592.0035840371206	550.7738379359791	453.78308955129535	1035.157857751436	525.6116569714231	598.8481880645236	1331.0
291	4.307285472650714	15.200088331588349	7.62386146341571	430.26466247182253	0	7.803730656569743	4913.0
111	591.4906000468935	540.1695462631626	450.21450845293674	982.2704233653665	531.5352145621771	592.4945543391343	729.0
302	592.3990923283036	559.8934366780439	450.33240986956434	1208.79332875341	523.3606412144381	595.8057822028575	2197.0
19	584.4531959614053	540.352102198441	452.0717922979547	998.0287538810902	524.0886098433568	598.7474005124321	1000.0
287	35.9246433401035	42.176499215425196	23.56527382742742	566.3713252158392	11.93825280238022	27.59640082280929	3375.0
4	580.991156607048	553.2463293773156	451.1809768811521	833.0744621094816	523.3396927229884	592.2512069817542	8.0
66	0	6.6971618368458135	0	185.4173074944965	0	4.3382035035124815	8000.0
471	591.1229336246618	552.2211024942097	449.595497375018	1196.8579612496499	527.8013113991939	594.9512974862317	2744.0
289	579.3930782513299	554.1612100836151	451.0257493065708	903.6271813679197	529.6619861294369	592.3915983779222	64.0
213	25.339057669328074	55.83970135925458	27.45274776651192	570.7497596301808	12.57227567243574	29.896212396615926	3375.0
528	579.5964127598729	556.5183770435075	447.64884901403246	1011.4303178368344	518.4509201213882	587.526679319182	1000.0
380	594.9969229695389	565.5428360786493	452.209174236494	903.4030657945789	532.3965176002492	601.2135856125689	64.0
428	599.6668062869023	569.8535376904973	432.2510395484318	913.572420907926	523.4494713534374	585.8340087037245	125.0
158	16.280462121212125	19.81180601010101	0	291.51674396437113	7.825249999999999	7.825249999999999	6859.0
39	20.781704087625897	28.94511518544102	38.08539567148868	554.6074860798798	24.458970751813847	34.1373696915088	2744.0
36	607.9839828969557	559.4266006502025	454.71817190868694	1022.3885269456055	541.7702571070877	595.0310899371667	1000.0
156	600.7121548643049	545.7846959536379	448.8435631615138	883.0343449406765	521.7342475209294	583.8292598071175	125.0
24	582.7724123109646	553.2201949291642	452.44575025293506	889.0125930213627	525.0233573215093	594.3989088004544	125.0
108	40.073043370203095	51.45691684283362	34.37512393140237	593.7283753864691	19.843107748836097	35.34253895385961	2197.0
635	576.7341330393166	544.689032167901	451.22904049389035	1005.0456603884153	519.20959296696	589.4136713713025	1000.0
152	589.0468978117598	564.7689657217022	450.726612562203	899.2029788572016	532.158159010702	602.6023815789392	64.0
377	580.3081233277017	546.5119923866881	455.3390086596526	1002.427846570267	528.9127133763836	594.7074437378973	729.0
559	5.228465457027093	3.5293564814814817	14.525333909408047	292.4515437201421	5.228465457027093	14.525333909408047	6859.0
451	590.2582201757992	570.6207256805203	453.2363017041053	909.2999736699053	531.9238222919756	603.1021431999033	125.0
323	592.7257906947511	560.8317824457342	455.95832511286204	987.3823940880676	524.5032872810318	598.186459864576	512.0
337	579.7884983669518	533.5363222923052	439.3956406407389	755.025077094781	516.9765136982758	577.752235633318	1.0
484	1.9288125	4.781711742424243	0	279.5959463186117	1.9288125	0	6859.0
411	579.9619822426594	559.0702336021343	446.51623232300295	897.5924028349765	519.5135177385115	587.6300341711501	125.0
294	589.8777560465752	570.5100071627675	443.4879483238773	1013.3576542986768	536.5552169537664	591.8429893509299	512.0
345	20.336804084098365	37.199137248469526	21.943780773579647	566.1171087410103	16.76025594672396	28.51228128589038	3375.0
202	599.8688518576535	543.8796058856713	441.8766288122838	900.1268991854984	538.0752469404632	600.6097376211231	216.0
15	594.7301947442216	556.1082740974415	447.0597460072845	917.1906391069627	532.6930706462083	585.4415326097993	216.0
332	597.3548572843946	538.551342523001	450.4980525399927	873.9344652403815	525.4046927707956	587.3324474636551	64.0
268	14.821490884989077	11.685125593811195	8.478719437264226	551.1344069075717	6.0	21.684392296786164	2744.0
114	8.047626484436162	22.780165465913004	8.429596127058735	444.94822483009824	3.4131984322153346	5.659418528176735	4096.0
230	15.022174955728442	26.471393625270583	4.307014539061769	534.2982926850333	0.6596057692307693	9.112087349771244	3375.0
264	591.0141710537282	552.830309279497	451.2462169738322	1021.7684919025503	540.499938690277	605.5558535247982	1000.0
355	1.7505750000000002	8.258030177740222	0	284.9826909762317	0	4.338151271490222	6859.0
503	592.7880321433329	558.8357709001689	451.31050142954484	1152.890833180138	529.5226808723717	605.606428172491	1728.0
322	574.7023306092556	545.5777175789553	442.94974659586046	865.387281261203	513.7118498939485	580.4501265939895	27.0
112	4.308487802925557	25.350207444883697	15.952572028824143	556.9692807260341	7.83505652335348	5.402271384495712	2744.0
593	582.9390721287749	555.5571060244762	446.05987835920064	893.2620556845588	521.4491101996794	591.9304843828561	125.0
278	3.0	24.266080622666113	0	449.7334298013058	3.0	3.530872505543237	4913.0
218	19.111048206054917	29.769281816733244	25.996068492845808	321.8984760376597	11.170827581793937	23.177479432137453	6859.0
347	590.4952696830647	559.1898772032605	453.1847632127011	1155.5264432420247	520.2131647225874	593.6175202007804	1728.0
259	584.583739624025	550.3806208452926	449.52320315245856	1007.1297120750683	529.6865869075444	596.6741267243765	729.0
360	591.5329180652556	556.7099200951187	450.09488967306515	1019.3999118901272	531.270619466723	605.4458813543677	1000.0
228	582.7498871016452	531.9377715275845	458.44291046200715	1039.735788700159	534.1383267496889	591.6587466129922	1331.0
82	9.52475692005913	13.723057826077936	9.52475692005913	196.89446107326447	5.2125931973841215	13.865262134573172	8000.0
368	599.0431998066668	568.0374331026538	452.84306626490127	936.976891436404	529.7058394271154	592.5298790579861	343.0
18	588.2036435460973	542.6510777395628	452.7770324090348	743.948079710883	531.4039254032338	603.4768243300698	0.0
74	580.3973455137201	534.379036844518	446.38327715298243	806.3471816276879	516.21187792799	588.9818525875695	8.0
203	5.220516041324014	9.085953199374908	5.220516041324014	438.5786813062359	5.220516041324014	9.562072933880742	4913.0
610	588.817170854386	555.4944492322124	453.03774690958744	1021.684855172585	532.8075678925203	600.1494873754116	1000.0
115	590.5416300095225	569.97400733102	451.8914398438376	914.4399457146243	537.7738354605353	597.7442727931254	64.0
10	10.22465846503374	33.057797151526664	18.652065691798658	568.3257557838721	16.474210369943634	16.855370306801955	2744.0
418	592.4771541196524	559.8638582505569	455.941718726146	1057.988119315687	527.5187962311738	600.4554566728851	1331.0
608	14.931908675733695	28.26782572000259	5.179933675733692	456.17025582951516	8.02923018292683	4.502381905347425	4913.0
636	25.442320143972744	32.01501780037963	37.5582418023751	572.193204524146	16.045083788314145	39.38428826342089	3375.0
107	579.2111499484394	538.8500217133949	444.6014380670367	860.9919109144205	521.9077463103473	590.0069449934676	27.0
530	1.71790625	6.235674799465241	0	384.7705794441743	0	0	5832.0
532	583.779888068618	554.934011906671	456.0296945553959	1018.0302657694443	530.058150604767	593.5726542154241	729.0
631	578.3341753407423	551.2820763173289	441.73327776720646	1050.0755558765902	515.2460932244167	591.3047975520434	1331.0
129	575.4410000568224	556.5009838497015	444.65984970966474	1159.5396165391946	515.4877144019878	587.830262588803	1728.0
55	580.3587239110102	548.9870779542933	450.1329898982303	996.0462968492149	521.5562740576293	594.9389657994187	729.0
538	588.1377447094291	556.3770822567486	447.01745973459015	1017.9040092058066	524.557549823559	592.0976178536557	1000.0
627	579.6708441836156	547.5090351244156	443.97647559729194	771.6368737563984	518.8749762088542	592.5340953628561	1.0
407	586.0135353518858	537.1883016551028	426.0377928742069	762.3628526279043	520.9393404323683	584.0690047806606	1.0
215	585.649428613109	553.8301815516656	449.69900373453487	1016.3697455037396	520.6928368937572	588.3264062012461	1000.0
175	39.73170979412451	25.206119174634264	28.079658176388076	506.30396589653225	23.8822519506875	36.00676229330732	1728.0
197	8.0	12.216345873655916	3.9802397997392918	390.19512574497463	8.0	11.316396049739291	5832.0
159	580.8867297071046	534.0833443296913	453.335910190915	873.8537618993245	522.6356153655131	593.6505887706712	125.0
550	567.8525738950136	534.4447338659554	440.5855543418832	904.2546073977372	511.1324810936808	576.0862722082052	343.0
58	3.81	4.741769791666667	0	187.90592527560398	3.81	0	8000.0
242	581.5526253260663	545.7836158503017	453.10572881563775	1013.7914959040661	523.0662523812257	595.8713574261137	1000.0
254	21.519225113097555	35.972501063159285	23.761613512950234	565.3412159750208	16.46696289056046	25.70888908786256	3375.0
164	574.7109199985441	539.8767743512446	444.75675751010266	1136.0519491787898	516.2270450339471	586.0887271157853	1728.0
359	10.44487563966337	15.998504778695404	5.0521710942088225	451.3960451490676	4.549625639663368	4.738001411268306	4096.0
551	590.3366323407621	564.3587493154978	451.1015490522026	916.801946109422	526.6306268016781	605.311334717834	216.0
150	586.4546170765767	538.5668787235932	452.1511193857148	887.6589334623578	529.2935218033238	598.0359693375624	216.0
364	9.529102203804364	12.533705993021824	12.303999149168538	449.91869897133273	8.621754064770693	14.949744204865326	4096.0
331	580.0970788336034	544.0218573339538	450.2960205778572	1212.1122573867729	520.0951320502636	597.2574983529255	2197.0
139	594.5833673495683	544.0247327312244	460.81247165522296	1001.4752386847917	528.1841679874616	599.3580967883136	729.0
336	578.8148374004401	562.7343304485722	439.8652064210068	983.0530270284742	508.76041328630953	581.2811176445756	512.0
86	7.457059375000001	16.93147504595907	3.249048877389987	452.94594495602814	3.4226509607233204	4.338891192605567	4096.0
487	109.27851672798985	116.94053022689941	101.6325819299963	686.4446458771149	102.91350655455773	115.44114675963027	2197.0
270	578.6612985174139	533.7387783784961	451.96565704079507	974.3776990708434	529.4574835310341	591.7386563435814	512.0
130	12.220899255952382	17.394213659575435	0	452.62116916832287	8.0	8.297486278623053	4913.0
81	5.202709972405911	9.8617370056367	9.788360735617802	450.490146897901	10.467766985617802	5.8821162224059105	4913.0
513	600.2868762700255	551.446223617152	450.9129817312603	923.4193698838059	531.3747249373163	602.1976381623755	343.0
577	0	18.60528338089634	18.67950913510685	549.7552339613571	3.433248865800073	12.011782315857456	3375.0
148	17.458862674758695	28.00826564624695	25.388870232645825	565.5909709442949	11.455191877885545	19.21364710569085	3375.0
176	0	15.04158305286275	0	458.81690598287173	0	4.7929534193714325	4096.0
94	8.535207107843139	11.016596690590113	0	397.921888323774	0	0	5832.0
319	586.540099635153	533.30660731828	443.4889267513024	862.4076749086946	515.3045378726339	583.5737341912893	27.0
408	570.8967354536409	549.8465572516922	444.31963545499565	886.6748549552228	511.880648133699	586.7726371707589	125.0
56	0	7.859897996997974	2.776027063981683	291.9811949890575	2.776027063981683	4.338000774775752	6859.0
637	581.2740398170213	541.1657652250242	452.16668335522127	1147.1439329335421	517.8556007674235	588.6641087637882	1728.0
127	585.3928929449236	534.2170826444511	448.581008805732	964.0176938100326	520.0164174048684	588.4628812895586	512.0
143	0	25.09173130806592	9.333498015873017	318.8708032768824	0	13.669886782287499	6859.0
509	6.0	15.227786022981316	0	454.4552135344579	0	4.336761022981319	4913.0
386	0	7.863935434483496	0	191.9354618036584	0	4.336587947169463	8000.0
7	575.4130127576753	550.3578665006464	458.00206181304884	1026.4140768982875	516.5908741800735	592.9910825039408	1000.0
463	577.6130742790108	557.8762704187143	441.8260653510362	889.7881748938167	518.8412346258486	585.9001615064275	64.0
17	585.602931192879	536.3449063331838	449.5742280977627	1032.2622707435341	519.369059897186	594.7214619149075	1331.0
85	582.1033761254483	563.2701476913793	451.3577801170348	993.7149186416898	519.6614732913843	596.6260281321727	512.0
72	583.1317388003807	556.8998122134013	454.6968354946493	1031.570858141269	515.3146247592704	591.3924953631799	1000.0
33	577.6703612640148	537.3704387516484	455.5035599274161	1155.105796563041	527.4735930582638	597.1395193099245	1728.0
634	585.2605609768818	551.8684456398096	455.60901742587504	1160.0935110122084	519.3080740201844	595.9053335138117	1728.0
93	5.1904422729965685	17.595906276235375	5.1904422729965685	206.1701893266566	5.1904422729965685	5.1904422729965685	8000.0
185	585.6962899126751	547.4070875564025	445.37213018313855	876.0141664548863	515.4315975706169	590.3167301375252	27.0
181	5.045141792743262	36.04279494276574	14.27614944036697	467.9411856326393	2.7755684872773423	13.016622109944022	4913.0
235	578.7121115045235	543.8999685155368	452.34411882287566	912.3255179496891	517.9074633322895	594.248494553308	343.0
28	578.6504126861028	546.0753261137603	452.9653893774569	746.2392691029889	518.0598480819236	595.4683974528284	0.0
469	3.5059991465336133	3.432463883338883	0	290.4295498862861	0	0	6859.0
339	580.443467294128	531.0040460356944	457.5265882710274	1208.982344900195	518.626878345166	597.2975136238504	2197.0
1	579.1878134958199	553.9515140167725	447.2976749068321	780.2442624664026	513.3796125914541	586.735768325175	1.0
354	568.7374165331554	518.254182814614	440.2364695395219	794.3630687745288	510.335061674208	575.1862596571854	8.0
573	579.92266189252	533.8734169461454	460.5744365548237	1046.9676099489245	529.5632667021864	592.614470850673	1331.0
365	7.242737514144544	3.5532900985663085	12.045729341116592	404.58399019811895	7.219154755894901	12.045729341116592	5832.0
496	36.721048296791174	30.228606418236375	46.91689651072406	580.1806075811154	27.87230058487947	45.44331446463397	2744.0
423	580.4058815500654	536.082146834896	449.8901388016003	864.6504563982727	511.393981404714	586.1402430511639	27.0
516	580.0359526836392	549.6925940516978	458.0849029375367	922.7162343997052	516.2564997998863	591.1970634940031	343.0
549	580.70263638891	530.8322685063112	453.7646237969622	991.2974886929876	513.1219818169301	572.9202210148854	729.0
373	13.496321888612416	38.05478244724385	15.94661311311326	577.831018916391	8.311279266449228	16.71437252744363	2197.0
492	12.884030754852004	16.59195880727687	11.253960073957677	455.92989188281706	2.7809972915750603	7.636762782382616	4096.0
57	511.2986679017037	485.4840425608936	402.48353250705173	890.1074859183436	455.8894150998376	523.0307431091367	1000.0
436	507.4419889750162	474.87997304874335	386.0600706877744	655.5633251006955	447.58696302913825	511.6742507684141	0.0
210	2.8266923701298703	6.889254870129871	0	155.4016421224052	0	0	8000.0
531	511.9548635566905	474.9767697759337	401.18581646769087	879.9708407702248	456.6089602799174	521.3007201438884	1000.0
132	516.4080093679587	482.93490453137144	407.32244444334634	792.9623775869039	467.9605179903721	527.5166272505651	216.0
524	514.2313526610095	486.11006043024645	396.51451487013026	668.5339957214462	455.288100423746	517.1525828627803	0.0
392	520.6549991381389	492.1801872915206	408.7968389206646	864.7737910416834	455.5115447400167	529.1510528513534	512.0
5	0	4.4519	0	153.45387315813744	0	0	8000.0
275	512.0915971638243	482.7970549512073	396.6315132727318	656.513513773774	449.4601727905012	512.858111675043	0.0
596	0.6447891117325186	13.731855284002581	0.6447891117325186	385.8113992030973	2.873900900350405	4.882109857228013	4096.0
361	524.7410115596709	488.1107687030579	403.17399517403265	684.6584458656024	455.359699987187	524.4157528412346	1.0
352	509.6170350446578	472.38429328232667	403.59853395898597	992.0334970788649	451.0033555468509	518.0437660260634	1728.0
526	506.7160301419539	493.30162159014645	395.8497178795826	873.8958576594267	451.8335057011421	513.9224127301478	512.0
414	509.2545393796065	483.05407599707013	401.159840225607	774.9391138086908	453.89446155715956	521.6600319654018	27.0
237	514.07527709567	491.92129124299925	397.3842013254876	687.6873436319664	457.11608184252407	526.5547510494636	1.0
204	513.6537423085616	470.7919677105794	394.17008671094123	791.0182527552699	458.31199064206805	521.2616343396887	216.0
12	505.1971118012047	480.0161974231927	387.3066439440409	762.251483555912	446.1807909994392	502.85762855971785	27.0
232	504.1886442288345	483.510980159939	382.0571364093841	779.5023143525104	444.1842396940751	499.1402327768388	125.0
514	515.2589431760723	496.9495148951997	399.18355590560594	793.5777883489717	452.0762265823414	519.0264787833971	64.0
172	515.451122961947	470.00635779913284	392.70657083105243	786.2539695633716	454.7506033891204	507.6355002197128	216.0
174	507.5131092608227	472.56574591501106	384.1038154073604	660.722649905326	448.07351797625853	513.0354539181131	0.0
403	503.99610886997897	478.9147085897698	385.0673423395913	722.416668325045	448.7739183792557	503.6609250474239	8.0
315	520.0111388631188	477.96111143722607	395.51623566747924	795.1831746614627	447.8954559641108	522.7052933107939	216.0
44	17.85359382175914	42.23323975367682	16.7277840962059	339.45420631717093	10.114118133815685	17.527713192124477	729.0
480	15.118293235668634	15.361165097438954	6.130074485668633	456.8411931397633	5.583591000052567	6.130074485668633	3375.0
30	8.25325029910858	27.680573663643344	11.519814325736245	480.76458181628374	4.526083632441912	11.130287522795642	3375.0
501	509.6681105468209	472.4193099082015	400.1435916238978	802.2153455923993	455.6874270436653	517.9040856029122	343.0
379	513.1768916087811	484.21119230688686	399.45160610267214	794.7924260360145	453.69093096239567	519.5203251430967	64.0
578	506.1848073500347	484.69525963619725	392.06919794179714	802.5788737068078	449.9100449063688	512.901487640971	216.0
533	507.71599664877346	472.6463558505567	397.2875576786376	667.0706489161217	450.7400585024416	516.0311874618898	1.0
167	0	0.9066057971014493	0	151.253426418923	0	0	8000.0
110	8.302903316424501	29.787805315836014	16.120981861229712	480.5785322036892	4.5293281038104	15.61674445926789	3375.0
520	5.966210938734768	4.735853409090909	4.5303984387347676	242.14899401810712	4.5303984387347676	4.5303984387347676	6859.0
449	4.530050998336193	2.146326315789474	15.278567288555383	248.75806435664515	6.7490532192913095	13.059565067600264	6859.0
88	0	4.727759438646853	8.544747023809524	247.13354593529664	0	12.344137191623044	6859.0
383	513.0447403614464	493.82355409837373	408.9517445764855	1021.1519172969092	454.36162306931755	524.0371606396503	1728.0
561	520.1192095070179	498.62426579793816	402.47568112800343	797.1326866309588	454.6703846491456	524.136852272785	64.0
375	514.2997581992167	479.7353039151877	414.6124562764549	880.4406889244719	456.8090732318284	525.3880824679657	729.0
177	2.556444444444445	6.629815767973855	0	158.81399913451298	0	0	8000.0
424	514.6987859207061	475.64614792407656	404.9591765313788	672.0202024881575	454.04804856954553	524.3402404879661	1.0
413	510.9806608411718	474.0207414197405	409.838558139157	1045.1378424476522	458.4845671644988	524.3787995691258	2744.0
248	517.9274881941761	484.4307816843835	409.30466539449753	863.5685323258939	457.474679289145	525.5970878923014	512.0
491	514.5331252490515	489.4661977181015	398.12931779224124	1067.0443880651055	456.78150867424864	517.6663361983525	2197.0
35	514.5000668124686	476.5101027156761	406.95730415765826	714.2905528022133	456.9485200244108	525.7764934014726	8.0
402	10.779237351190474	29.056573605952057	9.941757525360588	470.83414139627354	0	7.1217748668684795	3375.0
517	511.2931419130946	495.5435859663091	404.60490853855856	1069.9786246285528	456.523548007637	525.0332892319049	2197.0
511	517.5841589892316	491.15592766322607	405.6898068897407	896.2558869146742	457.42450748475153	516.8350687974789	729.0
290	4.527709283497877	6.429683794394101	4.527709283497877	380.8081905579843	4.527709283497877	8.33131601334523	4096.0
310	7.036996950022591	1.8735003205128204	10.439422338139378	327.1123920581879	4.5283900212895585	10.439422338139378	5832.0
194	507.716637849095	478.58584169356084	408.03421538408224	889.9778239123225	450.88248114758335	518.7514372940766	1000.0
519	4.526268379463888	20.424027334128915	14.678855633565323	399.40038835654855	6.743717973925308	16.231484317208373	4096.0
607	0	13.068647591545364	12.158225407088795	383.8329621620639	2.2181059451133245	11.367479762498329	4096.0
512	529.4128129023675	492.5347979921281	407.36407637110295	737.8610911073852	465.81081247547104	529.1207658148323	8.0
340	29.159990284634503	33.469191815845285	41.42740497763222	501.8006297856153	20.351913961734965	38.543890994721565	2744.0
123	0	15.983530438462612	0	380.4823978293147	0	0	4913.0
303	510.6243058037454	478.331963025325	403.9418624469933	854.6462609461064	453.8276259905516	522.7204921991333	512.0
190	505.60358856554967	483.2622155373725	398.88541609560133	907.881119798839	449.5226586124593	513.6653028004658	1331.0
102	8.293105233301857	9.55385544368197	13.420022608846967	385.86065395987356	4.522040267988094	16.20423150818518	4096.0
569	515.0222375797299	482.69967819784046	403.1358766004297	811.5006993572669	453.96003499895505	518.2761671278432	343.0
426	4.5203494784713705	8.275537973122022	12.980212573709467	172.7988101435049	4.5203494784713705	16.784341455922398	8000.0
613	25.601991073048953	22.061117850773055	18.546193716610425	400.7829684583762	6.739173119475743	25.24133647313859	4096.0
296	507.850574454522	469.7944918397108	402.62402789069387	904.4493774879805	455.28614795052135	518.3877737472922	1331.0
470	11.895025235617377	19.841019064253196	8.734089795453208	398.9176690655437	4.520596633582043	15.697600942653075	4913.0
224	10.196736993635206	17.476050556189254	21.233395933103502	397.7535456490479	13.498643617151975	19.614811394348486	4096.0
236	511.3317671854862	491.0901907511707	403.2761748632582	805.8739723297269	453.94905788322563	516.4265141956315	216.0
353	515.0029286618135	495.9918576955572	401.68523038380886	793.1340690651554	453.8547923058068	523.9523625790124	64.0
238	504.2373311648416	473.3710162350902	395.67605935106627	649.6760231574177	451.1504682329643	516.6995369958304	0.0
566	4.525596826722355	0.9290340773809523	13.004789683865212	248.25691428076772	4.525596826722355	13.004789683865212	6859.0
632	17.299050167955006	22.620619315790126	11.607300274324496	471.1699270576375	4.5255725158093	15.60707242064618	3375.0
448	5.32404622352899	18.05807438682746	3.7687796794113426	332.4229164104232	0	7.573382785792003	5832.0
227	512.2977173438599	483.3473419260243	401.1618794484239	659.3064088666239	452.5484097777978	521.3820800083761	0.0
540	506.8762250648585	471.05784441027345	404.70510713120086	778.7944426540961	453.4710104044216	520.1478684627275	216.0
625	507.7069638803853	494.0074155340524	401.1496969540499	1069.2086788224126	453.447302768307	523.2765049002635	2197.0
432	517.8304619666422	493.5728147293724	401.2242236778798	1071.1756322296442	455.7291731055918	523.1971700598609	2197.0
221	8.29526881359157	21.09979834115609	8.29526881359157	470.33255704442024	4.524146487779699	12.538810118263912	3375.0
390	507.56334785493266	483.69782050184534	400.05277257978213	1061.6182490312044	452.068546504625	519.584651152764	2197.0
9	2.331075	10.632858996848098	0	326.86669608989865	0	3.8054506635147676	5832.0
554	4.522862286591918	7.831860338937036	4.522862286591918	379.38024767045226	4.963534161591918	8.769613250528955	4913.0
26	2.70127196969697	10.544316248495974	0	160.94427328039578	0	3.8067615407037683	8000.0
22	11.514256146881413	0.9462718390804598	19.072027225344033	253.69508247477836	6.737189894335269	20.009841712357606	6859.0
31	504.4990146035856	475.3114254209174	398.7670405679608	905.2384251745938	450.54392357935774	517.0722679513517	1331.0
325	507.07975394931424	480.2887634822995	398.2901157037284	959.3448363240681	454.40013935657987	521.8662993453446	4096.0
104	505.64045156077043	476.75505862475	398.843313507745	779.9743613955563	456.1775203651509	518.3794469293207	125.0
605	505.14071798608893	477.25292663689174	398.3534400730059	780.9409794314458	451.49867079445426	521.2384334040886	216.0
234	503.22864468969755	478.6083980494225	392.9484744309358	654.7611654622549	447.84444586826584	514.3428897670456	0.0
272	0	7.861992183233895	2.2190971842812366	322.784200159713	2.2190971842812366	3.8076796832338955	5832.0
456	505.0017143548057	490.4568028484003	402.83424826853485	1069.2790385348612	451.4384881391444	523.0379846319788	2197.0
2	502.945253543791	482.84646456688256	400.1052636422529	1067.0539998538873	455.1265295514493	517.4595713509465	2197.0
622	506.3499304686227	472.26063754541354	401.2286831125098	710.8279906759158	453.23272414739745	521.6530074790642	8.0
443	502.71461430975376	484.8600359254353	395.1555263047652	912.530325242496	451.5880981366467	517.1300270230909	1331.0
399	509.3982172451227	483.6013261915394	407.3864591705061	900.7148481917249	457.2287091187146	518.6893066067558	1000.0
29	4.521562740911213	13.048160992042824	4.521562740911213	382.88476570281927	4.521562740911213	5.066441734521437	4913.0
499	517.8125427752947	492.80735449075513	399.4791989507777	922.6851205409931	453.44827240912053	518.7586041112197	1331.0
96	508.4747691562039	473.23533406887026	402.4990653723539	797.3099512576816	454.70798338099524	518.5066302691512	343.0
214	13.357963645969065	28.042721721472972	10.399635315660657	259.2215480794672	6.08839043445122	7.578900003861722	6859.0
388	10.683199314901646	6.565270001741553	16.30399142595807	458.90319878578595	13.559490134840646	19.012309700865465	3375.0
483	5.1796875	7.110798611111113	0	240.12199285614003	0	0	6859.0
460	20.916864760298196	23.992498312368927	31.80044699004159	404.6350203338156	16.393315199596632	32.8663438025568	4096.0
507	505.1821694065326	482.6615736609561	396.7715807074048	810.6707639306587	458.2838805541394	519.1902319907687	343.0
120	508.0493097361731	474.7346313414557	397.7227869104808	887.3666280479089	458.540894652876	520.8340311648955	1000.0
261	506.6107930482428	486.4633379474357	400.722226499473	864.3567636648947	451.4424267181503	520.3258577094006	512.0
64	518.5397229474768	476.95373812259936	386.1563586558455	673.3419385245921	448.8366518803206	512.9415452222435	1.0
582	519.6028297831529	483.85793445951214	398.3540072336813	659.2416117798248	451.98141280968554	520.360670422848	0.0
137	13.860569146121088	13.20931013981097	15.145049915351859	388.654108289994	10.091490712591957	15.145049915351859	4096.0
