InstanceID	Endpoint Predictions	True Endpoint
0	1.1586752195261103	0.68075478845144
1	1.183833307914936	1.38177329067604
2	1.1586752195261103	0.68075478845144
3	1.1586752195261103	0.843858212814768
4	1.1586752195261103	1.41088885306209
5	-1.2009194833988408	-1.38309263996582
6	0.9510731729531614	1.0
7	1.1586752195261103	0.68075478845144
8	-1.1860860017407315	-0.675262089199912
9	0.9510731729531614	1.0
10	1.183833307914936	1.38177329067604
11	1.1586752195261103	0.843858212814768
12	1.1586752195261103	0.68075478845144
13	1.1586752195261103	0.843858212814768
14	1.1586752195261103	1.41088885306209
15	-1.1860860017407315	-0.848872488540578
16	-1.2009194833988408	-1.38309263996582
17	-1.1860860017407315	-0.848872488540578
18	-1.1009194833988407	-0.49901177664292
19	1.1586752195261103	0.68075478845144
20	-1.1860860017407315	-0.675262089199912
21	-1.2009194833988408	-1.38309263996582
22	1.1586752195261103	1.41088885306209
23	-1.1860860017407315	-1.41044611617154
24	-1.2009194833988408	-1.38309263996582
25	-1.1860860017407315	-1.41044611617154
26	-1.2009194833988408	-1.38309263996582
27	1.1586752195261103	0.68075478845144
28	0.9510731729531614	1.0
29	1.1586752195261103	1.41088885306209
30	-1.2009194833988408	-1.38309263996582
31	1.183833307914936	1.38177329067604
32	-1.1860860017407315	-0.848872488540578
33	-1.1860860017407315	-0.675262089199912
34	1.1586752195261103	0.843858212814768
35	-1.1860860017407315	-0.848872488540578
36	1.183833307914936	0.493150590278539
37	-1.2009194833988408	-1.38309263996582
38	-1.1009194833988407	-0.49901177664292
39	1.1586752195261103	0.68075478845144
40	-1.1860860017407315	-0.848872488540578
41	1.1586752195261103	0.68075478845144
42	1.1586752195261103	0.68075478845144
43	-1.2009194833988408	-1.38309263996582
44	1.1586752195261103	1.41088885306209
45	1.183833307914936	1.38177329067604
46	1.1586752195261103	0.68075478845144
47	-1.1009194833988407	-0.49901177664292
48	1.1586752195261103	0.843858212814768
49	1.1586752195261103	0.68075478845144
50	-1.1860860017407315	-1.41044611617154
51	1.183833307914936	1.38177329067604
52	1.183833307914936	0.493150590278539
53	-1.2009194833988408	-1.38309263996582
54	1.183833307914936	0.493150590278539
55	-1.1860860017407315	-0.848872488540578
56	1.1586752195261103	1.41088885306209
57	-1.1860860017407315	-0.675262089199912
58	1.1586752195261103	0.68075478845144
59	-1.1860860017407315	-0.675262089199912
60	1.1586752195261103	0.68075478845144
61	1.183833307914936	1.38177329067604
62	1.1586752195261103	0.68075478845144
63	1.183833307914936	0.493150590278539
64	1.1586752195261103	1.41088885306209
65	-1.1860860017407315	-0.675262089199912
66	-1.2009194833988408	-1.38309263996582
67	-1.1860860017407315	-0.848872488540578
68	-1.1009194833988407	-0.49901177664292
69	-1.1860860017407315	-0.675262089199912
70	1.1586752195261103	1.41088885306209
71	-1.1009194833988407	-0.49901177664292
72	-1.1860860017407315	-0.848872488540578
73	-1.1009194833988407	-0.49901177664292
74	0.9510731729531614	1.0
75	0.9510731729531614	1.0
76	-1.1860860017407315	-0.848872488540578
77	-1.1860860017407315	-0.675262089199912
78	1.183833307914936	1.38177329067604
79	1.183833307914936	1.38177329067604
80	1.1586752195261103	1.41088885306209
81	1.1586752195261103	0.68075478845144
82	1.1586752195261103	1.41088885306209
83	1.1586752195261103	1.41088885306209
84	1.1586752195261103	1.41088885306209
85	-1.1860860017407315	-0.848872488540578
86	1.183833307914936	0.493150590278539
87	-1.1009194833988407	-0.49901177664292
88	1.1586752195261103	0.843858212814768
89	-1.2009194833988408	-1.38309263996582
90	-1.2009194833988408	-1.38309263996582
91	-1.1860860017407315	-0.848872488540578
92	-1.2009194833988408	-1.38309263996582
93	-1.1860860017407315	-0.675262089199912
94	-1.1860860017407315	-0.675262089199912
95	-1.1009194833988407	-0.49901177664292
96	1.183833307914936	1.38177329067604
97	1.1586752195261103	0.68075478845144
98	1.1586752195261103	0.843858212814768
99	-1.1860860017407315	-0.675262089199912
100	0.9510731729531614	1.0
101	-1.1860860017407315	-1.41044611617154
102	1.183833307914936	1.38177329067604
103	1.183833307914936	0.493150590278539
104	1.1586752195261103	0.843858212814768
105	-1.1860860017407315	-0.848872488540578
106	1.1586752195261103	0.843858212814768
107	1.1586752195261103	0.68075478845144
108	-1.1860860017407315	-0.675262089199912
109	1.1586752195261103	0.843858212814768
110	-1.1860860017407315	-0.675262089199912
111	-1.1860860017407315	-1.41044611617154
112	1.1586752195261103	0.843858212814768
113	1.183833307914936	1.38177329067604
114	1.183833307914936	1.38177329067604
115	1.183833307914936	1.38177329067604
116	-1.1009194833988407	-0.49901177664292
117	-1.1009194833988407	-0.49901177664292
118	-1.2009194833988408	-1.38309263996582
119	-1.1860860017407315	-0.848872488540578
120	-1.2009194833988408	-1.38309263996582
121	-1.2009194833988408	-1.38309263996582
122	-1.2009194833988408	-1.38309263996582
123	1.183833307914936	0.493150590278539
124	-1.1860860017407315	-1.41044611617154
125	1.1586752195261103	0.68075478845144
126	0.9510731729531614	1.0
127	1.183833307914936	0.493150590278539
128	-1.1860860017407315	-0.675262089199912
129	0.9510731729531614	1.0
130	1.183833307914936	0.493150590278539
131	0.9510731729531614	1.0
132	-1.2009194833988408	-1.38309263996582
133	1.183833307914936	1.38177329067604
134	-1.1860860017407315	-0.848872488540578
135	1.1586752195261103	0.843858212814768
136	1.1586752195261103	1.41088885306209
137	1.1586752195261103	0.843858212814768
138	1.183833307914936	1.38177329067604
139	-1.1860860017407315	-0.848872488540578
140	-1.1860860017407315	-0.675262089199912
141	-1.1860860017407315	-0.675262089199912
142	1.183833307914936	0.493150590278539
143	1.183833307914936	1.38177329067604
144	-1.1009194833988407	-0.49901177664292
145	-1.1860860017407315	-0.848872488540578
146	1.183833307914936	0.493150590278539
147	1.1586752195261103	1.41088885306209
148	-1.1860860017407315	-1.41044611617154
149	0.9510731729531614	1.0
150	-1.2009194833988408	-1.38309263996582
151	1.1586752195261103	0.843858212814768
152	1.1586752195261103	1.41088885306209
153	1.1586752195261103	0.843858212814768
154	1.1586752195261103	0.843858212814768
155	1.1586752195261103	0.843858212814768
156	-1.1860860017407315	-0.848872488540578
157	1.183833307914936	0.493150590278539
158	0.9510731729531614	1.0
159	1.183833307914936	0.493150590278539
160	1.1586752195261103	1.41088885306209
161	-1.1860860017407315	-0.848872488540578
162	-1.1009194833988407	-0.49901177664292
163	1.1586752195261103	0.68075478845144
164	-1.2009194833988408	-1.38309263996582
165	1.1586752195261103	0.68075478845144
166	1.1586752195261103	1.41088885306209
167	1.183833307914936	1.38177329067604
168	-1.1009194833988407	-0.49901177664292
169	-1.1860860017407315	-0.848872488540578
170	1.1586752195261103	0.68075478845144
171	1.1586752195261103	1.41088885306209
172	1.1586752195261103	0.843858212814768
173	-1.1860860017407315	-1.41044611617154
174	-1.1860860017407315	-0.848872488540578
175	-1.1860860017407315	-0.848872488540578
176	-1.2009194833988408	-1.38309263996582
177	1.183833307914936	1.38177329067604
178	-1.1009194833988407	-0.49901177664292
179	1.1586752195261103	0.68075478845144
180	0.9510731729531614	1.0
181	0.9510731729531614	1.0
182	1.183833307914936	0.493150590278539
183	-1.1860860017407315	-0.675262089199912
184	1.1586752195261103	0.68075478845144
185	1.1586752195261103	0.68075478845144
186	1.183833307914936	0.493150590278539
187	-1.1860860017407315	-0.848872488540578
188	-1.2009194833988408	-1.38309263996582
189	-1.1860860017407315	-0.675262089199912
190	-1.1860860017407315	-1.41044611617154
191	-1.1860860017407315	-0.675262089199912
192	-1.2009194833988408	-1.38309263996582
193	1.1586752195261103	0.843858212814768
194	1.183833307914936	0.493150590278539
195	1.1586752195261103	0.843858212814768
196	1.183833307914936	1.38177329067604
197	-1.1009194833988407	-0.49901177664292
198	1.1586752195261103	1.41088885306209
199	-1.1009194833988407	-0.49901177664292
200	-1.1860860017407315	-1.41044611617154
201	-1.1860860017407315	-1.41044611617154
202	-1.1860860017407315	-1.41044611617154
203	1.183833307914936	0.493150590278539
204	1.1586752195261103	1.41088885306209
205	1.183833307914936	1.38177329067604
206	-1.1860860017407315	-1.41044611617154
207	0.9510731729531614	1.0
208	1.183833307914936	1.38177329067604
209	1.1586752195261103	0.68075478845144
210	-1.1860860017407315	-0.675262089199912
211	1.1586752195261103	0.843858212814768
212	1.183833307914936	0.493150590278539
213	-1.1009194833988407	-0.49901177664292
214	1.183833307914936	1.38177329067604
215	1.183833307914936	1.38177329067604
216	-1.1009194833988407	-0.49901177664292
217	-1.1860860017407315	-0.675262089199912
218	1.1586752195261103	0.843858212814768
219	1.1586752195261103	0.843858212814768
220	1.183833307914936	0.493150590278539
221	1.1586752195261103	1.41088885306209
222	-1.2009194833988408	-1.38309263996582
223	1.1586752195261103	1.41088885306209
224	0.9510731729531614	1.0
225	1.1586752195261103	0.68075478845144
226	-1.1009194833988407	-0.49901177664292
227	-1.1860860017407315	-1.41044611617154
228	1.183833307914936	0.493150590278539
229	-1.1009194833988407	-0.49901177664292
230	0.9510731729531614	1.0
231	1.183833307914936	1.38177329067604
232	-1.1009194833988407	-0.49901177664292
233	1.1586752195261103	0.68075478845144
234	1.1586752195261103	1.41088885306209
235	1.183833307914936	0.493150590278539
236	1.1586752195261103	0.843858212814768
237	1.1586752195261103	0.843858212814768
238	1.1586752195261103	1.41088885306209
239	-1.1860860017407315	-1.41044611617154
240	-1.1860860017407315	-0.675262089199912
241	-1.1860860017407315	-0.675262089199912
242	0.9510731729531614	1.0
243	-1.1860860017407315	-0.848872488540578
244	-1.1860860017407315	-0.675262089199912
245	-1.1860860017407315	-1.41044611617154
246	1.1586752195261103	0.843858212814768
247	1.183833307914936	1.38177329067604
248	1.183833307914936	0.493150590278539
249	1.183833307914936	1.38177329067604
250	1.1586752195261103	1.41088885306209
251	1.183833307914936	1.38177329067604
252	1.183833307914936	0.493150590278539
253	1.1586752195261103	0.68075478845144
254	1.1586752195261103	0.843858212814768
255	1.183833307914936	1.38177329067604
256	1.1586752195261103	1.41088885306209
257	-1.1860860017407315	-1.41044611617154
258	1.1586752195261103	1.41088885306209
259	-1.1860860017407315	-1.41044611617154
260	-1.2009194833988408	-1.38309263996582
261	1.1586752195261103	0.843858212814768
262	1.1586752195261103	0.843858212814768
263	-1.1860860017407315	-1.41044611617154
264	-1.1009194833988407	-0.49901177664292
265	1.1586752195261103	1.41088885306209
266	-1.1009194833988407	-0.49901177664292
267	-1.1860860017407315	-1.41044611617154
268	-1.1860860017407315	-0.675262089199912
269	0.9510731729531614	1.0
270	0.9510731729531614	1.0
271	1.1586752195261103	0.843858212814768
272	-1.1860860017407315	-1.41044611617154
273	-1.1860860017407315	-0.848872488540578
274	1.183833307914936	0.493150590278539
275	-1.1860860017407315	-1.41044611617154
276	0.9510731729531614	1.0
277	-1.1009194833988407	-0.49901177664292
278	-1.1860860017407315	-0.675262089199912
279	-1.2009194833988408	-1.38309263996582
280	1.183833307914936	1.38177329067604
281	1.1586752195261103	1.41088885306209
282	1.183833307914936	1.38177329067604
283	-1.1009194833988407	-0.49901177664292
284	1.1586752195261103	1.41088885306209
285	-1.1009194833988407	-0.49901177664292
286	-1.1009194833988407	-0.49901177664292
287	1.1586752195261103	0.843858212814768
288	1.183833307914936	0.493150590278539
289	1.1586752195261103	1.41088885306209
290	1.1586752195261103	0.68075478845144
291	1.1586752195261103	0.68075478845144
292	1.1586752195261103	0.843858212814768
293	-1.1860860017407315	-0.675262089199912
294	1.1586752195261103	1.41088885306209
295	-1.1860860017407315	-1.41044611617154
296	1.1586752195261103	0.68075478845144
297	-1.1860860017407315	-1.41044611617154
298	-1.1860860017407315	-0.675262089199912
299	-1.1860860017407315	-1.41044611617154
300	1.1586752195261103	1.41088885306209
301	1.183833307914936	0.493150590278539
302	-1.1009194833988407	-0.49901177664292
303	1.183833307914936	0.493150590278539
304	1.183833307914936	1.38177329067604
305	1.183833307914936	0.493150590278539
306	-1.1009194833988407	-0.49901177664292
307	-1.1860860017407315	-0.848872488540578
308	1.1586752195261103	0.68075478845144
309	1.1586752195261103	1.41088885306209
310	0.9510731729531614	1.0
311	1.1586752195261103	0.843858212814768
312	-1.1009194833988407	-0.49901177664292
313	-1.2009194833988408	-1.38309263996582
314	1.1586752195261103	0.843858212814768
315	-1.2009194833988408	-1.38309263996582
316	1.1586752195261103	0.68075478845144
317	0.9510731729531614	1.0
318	-1.1860860017407315	-0.848872488540578
319	-1.2009194833988408	-1.38309263996582
320	-1.2009194833988408	-1.38309263996582
321	1.1586752195261103	0.68075478845144
322	1.1586752195261103	0.68075478845144
323	1.183833307914936	1.38177329067604
324	-1.1860860017407315	-0.675262089199912
325	1.1586752195261103	0.68075478845144
326	-1.1860860017407315	-0.848872488540578
327	1.183833307914936	0.493150590278539
328	-1.1860860017407315	-1.41044611617154
329	1.183833307914936	1.38177329067604
330	1.1586752195261103	1.41088885306209
331	1.1586752195261103	0.843858212814768
332	1.1586752195261103	0.843858212814768
333	1.1586752195261103	0.843858212814768
334	-1.1009194833988407	-0.49901177664292
335	-1.1860860017407315	-0.848872488540578
336	0.9510731729531614	1.0
337	-1.1860860017407315	-0.675262089199912
338	-1.2009194833988408	-1.38309263996582
339	-1.1860860017407315	-0.848872488540578
340	0.9510731729531614	1.0
341	-1.2009194833988408	-1.38309263996582
342	-1.2009194833988408	-1.38309263996582
343	-1.1860860017407315	-1.41044611617154
344	0.9510731729531614	1.0
345	-1.1860860017407315	-0.848872488540578
346	-1.1860860017407315	-1.41044611617154
347	1.183833307914936	0.493150590278539
348	1.1586752195261103	1.41088885306209
349	0.9510731729531614	1.0
350	1.1586752195261103	0.843858212814768
351	-1.1860860017407315	-0.675262089199912
352	1.1586752195261103	0.843858212814768
353	-1.1009194833988407	-0.49901177664292
354	-1.1009194833988407	-0.49901177664292
355	-1.2009194833988408	-1.38309263996582
356	1.1586752195261103	1.41088885306209
357	1.183833307914936	0.493150590278539
358	-1.1860860017407315	-0.675262089199912
359	-1.1860860017407315	-1.41044611617154
360	-1.1009194833988407	-0.49901177664292
361	1.1586752195261103	0.843858212814768
362	1.1586752195261103	0.843858212814768
363	0.9510731729531614	1.0
364	1.1586752195261103	0.68075478845144
365	1.1586752195261103	0.68075478845144
366	1.183833307914936	0.493150590278539
367	1.1586752195261103	0.68075478845144
368	-1.1860860017407315	-0.848872488540578
369	-1.2009194833988408	-1.38309263996582
370	-1.1860860017407315	-0.675262089199912
371	1.183833307914936	0.493150590278539
372	1.183833307914936	0.493150590278539
373	-1.2009194833988408	-1.38309263996582
374	-1.1860860017407315	-0.675262089199912
375	-1.1009194833988407	-0.49901177664292
376	-1.1860860017407315	-0.848872488540578
377	0.9510731729531614	1.0
378	-1.1860860017407315	-0.675262089199912
379	-1.2009194833988408	-1.38309263996582
380	-1.1009194833988407	-0.49901177664292
381	-1.1009194833988407	-0.49901177664292
382	-1.1009194833988407	-0.49901177664292
383	1.183833307914936	1.38177329067604
384	1.183833307914936	0.493150590278539
385	-1.1009194833988407	-0.49901177664292
386	-1.1860860017407315	-0.848872488540578
387	1.183833307914936	0.493150590278539
388	-1.2009194833988408	-1.38309263996582
389	1.183833307914936	0.493150590278539
390	-1.1009194833988407	-0.49901177664292
391	1.1586752195261103	0.68075478845144
392	0.9510731729531614	1.0
393	-1.2009194833988408	-1.38309263996582
394	0.9510731729531614	1.0
395	1.183833307914936	1.38177329067604
396	-1.1009194833988407	-0.49901177664292
397	1.1586752195261103	0.843858212814768
398	-1.1009194833988407	-0.49901177664292
399	-1.1009194833988407	-0.49901177664292
400	-1.1860860017407315	-0.848872488540578
401	1.1586752195261103	1.41088885306209
402	0.9510731729531614	1.0
403	-1.1860860017407315	-0.848872488540578
404	-1.1860860017407315	-0.848872488540578
405	1.183833307914936	1.38177329067604
406	1.1586752195261103	0.843858212814768
407	1.1586752195261103	0.843858212814768
408	-1.1860860017407315	-0.675262089199912
409	-1.1009194833988407	-0.49901177664292
410	1.1586752195261103	1.41088885306209
411	-1.1860860017407315	-0.848872488540578
412	1.1586752195261103	0.843858212814768
413	-1.1860860017407315	-1.41044611617154
414	1.1586752195261103	1.41088885306209
415	1.1586752195261103	0.843858212814768
416	0.9510731729531614	1.0
417	-1.2009194833988408	-1.38309263996582
418	1.1586752195261103	1.41088885306209
419	1.183833307914936	0.493150590278539
420	-1.2009194833988408	-1.38309263996582
421	-1.1860860017407315	-0.848872488540578
422	-1.1860860017407315	-0.848872488540578
423	0.9510731729531614	1.0
424	-1.1860860017407315	-1.41044611617154
425	-1.2009194833988408	-1.38309263996582
426	1.183833307914936	1.38177329067604
427	1.183833307914936	1.38177329067604
428	-1.1860860017407315	-0.848872488540578
429	-1.1860860017407315	-1.41044611617154
430	-1.1860860017407315	-0.848872488540578
431	-1.1860860017407315	-0.675262089199912
432	-1.1860860017407315	-0.848872488540578
433	-1.1860860017407315	-1.41044611617154
434	1.1586752195261103	0.68075478845144
435	-1.1860860017407315	-0.848872488540578
436	1.1586752195261103	0.68075478845144
437	-1.1009194833988407	-0.49901177664292
438	1.183833307914936	0.493150590278539
439	-1.1860860017407315	-1.41044611617154
440	-1.1860860017407315	-1.41044611617154
441	-1.1860860017407315	-0.848872488540578
442	1.1586752195261103	1.41088885306209
443	-1.1009194833988407	-0.49901177664292
444	-1.2009194833988408	-1.38309263996582
445	1.1586752195261103	0.68075478845144
446	-1.2009194833988408	-1.38309263996582
447	-1.1860860017407315	-0.848872488540578
448	1.1586752195261103	0.68075478845144
449	0.9510731729531614	1.0
450	1.183833307914936	0.493150590278539
451	-1.1009194833988407	-0.49901177664292
452	1.1586752195261103	0.843858212814768
453	-1.1860860017407315	-0.675262089199912
454	1.183833307914936	0.493150590278539
455	-1.1009194833988407	-0.49901177664292
456	-1.1860860017407315	-0.675262089199912
457	-1.1860860017407315	-1.41044611617154
458	1.183833307914936	0.493150590278539
459	1.183833307914936	1.38177329067604
460	1.1586752195261103	0.843858212814768
461	-1.2009194833988408	-1.38309263996582
462	-1.1009194833988407	-0.49901177664292
463	0.9510731729531614	1.0
464	-1.2009194833988408	-1.38309263996582
465	-1.1009194833988407	-0.49901177664292
466	-1.1009194833988407	-0.49901177664292
467	1.183833307914936	0.493150590278539
468	1.1586752195261103	0.68075478845144
469	1.1586752195261103	1.41088885306209
470	1.183833307914936	1.38177329067604
471	1.1586752195261103	0.68075478845144
472	1.183833307914936	1.38177329067604
473	1.183833307914936	1.38177329067604
474	1.1586752195261103	0.843858212814768
475	1.1586752195261103	1.41088885306209
476	-1.1860860017407315	-0.848872488540578
477	-1.1860860017407315	-0.848872488540578
478	-1.1009194833988407	-0.49901177664292
479	1.1586752195261103	0.68075478845144
480	1.183833307914936	0.493150590278539
481	-1.1860860017407315	-0.848872488540578
482	-1.1860860017407315	-0.675262089199912
483	1.183833307914936	0.493150590278539
484	1.1586752195261103	0.843858212814768
485	-1.1860860017407315	-0.848872488540578
486	0.9510731729531614	1.0
487	1.183833307914936	1.38177329067604
488	0.9510731729531614	1.0
489	-1.1860860017407315	-0.675262089199912
490	-1.1860860017407315	-0.675262089199912
491	1.183833307914936	1.38177329067604
492	-1.2009194833988408	-1.38309263996582
493	1.1586752195261103	0.68075478845144
494	-1.1860860017407315	-1.41044611617154
495	1.1586752195261103	1.41088885306209
496	-1.1009194833988407	-0.49901177664292
497	-1.1009194833988407	-0.49901177664292
498	1.1586752195261103	1.41088885306209
499	1.1586752195261103	0.843858212814768
500	-1.2009194833988408	-1.38309263996582
501	1.1586752195261103	0.843858212814768
502	1.1586752195261103	0.68075478845144
503	-1.1860860017407315	-0.848872488540578
504	-1.1860860017407315	-0.848872488540578
505	1.1586752195261103	1.41088885306209
506	-1.1009194833988407	-0.49901177664292
507	1.1586752195261103	0.843858212814768
508	-1.1860860017407315	-0.675262089199912
509	-1.2009194833988408	-1.38309263996582
510	1.1586752195261103	0.68075478845144
511	-1.1860860017407315	-1.41044611617154
512	1.183833307914936	0.493150590278539
513	1.183833307914936	0.493150590278539
514	0.9510731729531614	1.0
515	-1.1860860017407315	-0.848872488540578
516	1.1586752195261103	1.41088885306209
517	1.183833307914936	1.38177329067604
518	1.183833307914936	0.493150590278539
519	-1.2009194833988408	-1.38309263996582
520	1.183833307914936	1.38177329067604
521	1.1586752195261103	1.41088885306209
522	-1.2009194833988408	-1.38309263996582
523	0.9510731729531614	1.0
524	-1.1860860017407315	-0.675262089199912
525	-1.1860860017407315	-1.41044611617154
526	-1.1009194833988407	-0.49901177664292
527	1.1586752195261103	0.843858212814768
528	-1.2009194833988408	-1.38309263996582
529	1.1586752195261103	0.843858212814768
530	-1.1860860017407315	-1.41044611617154
531	-1.1860860017407315	-0.848872488540578
532	1.1586752195261103	0.843858212814768
533	-1.2009194833988408	-1.38309263996582
534	0.9510731729531614	1.0
535	0.9510731729531614	1.0
536	-1.1860860017407315	-1.41044611617154
537	1.1586752195261103	0.843858212814768
538	-1.1860860017407315	-0.848872488540578
539	1.1586752195261103	0.843858212814768
540	1.183833307914936	0.493150590278539
541	1.183833307914936	1.38177329067604
542	1.1586752195261103	0.843858212814768
543	1.183833307914936	1.38177329067604
544	1.183833307914936	1.38177329067604
545	1.183833307914936	1.38177329067604
546	1.1586752195261103	1.41088885306209
547	-1.1860860017407315	-1.41044611617154
548	1.183833307914936	1.38177329067604
549	0.9510731729531614	1.0
550	-1.1860860017407315	-0.675262089199912
551	-1.1009194833988407	-0.49901177664292
552	1.183833307914936	0.493150590278539
553	1.183833307914936	0.493150590278539
554	-1.1860860017407315	-1.41044611617154
555	1.1586752195261103	0.68075478845144
556	-1.1860860017407315	-0.675262089199912
557	-1.1860860017407315	-1.41044611617154
558	-1.1860860017407315	-0.848872488540578
559	1.1586752195261103	0.843858212814768
560	1.183833307914936	0.493150590278539
561	-1.1860860017407315	-1.41044611617154
562	1.183833307914936	0.493150590278539
563	-1.1860860017407315	-1.41044611617154
564	-1.1860860017407315	-0.675262089199912
565	1.1586752195261103	1.41088885306209
566	-1.2009194833988408	-1.38309263996582
567	-1.1860860017407315	-1.41044611617154
568	0.9510731729531614	1.0
569	-1.1860860017407315	-1.41044611617154
570	1.183833307914936	0.493150590278539
571	-1.1860860017407315	-0.848872488540578
572	1.183833307914936	1.38177329067604
573	0.9510731729531614	1.0
574	-1.1860860017407315	-1.41044611617154
575	-1.2009194833988408	-1.38309263996582
576	1.1586752195261103	1.41088885306209
577	-1.1860860017407315	-0.675262089199912
578	1.1586752195261103	0.843858212814768
579	-1.1860860017407315	-0.675262089199912
580	1.183833307914936	1.38177329067604
581	-1.2009194833988408	-1.38309263996582
582	0.9510731729531614	1.0
583	1.1586752195261103	0.68075478845144
584	-1.1860860017407315	-0.675262089199912
585	1.183833307914936	1.38177329067604
586	0.9510731729531614	1.0
587	-1.1860860017407315	-1.41044611617154
588	-1.1860860017407315	-0.848872488540578
589	-1.2009194833988408	-1.38309263996582
590	1.1586752195261103	0.68075478845144
591	-1.1009194833988407	-0.49901177664292
592	-1.1860860017407315	-1.41044611617154
593	1.183833307914936	1.38177329067604
594	-1.1860860017407315	-0.675262089199912
595	1.1586752195261103	0.68075478845144
596	-1.1860860017407315	-0.675262089199912
597	-1.2009194833988408	-1.38309263996582
598	-1.2009194833988408	-1.38309263996582
599	-1.1860860017407315	-0.675262089199912
600	-1.1009194833988407	-0.49901177664292
601	-1.1860860017407315	-0.848872488540578
602	0.9510731729531614	1.0
603	1.183833307914936	0.493150590278539
604	-1.1860860017407315	-0.675262089199912
605	-1.1860860017407315	-0.848872488540578
606	-1.1860860017407315	-0.675262089199912
607	-1.1009194833988407	-0.49901177664292
608	-1.1860860017407315	-1.41044611617154
609	-1.1860860017407315	-0.675262089199912
610	1.183833307914936	0.493150590278539
611	1.183833307914936	0.493150590278539
612	-1.1860860017407315	-0.848872488540578
613	-1.1009194833988407	-0.49901177664292
614	-1.1860860017407315	-0.675262089199912
615	-1.2009194833988408	-1.38309263996582
616	1.183833307914936	0.493150590278539
617	-1.2009194833988408	-1.38309263996582
618	1.183833307914936	1.38177329067604
619	-1.1009194833988407	-0.49901177664292
620	0.9510731729531614	1.0
621	-1.1009194833988407	-0.49901177664292
622	-1.2009194833988408	-1.38309263996582
623	-1.1009194833988407	-0.49901177664292
624	-1.1009194833988407	-0.49901177664292
625	1.1586752195261103	0.68075478845144
626	1.183833307914936	1.38177329067604
627	-1.1860860017407315	-0.675262089199912
628	0.9510731729531614	1.0
629	-1.1860860017407315	-1.41044611617154
630	-1.1860860017407315	-1.41044611617154
631	-1.1860860017407315	-1.41044611617154
632	1.1586752195261103	0.843858212814768
633	-1.2009194833988408	-1.38309263996582
634	1.1586752195261103	1.41088885306209
635	-1.1860860017407315	-0.675262089199912
636	-1.2009194833988408	-1.38309263996582
637	-1.2009194833988408	-1.38309263996582
