InstanceID	N1	N2	N3	X	N4	Class
477	439.25540255819794	280.0465160184713	225.89513190455014	985.4776840204473	271.2646934140633	100.0
421	530.0762571927706	333.8934008805096	299.1828530170866	1118.1515801343896	332.92506110747644	81.0
178	513.2355349712532	356.30656510241954	293.01088141746095	1140.6777263679637	357.8482489646869	25.0
576	31.377107230761883	24.15011185008175	0.9141964285714286	483.82100030812325	3.9141964285714286	361.0
387	491.04380183373746	357.0982535573637	297.17088637774157	1094.3111768159683	344.31080494488845	121.0
183	55.65810479064571	23.47071037948798	15.727688035311784	605.8705325144095	8.594719144038017	324.0
606	103.79197170428971	31.423237178763745	24.4523662476799	741.4682581430501	15.318616812956783	256.0
212	461.2079072768729	328.9287508974598	272.1726530419164	1066.302388540212	326.20960201024457	49.0
617	43.58355101122439	28.679566937592128	20.331586582665384	389.53528218416085	8.71475108663511	400.0
433	110.36668541380588	38.49704743363527	21.82433649496261	703.7858984805295	9.78986486462588	289.0
398	59.83060172222726	27.265316766426558	3.8687994958407224	614.9185289862847	7.597149954244663	324.0
145	509.33744472296735	325.6075092541392	283.70613047383165	1164.44640883582	327.07821735076305	36.0
3	503.3140310809099	327.425724820116	265.5055877636649	1146.2849933057053	316.5385878252936	36.0
316	134.28984515500932	62.971843112276225	35.795875281305044	687.616302378265	40.50925359364885	196.0
153	69.75098421914667	33.72596853658187	25.841304168318896	525.032001781201	16.440708008384956	361.0
616	526.1341969778582	339.5393358766815	287.0398652588234	1025.74754757204	332.81669573275315	4.0
284	53.92452543361734	23.695091333180372	12.322284590982251	514.6313874768051	9.873731476361524	361.0
494	531.3168669081964	335.85613440574554	282.7396113511807	1114.613809392336	326.89480505192137	81.0
84	78.87855534997233	27.270049189165725	10.518626026769802	669.2939194656243	9.07398113945704	289.0
567	126.21995741201384	39.82139314172658	29.372834263998396	761.4676667908273	24.972523539419466	256.0
79	480.2050508906945	324.6316327733565	279.73969464276854	1018.5441070108155	317.2335115653726	144.0
412	491.11130817187285	316.0391000486675	268.0237716047297	1042.136247857641	314.77891256375307	100.0
121	467.0222329868975	330.1584058617254	263.7722730130393	989.5830108677585	319.1907462403747	9.0
431	289.2948157094366	185.1259194237931	148.4670076939544	843.1017581289248	165.81159297463796	144.0
330	522.8659876417136	337.8336998579479	293.9968638026661	1082.3738473682831	329.0849052493284	16.0
14	19.821194066548358	8.971694094612094	0.0870192307692309	361.80791118055714	3.087019230769231	400.0
486	504.07490853788755	355.85824144884344	268.3520926962831	982.7367822298623	341.0957904778035	1.0
269	132.5064489089413	42.0454045897137	27.347285855462847	687.3824230467097	16.810410728318466	196.0
0	532.0286963432643	349.9021723430169	288.791747752108	1113.8377408463882	333.7509890135465	81.0
358	38.00343299866774	18.407096704366225	12.16348550888245	496.0115988377487	11.346887137722291	361.0
220	112.50167354569457	45.952465091439855	18.48896064082178	747.5209281623892	18.679871539627474	256.0
117	519.2789337534696	334.96145656042955	270.69971885834366	1079.226858196016	328.98311125308896	16.0
184	118.01437783670708	40.73497117342214	28.905280127333796	670.6114582914995	19.809694949824852	196.0
586	104.4392582938246	40.9451951170991	10.841902118249347	741.9327653729257	15.526281522681078	256.0
536	34.29135770880164	21.660168371201145	11.96613629664369	376.7130905209524	8.218899799912116	400.0
348	490.76115336642874	333.2718832443579	281.09454416233524	1029.666751527318	324.9801054549427	144.0
103	515.6529405565951	323.89550432901615	276.87612475834476	1016.192650290081	317.96135815837266	4.0
155	463.5997252916798	325.68140794164026	283.4818702228017	1012.7008847889603	323.328270010452	100.0
452	62.04734469296085	23.069333023587834	0.9518894993894996	615.6570711158033	4.226543192500454	324.0
589	161.87984023534372	69.37342759540995	35.23957987685155	737.4279612559831	44.56848516290823	196.0
276	77.24965480636888	34.98308539597251	19.509795291387064	671.2871209105693	17.340257434777968	289.0
614	50.82220399801698	34.335714605422595	10.856696017497892	398.5421617946487	9.863353973234002	400.0
444	489.21235267489243	317.6014475924486	278.7448198329205	1039.319649864619	317.20036071738195	100.0
560	494.685415051675	326.07473474406174	269.49279710895996	1141.7038500742033	314.41135026485574	36.0
527	84.8225822000781	29.941219603216545	15.502242430180047	716.5229515450426	10.051675470600152	256.0
239	472.3708040710355	322.6545650132126	279.77356850005737	1012.5162030336674	322.3159114830367	144.0
274	523.1958330609733	335.65899253849125	285.18559749365915	1082.2089325385532	328.3723556220805	16.0
478	479.075862597904	325.57603975450326	263.6635461352438	1081.2954552442625	317.2964063285815	49.0
118	380.98710292836546	245.57055412522112	195.26900226484614	988.730176709923	228.60734583032266	121.0
425	476.7105164066655	321.4612493803137	274.10882319081213	1032.0376556214683	321.3930420261717	100.0
604	471.330788314558	318.89256040426454	279.14906833037526	1001.5246359387746	325.8173130192239	9.0
146	473.81074236166234	335.7243843059031	276.9382307559314	960.7519190239775	325.2614740907254	1.0
60	486.6533641034911	321.6540954250114	278.4802950003812	1049.5209066405514	325.6056723596325	16.0
506	151.67591850596557	44.65857087985533	19.33533897948169	695.8388290604639	28.98321657875654	100.0
113	266.2409154641402	119.91062181752086	85.87660689875484	857.4115977278744	119.40713272687331	81.0
42	79.91424538240223	25.555728223447375	3.3773285488574016	612.150006225449	7.584602187747738	144.0
334	472.60929172707154	332.5527702882036	270.76065114815833	1126.6622391092967	323.73627872261244	36.0
298	518.2256134012922	328.9627139095368	270.59627386209326	1012.7478161543786	324.0222434941674	4.0
253	78.66912777331375	21.218646312016677	17.67836034180291	795.9330971618987	6.922107639837698	225.0
488	133.18914816441205	41.323160399636365	19.590444452206743	664.4186280965704	9.884749719627507	144.0
67	37.133604343830605	39.31162302959379	7.137590794093745	503.03701316276454	14.651114064681437	361.0
241	119.58978104709824	46.57852415804588	23.145292177678094	680.7871469755862	25.319783124130584	196.0
462	493.3724814656	321.00640421162757	283.60822855547445	1090.4258618511521	323.63865342666793	121.0
34	499.15891628507626	328.451138354658	273.28943283859036	1053.1990292568996	328.6409057151066	100.0
165	118.76178694324207	38.75040057165701	23.493675188900653	844.3846474893296	9.371878694626126	225.0
409	189.91341744499982	87.67563495282141	59.51263304536009	701.7258360817534	76.98087601167842	169.0
11	99.88604898398745	46.193063348747266	25.35029572004209	658.1223876469961	14.956704039879893	196.0
207	464.6081790765805	318.3963088449454	268.5569853533398	967.7133662890735	318.9564839719065	4.0
602	444.26255389361364	316.82140233137073	261.244760911771	967.2792480723223	320.2725099564326	9.0
363	127.98721638730524	37.682095411464935	15.517925752217208	688.8496656491961	11.91894019688286	196.0
367	357.5358057506058	227.0939879630011	184.92289198183306	969.7223412314578	210.45188879322612	121.0
135	477.7192971314898	333.08260593584	266.844064709494	1027.6852224111992	320.4754403837152	64.0
397	109.97065316545326	25.513837705653085	20.768972571101084	841.0952820858582	14.997849360445644	225.0
271	63.03075257156662	23.21923805169246	16.032302401324117	791.1349371101387	11.733077367641808	225.0
396	23.379990673887022	28.78185692720691	0.5662334019810695	370.2819063735476	3.881969589037963	400.0
552	479.662077525068	316.7746946334232	281.81200941776484	1054.1306280932233	321.3154237309381	81.0
518	482.35577819771487	328.44237631863257	280.8522445434431	1031.0470724562274	321.05360386976633	100.0
54	137.59450464814086	88.5441457274904	59.246775477849575	653.5432865787297	74.95646671459944	169.0
344	455.1171737250077	329.58267494747804	282.49449613732975	955.296313757498	322.00532356679514	4.0
329	531.5659347675136	333.0617533233159	286.57496057260227	1107.6832154584001	327.8173580041474	81.0
134	488.7623022798189	324.9407106331481	279.13349146856734	1038.9661780647434	321.7753892098683	64.0
48	63.46597748198629	24.915834702244858	0.5685060975609755	653.3403324855666	11.603602642276424	289.0
73	104.81796737428948	30.514943593530777	18.196667104721453	701.678168769594	13.903419738515186	289.0
98	94.99842892330818	25.362185617171285	2.4683381127514066	739.6502563168328	5.930989121218985	256.0
229	515.1723187085666	332.93632493023296	276.79751570906603	1161.4349824204467	317.7413334888884	36.0
570	96.98998864862965	29.698687648984173	18.29862969114005	699.5372769829004	7.766657277230203	289.0
548	465.01269226074254	333.2355831051736	284.3483696179882	986.8532053327565	332.67154223997545	9.0
169	118.92839702599836	47.6232311687099	28.684954441570145	631.0182113971495	19.149347042510648	169.0
133	133.93813496575834	59.331089102924594	28.02649905327248	646.1284292916885	43.99315448223474	169.0
89	506.2561346961224	332.0196335099342	280.6529236499044	1055.7288223091423	321.17085457805166	100.0
21	512.3639813175791	329.5882189100801	280.64847037572457	1088.1673706021463	323.57752312638763	81.0
100	484.8611834353052	318.45239333920136	258.19275314142317	987.212778701561	319.97441304789766	4.0
256	468.43544660732954	333.7284271926635	285.9194075014404	1031.4359367418506	321.9913436055377	16.0
95	460.79652926564097	335.2056633768415	269.2809187384768	945.3849497716642	324.8480634773537	1.0
568	508.542050996157	328.0498787224296	284.2951804724935	1154.7928345891548	327.40718502953746	36.0
189	52.601911019479175	19.407889039577633	0.2936458333333336	605.2475112204686	10.66515625	324.0
198	495.59615392456413	320.28457795277404	277.3195883158212	1096.6197156109245	322.7828901043342	49.0
612	470.5308035374182	330.1682709393921	283.95790718559755	1069.368886937076	330.7943678679743	49.0
556	10.888130437538074	20.672537797004573	10.483023027220554	362.21265764575736	7.274827221640994	400.0
609	516.2260720905866	328.7190305823713	278.15123630889957	1170.9902088601134	331.1342636993765	36.0
475	465.7128753944566	320.3295200233319	275.40647141681745	1037.0885096873926	320.7824806137005	16.0
467	507.96979604174084	319.81335493770393	262.0602035723577	1030.8823890625902	324.88017298561675	9.0
65	29.102268191969014	13.627850711375215	0	375.63460424829333	3.0	400.0
97	468.9489032350705	331.59333391192246	266.46933644177744	900.8240781382724	319.85903443317073	0.0
378	73.47630290221407	38.62583819022091	11.350311991857339	675.3419600130314	7.737670172141305	289.0
335	103.24971627239216	38.238889364063816	0.5111556603773583	707.2860822138505	11.77825	289.0
562	500.68422816845333	322.7937647142691	264.38620800268006	981.2198335268373	322.8539873366486	1.0
295	105.04560762518649	35.477440965250196	23.40192460394155	702.6739214764002	7.706778430302095	289.0
326	486.0619613539187	327.1652721299667	287.2919346005859	1013.4014064060099	324.6406632843551	9.0
195	498.603885659362	339.0877917497897	267.375532843325	1130.347922430772	331.57922003688157	25.0
446	478.53012673419914	341.8964541561445	285.61393681920845	1061.1574751226692	324.1910939685176	81.0
251	486.17504144641515	326.7577643889031	275.44423343671775	1088.3532494969218	325.7703339402378	49.0
338	69.65255703291872	34.27581801906612	10.141629887659874	663.7224324664605	8.832748781305733	289.0
285	508.5072886850851	330.87022053145284	288.7789343495322	1117.659919476592	327.989243436075	49.0
171	504.2457824949184	320.471795660873	263.95014031269847	1033.2224104193601	320.4451519765169	9.0
201	23.925901721736555	13.156786561960207	0	373.93613800926374	3.0	400.0
297	141.82649291297608	75.91861754321884	31.989817060723897	661.2385754356098	50.705720582990644	169.0
61	517.3032541406948	328.9257318726079	281.2729059146274	1154.3002437165037	329.42150740806545	25.0
125	154.9060695861126	64.56128730518016	24.540182488866805	704.0360253152209	29.31988009112967	144.0
243	175.08547973540564	76.0920620920172	38.513517137707936	724.624914168431	50.1037646474659	144.0
245	29.509872827887676	20.65035778877443	0	380.7688880302073	3.612837710028148	400.0
430	71.32298001834242	30.650226701598637	15.4631603252902	547.1301778758266	7.059368934644498	361.0
521	483.1425610906648	327.233697662189	272.37519077534216	1033.5400598779363	317.184747332762	144.0
385	492.25981521095883	323.19579414989977	282.71223631371305	1046.4834239386614	321.6141373085614	100.0
283	454.40202535140287	329.20026446819884	260.5529119196381	982.8049913023214	318.22418182589695	9.0
406	518.1491226198624	326.88418375178014	279.6417321506405	1048.4812964713137	318.9452538297439	9.0
119	456.48196144867416	330.1557059361372	266.3996146676337	979.2441955430595	326.9675510955237	9.0
597	42.82885937771753	26.847791606581243	0	597.328496669835	9.829001684156689	324.0
196	30.68730904671604	9.6273945703193	0	495.59025816733083	3.6742857142857144	361.0
187	42.473127532787956	28.7791036722254	0	394.8034914865464	11.162499510318971	400.0
543	528.0342186020566	338.7664388743925	285.33215413653664	1086.7246504233547	323.16776279326024	64.0
539	483.16589053618577	332.036118900243	281.6809712331769	1040.793793905381	323.3875926157586	100.0
223	95.89924219142983	27.12263348960077	12.445561699713899	692.8883197564372	8.14718485832254	289.0
535	484.8051391926589	338.4916947052737	281.3818998017906	1035.7822565472513	325.6643911093499	144.0
249	473.0856601865448	325.04990225512717	290.37292760038946	1008.3355475679443	326.2982801041647	9.0
191	367.6087186110102	248.0542512896387	202.55477169705074	932.0293967405498	222.4092836403289	144.0
628	96.91853272408538	53.910149116711764	27.518581151680735	609.8563952002768	19.233546534657297	169.0
393	104.39246396634367	31.417625933092875	19.972214741236275	669.952656285303	13.593597614302384	196.0
70	481.8315102755724	332.37026357166707	286.2672057714516	968.5995327772272	320.8718553148794	1.0
341	486.96710287609994	324.7188577890115	282.243060573322	1042.9777669536802	322.0592676425255	100.0
142	96.3974849756741	23.393576109043067	1.2730537862809026	734.4894247131762	6.087163299209061	256.0
180	119.49950280455502	40.76634183133751	17.888026813045055	856.3537603628661	14.855948469846306	225.0
498	95.47679171076601	26.94389101117388	17.25920606248603	699.8706107526314	9.517330158375877	289.0
90	171.8552295927559	81.49710053166848	36.995013433582166	750.1356962545789	48.074110059687	196.0
439	34.59231987705215	28.915576158897082	0	386.8526917611356	11.802493233647748	400.0
574	466.8370828931832	319.97498066627605	271.12423522186253	1022.0908579841092	317.8503947151978	64.0
257	460.61727066914875	326.33815930107875	280.1762980332319	1068.5929214655023	319.36697966486014	49.0
304	231.44323022660544	136.85781363612608	98.11369367354166	760.4501940498399	129.6201655593334	169.0
124	516.5627758174322	325.7366297470633	282.9021655434955	1100.5803983879055	319.346761990689	81.0
547	491.63843307390823	322.76517297390745	263.00143871965884	1052.4101589844154	316.2464108855128	16.0
356	66.70432756004527	27.179238166569515	0.4926324503311259	707.0763688375823	5.466122677004897	256.0
482	499.01131195953917	330.76650091276326	278.5784092888186	1056.459063620448	323.7303057276381	100.0
384	438.88678931420395	292.141842650256	238.04890592855494	1058.234145325796	275.528271697513	121.0
419	135.31106310082757	44.21939966251311	21.756194971984602	705.6023935092879	14.325116872631426	196.0
116	491.527680350116	341.4006248965075	275.772561225992	1001.240196082111	324.42402904661407	4.0
571	480.19446411444704	335.11422022109815	285.3698882737875	970.3345630709965	318.6850648343402	1.0
603	117.34362771178566	29.74798383414123	21.051376498310663	852.8482679205986	7.816983349032219	225.0
138	104.98094545290682	26.827750150914042	12.788690716697797	677.2213853200318	13.512912260212888	196.0
311	465.54282706931207	315.8719239782893	270.9988175194654	956.745633076355	319.8103895045738	1.0
140	484.7311275977871	320.1077480139368	275.3149741407181	1013.2142415513222	317.10277051139053	9.0
168	35.131487862078686	21.61957440231522	9.485588485818383	501.43832169349884	12.123805409103445	361.0
247	460.1847581405937	316.86247026130314	256.5912969982515	944.8953934814728	315.79229092443694	1.0
16	176.85263983769474	112.13115613389475	62.63659852082278	785.7168167666292	95.87407269824912	121.0
327	229.7561634082195	129.02800885127573	92.37368057178892	849.161422437042	110.90059193672798	121.0
630	26.357220286696307	32.82108088023568	8.971000326326976	379.86581912001446	7.170057647681545	400.0
558	502.5710692259837	320.675251018736	277.4745313117234	1087.2006252516073	317.51154148164665	81.0
40	121.40591800580614	35.22960933289446	19.904731908227603	864.6532129672038	24.222868749556795	225.0
350	90.69869794236931	26.736775253131935	1.7671076499803562	696.1052900824603	5.4836763076158235	289.0
262	484.0040503304788	330.6664243094924	276.10891917898954	1040.5975970001734	322.7913847570365	100.0
76	493.13236212085536	327.6160679526678	265.9209762018973	1049.9362030323718	312.9736674606869	100.0
590	462.84224753947035	332.7187346067877	254.43091176460283	990.5221321624721	323.6925132861884	9.0
179	513.620507664904	329.69361111806444	260.0122867953998	1154.2251113591326	329.76706983133926	25.0
301	506.7034458187124	325.7323856372343	259.9842660746777	1013.1722007706013	313.2769190827705	4.0
553	56.19940536950856	43.7158186846922	0	623.2895238955463	11.372023706962317	324.0
479	458.06193449907005	318.0827840086865	280.78153015038833	1126.8503424341498	324.42677579378824	36.0
429	451.6975779760338	302.42401151439816	255.76218257425896	1019.4138869166467	288.80206114243947	100.0
592	456.4076671480356	323.07937485370184	281.058435431578	983.7992160130976	317.97285094458493	9.0
225	42.54450459074832	26.1124187824691	9.429545789919814	395.98810764248196	6.530974608365778	400.0
457	106.94995414021618	39.109825042699384	24.40102153103309	851.5642104970926	16.591606369133295	225.0
317	61.42654890470926	20.69124626319807	1.6238218620977083	713.3272563288987	4.367467018063197	256.0
267	508.0506830533721	331.27906319528853	276.26781105931707	1164.3852793242995	316.20938172458733	36.0
328	519.3824054436578	331.5777562063524	271.1863446550166	1038.5200413099667	327.9290902434906	4.0
154	475.82254455665037	324.82941531917925	276.50700330845035	967.0397215930406	314.05342967714415	1.0
131	39.39010650880693	22.179153049342993	13.493483521916538	503.8879128080642	6.508945190973787	361.0
584	459.49474220569084	326.1458481352811	273.2586052608114	991.2071213327094	313.7614397153621	9.0
27	82.70938638580209	38.99695969517528	16.53280706460428	734.3400059574578	14.587405926766483	256.0
600	436.9094044685748	314.4149314357303	256.64748509462413	1048.0191766722003	304.1474473959403	121.0
523	469.22631433643005	332.08889531185713	278.33896697371085	1110.7831657279737	314.7499308746597	25.0
529	463.3499141183172	320.5021559996011	265.5998907283887	909.4755179177668	315.6931133558062	0.0
38	215.62029488246296	140.5132299008442	106.799568397588	790.4329734175304	120.32798552241965	100.0
45	444.57817013253515	300.23152804406783	257.9207957787083	1041.58070264372	293.98397917900223	81.0
557	446.51641465743256	310.5013183385924	267.46927105940097	1108.9089857372057	313.2314333890021	36.0
349	480.97713421387914	332.6513220147339	266.73446265357154	969.5186817026906	322.33137686505074	1.0
346	484.135641651198	313.77422700502916	269.57575584309114	1120.0236215904927	311.69725662020545	25.0
489	459.7831005846926	326.3127436381256	263.7203520104889	960.5726690394711	327.8167516682858	1.0
598	55.89058466510411	26.716983428824555	8.795443041678354	794.6887307464901	6.465582726743268	225.0
263	461.4960180991719	327.4465992850878	260.41286343215774	1031.7585025218862	318.09216483315294	16.0
226	55.16666754684001	13.36625979758404	9.309710104746248	699.1085240740999	6.468051628732148	256.0
321	486.2269249952885	323.5630216992206	268.3451030962937	1099.6783205096451	316.31904166785336	49.0
629	46.498374187809375	10.634428270511368	0	650.3935164966698	4.0	289.0
126	137.5178788997015	42.32281535755461	17.988712799722375	658.1873730647485	19.988948862517862	169.0
91	24.02417412561173	28.48364714135814	13.02535427635598	376.99012654260304	7.17929794446128	400.0
265	456.6803649132462	316.5221827017786	268.6482417672002	1043.28469705326	313.31699729472575	81.0
544	118.97753426212421	45.29686324030637	17.240907561614108	775.9116438746006	24.96821256004172	256.0
459	50.213272785720655	35.232190977083654	16.370646135302774	413.2979996464012	15.036177875825446	400.0
621	399.9464792196192	293.56431099004584	254.58302142036754	997.3456911416481	294.27890491983436	196.0
266	474.1660749252094	331.2104291129141	278.9221112155943	969.6096968875692	314.33744410775563	1.0
217	123.6925022214294	43.573282131751434	22.514449581264167	879.5692575208695	24.08236876795399	225.0
401	487.1303344307671	322.53967835761256	277.28159090219765	1145.506249085935	320.0355643973204	36.0
324	35.9504486343274	15.473757159998486	0	512.5474979489325	6.8575	361.0
417	477.5018728032925	332.84977625278987	278.8515325760396	1056.289379051138	319.76782851543834	16.0
308	466.4100969506287	319.80111376905677	281.1142338505839	1000.005015405424	314.00553012542804	9.0
445	136.93158599262378	48.9161680062549	26.865105344800988	687.613889316304	26.10388493075166	144.0
458	459.83493435357167	320.37498583811407	273.8650665365865	1013.2825493431444	313.99579976598005	100.0
376	472.0954498367109	322.4522812017618	257.7344511088019	906.8191903983849	321.05187677537623	0.0
371	134.1677440242405	42.65128426253462	24.923884241217102	648.9118343276089	22.173984926373777	169.0
312	481.16156516973916	332.8767817681432	274.1460075740889	1039.918126435374	314.8477938067522	64.0
545	455.6947370776964	317.48924254954755	252.65882699975475	1112.6342312308752	319.4249243467231	36.0
504	94.12893770640137	31.509314105907677	21.53023022459278	842.1778448031174	8.895585351205112	225.0
404	498.2908485082188	316.2983489424121	274.4577848338079	1131.9350569452126	314.9667230125304	25.0
246	71.90991631226011	38.2071880069196	12.321431091559164	681.9694659229145	13.007363255298229	289.0
420	88.50546085916869	30.898600940820646	20.97463533710909	750.2967002461328	7.701308942628177	256.0
206	456.51327362218876	324.9116396964898	257.00438417262046	896.4684912391466	310.4130368382456	0.0
231	107.07119814104561	34.57749642061714	15.574456927741492	692.1591147903076	11.614072289064103	196.0
546	436.8506036830109	314.6669343306786	251.24008922698425	1059.4069676599768	294.42200001189383	121.0
490	47.69370396656453	19.233462662814546	2.695666696751624	620.396116020375	6.4500172321637255	324.0
25	107.05655586620848	36.94132600387268	18.61510198747921	730.8560574738635	10.859532506805731	289.0
320	40.942797896876314	31.89695218670615	0	406.0530199365637	8.189261837029887	400.0
62	470.2901371134044	315.17546159155967	271.1583016496114	1025.1452251893238	310.02377967083663	144.0
77	149.16115671963524	62.336846522831046	34.55004553657348	927.4999616481056	37.149808500802195	225.0
455	470.5192200654509	322.4368336296885	279.3178210544476	1114.4217628943127	316.77588242544385	25.0
626	501.26649959534626	333.07394338371915	271.53962051540367	1029.4933140405408	318.9559235200198	9.0
216	460.7970165796124	327.1587088042385	254.61705585436277	951.4339723269779	310.66472062805303	1.0
438	492.10245704337194	304.3276318773905	258.628363950697	1072.0187796164741	307.93205879677134	81.0
581	115.6448567194999	16.394528759065363	17.201474253710497	636.1395846511498	6.59652552738736	169.0
47	468.0743653625136	312.74647278992154	250.96242799997404	1101.2470213244912	314.06521188033156	25.0
83	437.44368853940006	300.0285715213734	256.3516002846924	1020.0533097336529	309.31543280862695	81.0
580	454.44395202211876	308.7355142298315	258.66738864632293	1020.7246561352388	313.2181655305307	64.0
78	40.982408372036964	28.901890910621063	9.003081136331758	520.9162935157057	7.709669033176047	361.0
391	459.08229796257945	325.8590355183189	255.91522381302022	898.4744472396915	310.30350057986783	0.0
585	135.83812290631792	48.185601279628855	21.250952255585915	678.3405355201593	28.945256514767788	144.0
468	217.85921612776565	140.57470078265257	100.13971839818757	846.4072857630063	117.669818699689	121.0
525	128.11017641332532	48.67538600122166	26.076746908646502	644.2792192261956	32.263490645200605	169.0
333	455.2025814158699	317.7661540917936	268.67755047334424	1118.550868345297	309.3870144983616	36.0
147	72.09358108443226	28.86718929317956	14.969595966340574	686.2385501902111	7.7119407102001	289.0
382	455.8554794893223	327.1747161304598	260.5744485220953	902.5225800270507	309.3486855365613	0.0
306	497.5307111436427	321.51118546377694	271.89654544826124	1155.5553605948562	318.74530944760227	36.0
555	33.31909670319263	15.125791683502195	9.021169905526225	602.8005127932271	6.578007858744529	324.0
192	100.3324224275482	36.091270628944955	10.316778785924662	718.9721098576276	9.59066790140361	289.0
594	82.46319644758583	36.22499211532019	17.18665662915105	667.0613492229112	7.721676677576445	324.0
71	399.0391991728093	302.0085757720672	250.17670195598882	937.119255675058	284.2653121207313	169.0
209	191.21457312702745	115.20400339940491	65.6733282726815	785.9639933766952	85.31751257203092	196.0
286	449.36117012575176	313.50036658730977	253.41382862751325	933.6630241214293	308.48035446611374	1.0
92	460.05240267886296	327.32564873318137	275.29815883587185	969.3231106123886	316.0320356041364	4.0
63	127.19845385934234	32.46690064920026	22.376155698742085	645.8011262674873	24.81786639606676	169.0
101	489.87090523973166	322.44016980627754	260.83284720328595	1105.4396738147911	316.6335290356655	49.0
157	28.879829200184727	14.640300047987484	0	600.1591317833701	4.631985294117647	324.0
279	513.1270106909943	326.58578829704385	272.63791257061	1076.6590352475835	314.9222117405077	64.0
579	82.70601739199398	29.807610810381522	8.327974784048815	746.7483543955135	9.469575818272775	256.0
473	484.9291414747553	320.63542226633587	268.39809178976503	1096.7942769370964	314.8659330354014	121.0
182	500.71943603708735	322.0688584470113	273.07903610714675	991.3423245987418	313.846124474788	1.0
240	91.59803981757692	14.07557444432009	7.6380321971606016	672.3772588362053	6.7893452662922265	196.0
565	70.72331136674033	29.775918204128597	17.890968843338225	829.5037986097395	11.116370938107467	225.0
128	460.8138724831662	328.5040797262684	252.34847881774039	902.669497826845	314.34058489029724	0.0
534	147.53218023440914	55.06336461240927	25.376880691340453	664.0497773975019	20.145712537179545	169.0
233	120.5235058181146	67.0092462718537	32.026089977148224	669.864406214978	53.888111950642205	144.0
450	53.60070146493842	11.909910120004477	0	627.8556142247916	4.0	324.0
441	506.20365876780534	324.533888892548	251.84021010996676	1035.23070071551	315.68913061707866	9.0
32	447.45114690448645	298.8128893520658	238.20257358080855	1073.8249564202458	281.7029301838744	121.0
537	54.75398630000752	32.96909092260578	0	632.596890233073	12.842911928678202	324.0
160	449.2537708585663	317.95028439894855	250.99478288743546	1062.3596311876652	307.99054006023624	49.0
200	463.6205113606533	318.4402679619437	271.8095125932479	1035.8109251333226	316.98693036775825	16.0
395	147.75234956301156	58.949683906146866	22.949092660352683	689.9022957723245	34.86506727324445	144.0
163	116.09066625435358	36.37680245228083	1.8041315309258552	876.6459447990737	8.226279087720485	225.0
305	453.10495730666497	318.7561796676007	262.453333072641	1030.871319697511	310.45847258880644	16.0
541	88.6366987719126	27.011457675866048	9.664066640538694	755.7405351620856	9.174232238321029	256.0
13	508.8671391626197	324.8926548536152	267.5835442624633	1048.5763337042897	325.5804420328843	9.0
299	459.1834795813676	314.6112544305384	264.3286675991398	1038.1259996443073	309.9031903148224	16.0
162	422.16798692081323	301.6100065160172	230.5750364896572	1016.0908160368188	283.91720218723015	81.0
106	448.10324719642404	310.13538602968464	250.54426448008834	935.5557467158767	307.45784165756135	1.0
51	479.87101170687464	332.76018855704723	275.0922669699859	932.6973540682463	314.0510592829618	0.0
161	48.997586561704395	19.74087477636568	0.4814804964539008	710.7265351206026	11.546666666666667	256.0
244	141.31732222476563	64.38965525582607	25.213389343413507	740.0935697813136	34.86395437350943	121.0
415	121.9208023361294	66.33175043002235	26.908532256424728	728.0788026333483	44.13670285697193	121.0
502	88.41222237661471	31.305448175422196	5.912646598811827	669.7329463832544	21.72053366606871	196.0
493	106.7945021058607	30.291697342768497	16.24580895819879	777.5891752116904	9.39616835046644	256.0
277	117.9919209441519	43.630714300248854	22.388492688907565	704.1612182874017	18.736858095314606	196.0
447	136.64797490167862	51.63660701640117	26.854780410378467	896.5248108516519	19.060601439419628	225.0
222	500.4519209293717	315.85614881953916	269.47794477230093	1012.5533436949194	306.116614963915	4.0
52	102.35644135883595	26.628141964787773	16.33500479664181	687.7585483190588	8.787810806225457	196.0
464	507.7466646904983	324.53206787722877	268.64689207185455	1146.8323428365436	310.5851566812445	25.0
588	479.8862467234831	305.76730379635455	261.23646335571084	1126.4363305088455	302.9452012819524	25.0
599	142.19011920371366	48.22115438386265	22.58799901116717	754.4339880122666	23.781923635574167	121.0
623	466.195082075268	311.2533349213422	263.8527927954872	1041.673486474352	310.45408585164495	64.0
59	448.64935015799864	294.9775071850022	247.6487775422044	1014.6468470831936	301.178453826996	64.0
620	54.250401888021926	37.963314595652236	8.252648424782123	723.8317577171977	8.800082445188226	256.0
476	458.56870490907676	314.9085993087238	242.895413989235	951.2031853924364	311.9431965980707	1.0
122	425.72033041835385	298.69025788886194	245.3791642431665	1020.168797061352	294.41262386921966	81.0
474	156.36944257495938	52.62230114714481	19.396635049212044	756.3981899799187	26.869648396346715	121.0
440	126.08079239969143	32.74278083746676	20.567583440431772	673.9963054464237	14.49343634728369	144.0
466	454.4115166676178	314.2013885700172	242.80183698977842	1029.2404559827103	312.8636011088667	16.0
211	428.10858606212366	289.53147666239823	247.934666588262	998.0507341499481	303.2882636967606	64.0
46	481.6274055148702	311.7070462948597	263.9507947834403	1055.264633996315	307.19863985977884	64.0
510	112.12511850785731	42.25820274214189	21.634426395529424	715.9566888173416	22.46290789297025	121.0
6	465.6615637750676	302.1639006832876	242.84651494961247	1000.1265171965329	301.05535541981834	9.0
381	135.3101152436139	52.60966528345871	12.880412335813613	679.7053856559966	27.179628427418827	100.0
23	456.2382607349412	313.5249367912235	242.85338634483554	992.4119807592446	313.6341715475527	9.0
472	93.7518232732464	30.745504777909304	15.939434773343224	683.0206247911519	12.950596771141484	196.0
141	490.00534763150415	307.23079467321264	253.68799678668316	1029.589550388065	302.00971274774287	9.0
618	455.23406734586837	311.85600941022716	267.1376010675788	905.3329092679971	308.08784837635517	0.0
615	258.69804214275564	143.44404248093392	98.84231993692204	835.2805308611441	117.03228092264627	64.0
362	67.43449800879051	27.642942692115927	2.1934061466061587	590.8538612264341	7.9500724337061595	169.0
374	36.44931825815717	22.490396635893262	0	615.1906005525478	11.840000000000002	324.0
508	467.85900135551987	318.6298353071079	247.74988173475904	1003.8295097199907	300.2347842116198	9.0
186	63.89351797791504	33.7211271510334	7.71458437763441	651.4360714551542	8.339004382443774	324.0
369	482.8624195282773	304.66754430760477	263.5161735167305	1078.2381933518277	303.3276949825451	81.0
41	443.1275123773277	308.9368726343728	248.3618174114822	1011.3706962825357	300.3589805918167	16.0
416	93.12849337531861	33.94097678872882	16.184213172193246	680.4710854833298	21.60774475614485	196.0
442	476.7059611910795	298.0762351686149	249.3763884941881	1064.9966182236872	299.08604562458817	81.0
281	461.8734214834535	301.82228001547145	248.4551174854935	1103.4379163116084	300.2446844915723	25.0
292	452.22792323845624	295.79385864811337	242.8746565433832	1025.4999361035802	301.5248352241569	64.0
422	65.18619836922818	35.38691624647644	8.24421156908152	693.0481410360034	15.825581970803313	289.0
400	474.25262656845473	305.1760356874648	251.74067106117735	1050.6832031282206	302.2506894439348	16.0
300	442.51808847181724	303.63176466674804	249.59458199845722	1043.480305119257	310.97990083458035	81.0
314	107.62053949102479	46.40804434341611	15.276865904439742	890.5826252825846	8.317850643279977	225.0
342	110.60783029795996	33.72967658585457	11.920825810341094	700.5024418683553	5.178261909998563	196.0
343	463.9477169105357	313.53855755013274	265.695792882399	960.7607964446393	308.59242789560096	1.0
427	440.97467995658496	303.7889989587988	252.28214464491353	976.8496454384169	302.97377993142226	9.0
75	120.67429862628599	36.03029729980786	17.073762015525247	669.1214898275932	14.647096972807017	144.0
366	91.76631254888362	16.522707099938643	8.056034801393574	617.3628982273046	8.782712748907436	169.0
37	127.62936334165428	26.65753757325428	15.376941437509174	654.6771887408077	7.854578924104423	169.0
208	449.21300787851607	297.8355729112167	250.76447549246421	1025.417811837526	289.3974731230125	100.0
357	31.472558599182133	24.077771497060297	0.8898723723723726	616.9397312392425	5.132742921492921	324.0
434	362.12030480628056	243.7605560406909	197.09155665776288	942.1374203382571	230.63690649716338	144.0
389	427.08761903607984	287.7034413525934	253.19764965790478	1045.2642486999755	299.37976070606067	121.0
282	95.22193420430166	32.275546207755006	0.4748139880952381	777.6430329770293	5.180008598307547	256.0
595	55.281555642814936	33.06177944125287	16.111118744153927	551.9997361474975	8.282747189291774	361.0
522	460.20768831522025	313.38800068444743	259.564323810686	1027.1776450887294	300.62695580640354	64.0
250	117.13115019767811	40.922664808144305	13.698595748284125	802.7118493591843	15.505202716998168	256.0
309	472.7458177654145	299.80227173825295	244.84990569423206	1117.1015316992753	303.75214915717544	25.0
485	48.50704562881627	25.176639811299296	7.5870041933694665	542.7553593038751	7.102820259807056	361.0
149	452.9546773883203	307.36140641152673	252.38121197234182	1108.1277747824226	303.5770154056761	25.0
481	27.075200083791458	19.686134956209713	0.47502915451895034	403.3007147961609	4.0	400.0
611	445.09839017037984	308.7069449345726	258.8082767781246	985.9514839486446	299.69788152118525	169.0
372	485.4145325349941	304.30544465276137	259.4562975068926	1080.9232670178312	301.692717578572	81.0
188	440.1451096762055	297.4032582319342	244.0048477594842	930.7779754838531	298.27357533708096	1.0
495	456.37380443537177	308.61507173209617	252.675995398973	1025.0726124513678	299.1866701135935	64.0
453	450.54080762250953	309.2498298414702	264.2512582801635	1030.0623252149348	300.9049056534239	16.0
307	432.86130789969116	295.44222691341116	247.20801241250888	967.3984319042659	300.62562409907923	9.0
170	83.15111428631563	24.384394704921558	7.612557713028703	637.707135990689	5.760510966257202	144.0
505	418.7233309784736	276.6622224610204	220.77462100875653	1027.3731843358692	282.04378776250127	81.0
370	464.0289108277628	298.0877505196323	245.87443823766253	983.3146115997652	299.071265970278	4.0
542	469.54007057515423	297.65921780274283	251.30627475820467	1047.0555671115744	298.1050973281342	16.0
497	446.9365640382906	302.81878060055203	246.2838255481579	1031.1835524775356	307.25464476682225	16.0
563	457.61339731027584	294.17033278292973	251.21990421426736	1034.767268910215	300.40246097452285	16.0
68	438.0308953354694	286.0425001031489	250.2988543310441	891.7985780655736	289.0947182185064	0.0
43	54.189814887973334	18.29173794958217	2.137015933195942	679.0538082908828	11.811525864441165	289.0
20	112.13947675104487	33.33432321806528	19.857817764775664	704.5729635019627	10.759978753544	196.0
515	437.9700825787082	309.52322902741645	256.5370937606086	937.4146856908723	299.3454804684617	1.0
633	443.2227909489646	314.57550679895536	246.06605519619413	895.1506725294746	305.31863806914794	0.0
619	89.5227915847208	27.271350077137964	0.4631163434903046	867.7324798833797	12.207812500000001	225.0
575	439.7450746332573	310.60744063404724	252.36242281330283	936.64105808444	300.9303569960588	1.0
273	43.00349552845515	22.069710140274463	0	636.6544269510616	5.18259430386435	324.0
351	57.53797072027294	31.307136471827285	0.46093406593406583	652.7000322397607	11.74	324.0
500	441.2915393281095	313.45844988808744	244.89171350974954	1026.6746052147357	303.37638997223166	16.0
280	473.3638675757499	301.9589845768051	258.2599344509979	1059.41871446489	299.86951544319305	16.0
583	80.88647451781623	39.8102941801898	1.679144112606488	765.7159579014269	14.42988661710511	256.0
49	484.1656939284235	302.15594072884704	249.51502874877883	1029.2768175331382	303.56701039895637	9.0
394	442.2849787793312	308.01317346702314	243.51279651880634	1062.027481868115	299.0943644707737	49.0
136	152.86700261664873	57.560785698174406	19.569077213619103	770.5334620980756	31.033370339365447	121.0
109	92.30370170524118	25.696585347760166	14.61358955212825	878.880706458525	7.853472057141275	225.0
219	86.43904061629881	31.53344783569454	5.974677259648086	730.3168613151405	7.292821456026141	289.0
173	466.33317943435736	301.5311924737822	257.02196418621924	1089.6708139600703	302.0368430387338	49.0
69	25.73766508921244	32.17871007769361	5.992165534406728	405.5988937889931	14.823449473911532	400.0
288	93.74047505415808	46.16457120044259	24.183219267051225	784.5731993186841	23.883675641314845	256.0
564	269.8553289959447	175.20390621613257	146.83705776210803	889.5138928345003	165.63511146249672	196.0
405	439.08978013914106	304.69968378388864	241.79907790560537	1017.610391845779	301.9659625308188	16.0
80	476.46906847921406	316.5233718914589	256.42411396419976	1048.9235135233153	308.5061875228527	100.0
461	62.57846135363025	22.099271272531258	0	709.8242066913557	5.760479723989137	289.0
144	452.778155139676	301.7778565175449	242.77305167470854	1120.7982895778057	297.6337595022138	36.0
205	410.177098024215	291.9331055835972	237.66531553945634	1033.7580911313808	290.6601748017065	121.0
313	222.0868478788046	134.64533776605668	97.27798893726286	796.4967049454335	118.2663976863392	144.0
166	474.94040977920906	295.6913997009775	250.59013571906843	1045.5910947229995	297.9005947573209	64.0
8	50.42322074117726	39.45266054048287	11.415078676236243	644.0473068742381	14.091248574239497	324.0
255	23.394779518777128	29.394279869727622	0	406.03054709179725	12.485559936441934	400.0
258	468.95918245673033	305.52151767230714	254.78275356947708	1089.7853970726862	299.6667721624383	121.0
151	425.92489831796337	301.54067839788075	241.91321650373433	967.2262896861206	302.11037214723314	9.0
199	42.075084521284985	23.871253359405824	0	544.5060161317339	5.2004349483437835	361.0
587	102.54470290111736	32.99696046098885	17.87852157310311	748.8990665945003	11.315737777212005	289.0
53	434.5144880016581	296.9743850011475	248.64510636983	1054.8679810109136	297.4014178479597	121.0
252	136.22969543901624	51.06409268064376	19.848467396628713	924.6126003089411	16.31402543029907	225.0
99	417.80950705993655	261.0217230556675	234.396258367704	968.7991359886312	270.938602025878	169.0
410	175.04578886973945	87.58033665458656	38.33884516948335	794.8626529991526	69.78863079658447	196.0
465	477.60897526032767	311.7274387301858	239.49249163663254	1013.0498976736374	295.52413635189805	9.0
437	150.59166725367226	59.26080576744474	28.134334385814505	691.0437894184885	41.835683212195434	169.0
293	461.41513255229955	296.74127369696316	243.2784321480161	1090.7107549896964	303.7870967020293	121.0
105	440.3909462335442	296.6586966525616	257.96761740772297	1021.9046354852651	298.5665138090795	16.0
50	427.53061407481647	299.71905258028625	247.50545485506936	931.2124905286049	296.7617285305383	1.0
572	143.55092173370673	47.75326408329073	18.505491812834407	759.6696992700118	24.06224529549244	121.0
591	443.2689938154825	300.72639294962215	239.43991596122922	990.7677884690265	301.91897897872894	9.0
193	36.5351498740168	25.783940686676022	1.6839993765586039	540.0200124347472	5.261380922693267	361.0
435	439.08870847964016	287.70990343157916	239.29287262158562	964.802560524328	298.4948528079242	4.0
260	434.73874976845445	290.39289474646444	252.7398715091275	1088.523952098678	299.829717328562	25.0
318	199.28783002978832	129.47740034325543	85.30373633189232	781.1331729778235	121.5438644526883	100.0
454	36.469583486541296	32.06856585365654	10.289571284005794	636.4753867402366	14.687991087262148	324.0
624	30.233169624231135	15.919477795026658	0.45052339901477834	531.0764584045836	8.435375	361.0
87	105.98338822103138	38.79462973967741	10.283998430415782	756.9439213846155	13.271747180346894	289.0
601	77.22166229616688	31.433089750341455	0	590.8909010186367	8.447411151549208	361.0
291	441.15689264789603	299.29367638068425	251.8043281863762	1027.5798798853418	297.29799008525646	16.0
111	133.62322796186604	47.820510342214384	20.786018542064937	919.8018080054675	25.797612017667618	225.0
302	461.41947566521475	289.0689590288155	246.23014650284398	1030.261729678996	294.96055099502587	100.0
19	440.21627622573084	304.83537778184734	252.29890318929355	1041.5254484636673	296.91106475162496	81.0
287	444.16805688568616	303.26236587901735	239.0206848062414	987.1239094989639	294.03666252022913	9.0
4	480.20049768154905	297.9311218816561	235.4308222188283	1068.8546936415728	304.2432961079114	16.0
66	442.1074409720859	296.3974269186655	258.28868190507416	964.9733919746569	301.1833815555634	4.0
471	425.01978768843816	292.85235086507805	240.50327150503398	964.1732467392018	296.39836818553863	9.0
289	66.29037052295432	19.49461123315203	0	748.3928834153069	10.204791666666667	256.0
213	120.64071068974522	43.734809854220266	26.260145313316784	751.7534970055684	24.898526940523197	121.0
528	453.1395996763424	297.97190137309195	251.54725952258954	1082.20774370787	302.83627955151695	49.0
380	467.0408725051352	295.61181346538615	232.97917097462374	1095.5323850253774	295.9043367284108	49.0
428	428.17213199074706	290.9931923858913	245.9689236609657	878.6356625347154	296.2372028192342	0.0
158	22.869463330616984	31.463209143218045	6.279980144059655	409.2165107734617	14.067383954352621	400.0
39	472.0943488700458	287.03457164646784	231.26669452309656	1015.8391443578396	297.198911507552	9.0
36	404.0934294601714	254.41667587793856	201.44426716305904	988.8067101458965	252.24502643189243	100.0
156	469.778483232886	295.49172268526985	231.47521572201072	1097.3673693137566	294.6186482412815	49.0
24	47.10852260823989	31.409743994342502	7.110077234617019	647.5193526871631	6.989663837466455	324.0
108	121.77962116195586	32.90421909908505	13.809569925468576	816.639635066233	19.40133993074458	256.0
635	452.8323920844252	300.4112144377641	252.40066380820272	1111.0077957725644	301.3348148721012	25.0
152	463.2023989694877	291.4932789001008	236.08571007058526	1041.0936382786936	293.0684828335947	64.0
377	44.44267944946963	20.626959926258312	10.05147288741976	639.9520093245085	6.472256350538541	324.0
559	479.2859907334155	300.5658512354428	249.90345803402968	1062.9598833537423	309.1355112392209	64.0
451	50.95822114584994	18.243748490199806	6.331556657066647	657.6961006981709	8.63079094414736	324.0
323	136.98613714453523	55.746300981709894	24.462346479825026	742.061950431843	37.06975087623699	196.0
337	458.0355353857689	300.5438644978016	239.14286506929486	1081.3707113641576	292.60816135992553	49.0
484	489.016355798782	299.99437320514585	256.58861234377736	1016.0212498911908	301.46208957692414	4.0
411	482.620657635298	296.227756477988	234.20697919122168	996.653425399699	293.13419031026945	4.0
294	447.51338867242555	294.9994381935037	240.37644708707464	1128.293613199499	293.3252220134555	36.0
345	474.02476267114486	281.581522991338	252.2499246513939	1055.798812130681	301.00700957402375	64.0
202	148.1287000007293	54.179457960683685	12.02738392538534	729.0570105302692	31.007122819013997	100.0
15	471.2088999293751	286.3703382436418	240.06277867994032	981.5037792798314	286.1984760863845	1.0
332	432.3884271846467	291.66419714064557	240.2125169363698	1023.646541069508	295.3408747493675	16.0
268	457.2328979301335	289.25167103127774	240.34960405460734	1112.5073858107314	295.30645440267483	25.0
114	67.19119654340274	28.170745610604797	0	748.8640998494172	5.670417512578778	256.0
230	32.36744937233866	23.993051423433766	5.8526346758659695	416.1184110202769	6.643603448631927	400.0
264	443.1641664718582	290.50382835099794	236.54394712690117	951.1682321272127	294.6329055082853	1.0
355	462.89291127717166	314.1952925850206	240.355800151814	989.3004985102348	301.9308648776853	4.0
503	468.2321864925673	292.398531683378	237.60606587566087	924.1953267259821	293.284882653061	0.0
322	145.8342209769075	42.818748563460474	14.697103860924237	759.080691438255	22.728522050254615	121.0
112	34.46038444335871	16.76975459361861	10.13237305911515	628.5875096118332	6.045967695574735	324.0
593	65.25914203712686	31.754984752920276	13.887033886452874	670.438552576635	7.5960554149743045	324.0
278	438.8752989377566	301.3950692542829	244.5312824654873	1016.1364190245737	303.64727907837	100.0
218	126.07794122668258	45.94186908136385	19.043868494743517	918.4852849143149	22.535347278875403	225.0
347	91.52011287303529	28.240358556129408	3.0156122006586585	877.8629831285601	8.35726394309663	225.0
259	446.91725518149116	295.56132730878863	236.79222466966058	1014.9702125390462	284.14065728515345	144.0
360	427.0794884244316	292.0783135700824	248.45755260071306	936.9503746666485	291.71358481024964	1.0
228	433.8429514615784	302.72082763400175	239.26459095789087	957.2793203330494	295.4759939643965	4.0
82	167.34217995179105	61.53035541484706	16.840838701207787	807.1478813926885	43.03353204919532	121.0
368	109.47191837248616	26.75854085744308	4.966658103823168	898.2581003715657	7.295793725846233	225.0
18	72.36676831128352	31.608856164677487	5.411294782564542	678.6366565773563	6.640137022568815	324.0
74	489.1522923198073	298.56050424191443	230.21946337568178	1012.248702088849	304.64745619003736	4.0
203	426.854161335375	289.9847074383619	244.83745668727505	1126.1382163944259	296.80992009242976	36.0
610	415.54849920915655	289.03858720275855	227.26082882835615	968.2926036074167	291.66956463347026	9.0
115	108.50757768861433	34.54498398330241	15.352365583106524	666.7644090258098	9.624627198745586	144.0
10	309.0004572453357	192.1780601747672	150.02862721802003	907.1825374508333	177.56382150172442	100.0
418	468.7315149681963	301.64921135288733	243.86168122685976	1128.152275343071	292.8046222039159	25.0
608	453.8540449905105	293.67615103320065	246.1930019792804	1008.4905239075988	296.1839119943386	9.0
636	94.70602768323577	22.304308650004174	0	628.8516971003212	4.599514297360778	169.0
107	363.5055262225407	248.5351898418803	200.96526346922602	983.1926016909429	243.81130011405358	81.0
530	29.469149086510477	13.97005928099756	5.410940145819919	532.0706420704587	6.044299215340207	361.0
532	439.87853464752556	302.3665775606173	247.46803750818765	1102.8751555408169	291.8512144604542	25.0
631	181.50522854291088	112.47562219684009	57.63888402709018	820.8614813779304	83.84901037797405	121.0
129	115.93499308696926	36.54089171260839	13.514196919988969	652.8591308558647	16.108856449877237	169.0
55	93.1232157748401	28.766296940173046	13.3859883591924	881.4593763731386	14.362687800935937	225.0
538	57.53285155278571	24.633669078336805	0	665.1647120078139	4.596658355856027	324.0
627	89.88790106007602	32.61806442537562	6.32568001861083	701.0384817473333	6.639577609793541	324.0
407	332.3719340981742	215.5389996751969	173.38687786775967	957.3848866864708	194.20796786990476	196.0
215	442.02780400196747	309.36411868110537	243.4339136371839	1053.585890885357	296.5254330868367	81.0
175	435.1160933407217	295.08224195278507	230.59204491705046	981.286716326554	289.74933564687495	9.0
197	444.3429791934534	302.3584597356358	242.02973520140722	1029.3325139946219	288.52113350657265	64.0
159	443.3490188293817	308.9924958880741	225.54641970673003	1030.3201670404171	295.9231758825829	64.0
550	103.19137049772434	19.13236485219404	9.732175485089027	896.8315649016722	7.698444781035794	225.0
58	417.09003852054394	285.96174288678566	235.13797897846763	878.5181030460052	288.22522868983197	0.0
242	65.0708393207782	17.956482574196095	5.948850697590098	710.4506770312189	6.044989502049956	289.0
254	457.6554355255944	296.453397479039	232.61497469271595	1093.5410902717472	288.8082701625372	49.0
164	468.8021274185916	297.98411737428813	244.6742523959428	936.1492387786762	297.7062080370178	0.0
359	37.61187902580003	23.565578751593034	0	642.2218271658636	4.9712612053160345	324.0
551	442.1572801154575	307.2809545374564	224.0294430310546	1033.8979601911994	294.76937071428523	64.0
150	427.30916214852755	286.3049308150528	224.69673066835264	959.2790881197703	291.2442835136898	4.0
364	316.9320409973497	198.6103977070517	146.9674915960065	924.5557089317332	181.7302974191706	100.0
331	37.66506907127921	12.129230442354581	0	541.5370068135013	10.965227272727272	361.0
139	467.3725059051365	304.46327415005226	229.4453397199995	995.4978813319468	293.39384165922326	4.0
336	76.00551148585005	32.240495789618734	4.9685367072804425	770.2737288020878	14.224618480071978	256.0
86	39.270398584486394	24.24686293369672	4.974584920131058	426.54809105586355	6.227394766458818	400.0
487	83.76769712555789	38.68026749718632	12.526236265714765	601.5776925362982	6.7947892256336715	361.0
270	83.07938862771417	32.71940495781781	2.0728932964350832	601.4350231459348	12.245856144421502	361.0
130	458.97452385932166	297.9002441894851	243.56578949957125	1153.7933133843494	295.8233534861764	36.0
81	467.7953423649609	295.70375480945575	242.68929924699447	990.7676085817079	285.04220705886326	1.0
513	122.63637418613898	57.09465026189509	15.27912483759328	722.7620038549072	19.16616087240967	196.0
577	419.5103697902142	273.27238419322396	216.611891259912	994.4703176350654	264.2044931197314	144.0
148	394.9364866456211	262.7820293464355	210.78172598283246	973.7219383793907	251.58365920902196	144.0
176	98.03284201750014	26.3914007831547	2.5695870790836643	751.0360839156789	8.78443128150056	289.0
94	432.65553714609604	288.0451027342932	242.33970763669916	1127.0822698024626	287.86715804303657	36.0
319	458.02061020875095	294.7268991597043	240.82435690016098	1091.7174464283303	286.09871877072374	121.0
408	451.56748809246915	296.74283923681804	240.5350277034459	1095.5550225067445	287.60956480753885	49.0
56	29.626147420732426	14.493768931710616	0	417.71235212296403	7.476696428571428	400.0
637	442.1892111766559	273.92973669874806	240.86126848119167	1074.6091683153668	285.316397342135	121.0
127	429.9338879632141	298.7488572116316	245.47722490815465	968.2765329774325	291.65061510624196	4.0
143	6.394795627085194	9.969982234214152	0	392.9330428416008	4.0	400.0
509	435.8772571420145	297.56891230081266	242.02593549105853	1136.9935189599278	286.76351509925485	36.0
386	460.86158783476816	287.87254422741216	242.1392472956658	1139.8328775249647	285.72878481684813	25.0
7	477.682734973477	294.7929063458763	242.8130495923037	998.9375493080474	295.17292613562694	1.0
463	431.4506550308023	297.1283850259825	234.8745816506387	1053.2002207279902	286.0966309440034	81.0
17	217.900124145519	138.67686422075028	94.34371384024041	823.7299169567693	119.05902265450366	100.0
85	460.53513740382374	280.8836869193767	223.6102686954609	1057.2280609876304	285.41004823559337	64.0
72	66.93932422416626	23.808616025163964	4.525303581261284	759.9629472947133	6.226824061341031	256.0
33	48.92092412813199	24.806350554948935	1.6221463178294582	658.323659458448	5.21390019379845	324.0
634	130.66916279164778	44.56940354560246	11.770118603021812	925.6906348847037	16.555896250305555	225.0
93	415.63515027301827	277.50068336553363	238.4470895623148	1070.093299517928	289.61682341432925	49.0
185	129.68774988494815	42.749956727391684	14.268461752774774	930.2796752372794	9.61312889662958	225.0
181	485.65555573604377	299.45296638172294	238.46174455722368	1017.1332777043566	282.93292994740807	4.0
235	120.28794218266569	40.83762514018856	17.246635166024777	731.6845090218949	15.670311843710758	196.0
28	30.511563930734777	13.18465407199248	4.56004319235342	542.1962503901325	5.638497128264252	361.0
469	414.4259689644713	273.7974190589746	238.31359866557523	1029.4459002396939	282.71627265866044	81.0
339	418.1366050074842	269.61745387101865	233.83120350955096	1009.079614191505	282.1057662573484	64.0
1	94.06512339281738	39.10754523122622	14.306781013715028	702.8732738519288	9.621166659861165	196.0
354	484.62212635982877	300.8336494899233	240.96430670890928	1107.7643387405358	289.4187587085138	81.0
573	465.96129764563193	289.035451497957	233.86862183847725	1062.943650702777	284.74564727959773	64.0
365	53.917344735387	22.503477091757265	0	665.3540102013914	10.957102272727273	324.0
496	109.4878312802052	32.49077312319143	12.58034071592277	769.7398553022489	7.326202894494283	289.0
423	411.583065667014	276.66976109142877	238.2395867440655	1051.6258907190868	290.16492131007755	121.0
516	406.8358698941162	267.912210164673	230.4925554281999	1026.266759956899	279.9683278216504	81.0
549	469.37196091750326	299.3000114742639	234.2422287358492	1118.9094545830292	284.4958843007141	49.0
373	475.86579780522396	289.0058793939908	239.75612542345195	1010.4219108832333	285.0965063844531	4.0
492	120.31367661340735	40.108866818699155	13.12694812907607	728.7183046106375	6.244670413982813	196.0
57	400.5694700987111	270.00167238126744	225.81837170460219	883.448543551646	262.84817637607836	9.0
436	381.5479056251017	262.04904496637386	213.76993626171887	772.3741477513724	261.38699791543155	0.0
210	426.55336752482395	268.88457872511884	227.3843306554018	866.5582583597958	265.5437476621843	1.0
531	53.39753750589148	25.03458691001537	0	643.8626839165809	3.598534432508083	256.0
132	57.26165263480315	21.72533804518926	5.828780551963635	605.6172637827532	5.1918741922984015	289.0
524	26.39038088489521	10.670179873325525	4.628154525014832	344.775276772984	4.613390734407499	400.0
392	395.20203964094793	269.5090058910181	225.11876039176215	853.9097029048669	264.1253438361123	4.0
5	429.0515055904134	273.08117965616793	226.41032597014723	1008.6015450390078	267.51157791697216	25.0
275	99.45714604443341	26.022856987411068	10.343002674358013	770.2090358382139	13.831012514728211	225.0
596	46.19196407500073	21.13061850702465	9.090187649374018	563.9996081896436	4.838917034329931	324.0
361	395.8263856181682	259.33634646190467	221.39137961780386	979.3523698946219	265.57339659946507	25.0
352	412.8402940384534	268.04797418518234	226.52390322232617	1008.8409141341759	267.3490282007552	36.0
526	400.8551156973729	266.4077567639291	226.58756225689532	857.6686084926878	264.7679832185555	4.0
414	61.25712947213545	15.00537236117133	3.7637697292862065	649.9471713654201	4.247943999359199	256.0
237	18.98796208951356	21.61107325068403	9.598502136006548	446.23472995931905	5.516659217918431	361.0
204	435.7108610204087	287.9037146401382	212.07670001122213	991.2667315122638	279.0787104671282	49.0
12	392.44282319618685	256.108236454294	219.68639677389086	946.5253854618194	261.1277439201597	49.0
232	441.89810135910255	271.5847643331377	226.67893003526282	953.3592001412417	263.0722689762759	64.0
514	84.4290757118295	29.66670257395654	8.706355381565375	595.4617984694457	12.821595438706641	196.0
172	295.751022335953	204.1450981980768	170.23665943761915	860.475001641748	190.6656049296995	121.0
174	387.2652695722712	250.50899012212753	219.2575462280953	895.3077293948911	261.91592642650454	100.0
403	100.81304876193411	26.33141550125796	15.538168274268518	775.764516944371	5.5240061670688645	225.0
315	392.97527118422437	269.96358734706706	213.84807840447456	904.4307181023507	266.88830492686157	64.0
44	57.95765124379734	26.68259023412773	0	572.3571224508341	4.278583671303514	324.0
480	383.8836097931774	271.54387300662785	212.9783818464792	817.0409550598746	260.8208280769619	1.0
30	390.7972183380526	266.21187154708804	217.84403186123288	795.1231741557853	264.4942623855464	0.0
501	140.78322184059775	54.36650052947803	22.12985288779939	692.8556594683417	30.48691024086431	121.0
379	109.6686231927593	38.70178022104538	17.37195012860619	590.7865819777918	20.73653198956375	144.0
578	103.80204500661469	32.13996097461598	11.735214465158721	699.9724958132635	6.487520823327002	256.0
533	90.21927965577748	26.237582756775076	14.498259378123041	689.3262416444153	10.910056248882624	256.0
167	101.1121916650667	28.899160438422705	15.791251012716742	779.5764082685123	16.26074383883047	225.0
110	68.57502982650266	37.313053268349236	4.496630595417861	671.942726274515	11.165284719254032	256.0
520	390.716963058584	270.75508407777653	222.91967268676498	926.6344625197245	261.4482735521734	81.0
449	193.57154678726212	98.92542319408096	56.42666666132245	671.991235573792	82.87845445376686	169.0
88	405.7217750963939	264.511373412709	222.48572299597615	964.730721090808	263.30609346398415	49.0
383	423.1136254402333	277.7718938553613	216.41285282377115	902.5804106127403	260.4105642614635	9.0
561	437.28808529665014	267.2554755895501	217.42129468674722	951.3654141411467	263.1786051887446	64.0
375	422.2739150545318	262.14001831173425	213.62293629290747	964.3264840754449	260.49156870094595	81.0
177	84.53210057995126	16.6139260751455	0	543.5373821316153	4.6486566057761225	169.0
424	83.12464649004717	25.183885844828424	8.267844151823741	541.6904996941255	18.496062171560972	169.0
413	391.44157247429933	252.47252513596334	212.35541963589247	905.1395729775546	250.4633787081152	100.0
248	366.92445393235886	242.77579057098058	202.4647082328381	883.1384354251836	242.86813989007922	100.0
491	114.71211277568688	50.319208617611366	27.295451714667884	676.1318722117147	29.513671780948805	121.0
35	68.84319330938446	35.30081629216091	10.830292663799346	754.9138037637566	8.63568352748043	225.0
402	399.3862899174815	269.20651327305177	217.39775873252444	909.8520428305006	260.49700061740486	64.0
517	77.12603867620429	34.040976675974456	15.47581457487208	540.2092581536147	9.584290988381177	169.0
511	39.57026241022581	21.151761372108574	4.2301906047887385	556.0173287389536	4.853313894070357	324.0
290	419.85531983607007	263.75470967298673	220.91258326493485	1015.4551807167236	261.4214176474399	36.0
310	59.983163970659724	27.213926334607006	0	619.641966929136	3.5967329242326027	289.0
194	421.719169838735	260.1562328932595	216.57807533665454	958.2435335271072	260.0364079100591	81.0
519	83.3955815798577	20.160984457789386	11.318346506727094	646.6560511704622	4.258063099166412	289.0
607	378.0976295079131	265.61541396481806	223.14495244043007	780.264920762425	263.8899543113172	0.0
512	43.68714734005294	21.61604273648715	9.645017140582043	565.9584189223615	4.857544814997507	324.0
340	433.6441655692669	272.65077155852003	217.5584569464712	971.1579854022252	260.3470913763641	81.0
123	292.4655323837239	204.70553726765186	167.43841304801572	798.8943223253948	196.59521573711547	144.0
303	105.13748117583197	28.17947707077925	15.854318790489717	786.897889824089	12.43975854041549	225.0
190	446.50255438125424	273.02842937718805	223.26128567038964	984.0713557614984	267.74060024302884	81.0
102	367.2779678652909	257.57027212326176	211.4907853517791	919.5501564337386	252.1311473723849	121.0
569	414.5611102914663	264.1822082423543	224.28718266788258	874.3025043574926	265.2214925556363	4.0
426	410.39470211990346	258.97815458556596	220.65538967775439	1007.6823971022902	259.86092576902286	36.0
613	111.31055790329083	21.198544533822943	9.2461703312691	574.7755378078693	4.87384166149322	169.0
296	121.43790278385399	36.88409160720053	11.069995675455404	586.5264626234764	9.795962097362862	169.0
470	411.8413382337668	260.42182010654875	221.10487188574115	892.4664895985977	258.39790120911954	9.0
224	124.41158562078473	37.9966907196271	15.870523800715919	612.5732643346499	17.990672750928	144.0
236	320.5672027291839	196.83198931502807	156.04614328463157	840.7424831693897	189.83710300376157	100.0
353	407.4137006889844	251.10540569523735	206.78248221587762	915.3839267073579	255.83124263685778	16.0
238	19.820465563423323	10.692804506569594	0	341.8131276938708	3.0	400.0
566	71.37770413026134	32.25228427982802	12.445042715304343	754.6581482650244	6.56746395583742	225.0
632	394.765375113306	268.4217368080804	212.54266321218265	911.0881046392734	258.8763370131522	64.0
448	433.9165142449622	269.91709956973966	223.20941663599552	1012.8231339025352	260.1516071421064	25.0
227	417.4023553827941	256.0522363955754	221.46786798169364	1015.7239667413173	256.69822167981863	36.0
540	425.3947233335283	269.1339515833923	219.8277529188912	869.729228947634	265.56069607676807	1.0
625	387.10478806055477	261.6327598459674	213.10636314556697	827.6683063989336	257.8885485011119	1.0
432	392.2909214609349	264.5122890048662	223.75581799456916	790.0675961699264	257.61689984557904	0.0
221	398.8249960192863	255.58755656165175	211.7635137664601	995.3955930176405	260.48708444668625	36.0
390	32.576650329565275	8.972531211167476	0	459.8788259113534	3.0	361.0
9	375.55336215906016	258.34707276988433	202.78937063610493	771.3602120933949	256.3127698657166	0.0
554	56.56095526486509	14.171644565321714	9.234867038922383	659.5438551895556	4.269616552909435	256.0
26	434.0912398425103	274.2526926817881	206.54335285457324	905.370371352929	255.66850770495617	9.0
22	19.71750026861765	16.002138077558975	4.269963791858217	352.49097392842845	4.269580787661468	400.0
31	395.1575502579414	273.40155064817134	219.56564466634296	976.0225807688191	261.145183338042	25.0
325	402.5756771949255	260.87601846773185	220.64445058070055	883.6705478131433	261.29103631350233	9.0
104	389.15518022448356	258.46458438667446	227.25781405593733	833.8584199169023	260.710987726439	1.0
605	70.83794796565174	38.93185989677017	0	673.1961572995043	3.600130955319999	256.0
234	416.1954731901123	259.6793992245448	216.31270350573845	1018.6852238175788	256.9526196548875	36.0
272	103.993083056148	49.807663007309266	18.897170227370204	653.5634876868595	24.348326098201895	121.0
456	393.33663861692537	263.07673391994206	212.59674180547233	973.3432031833888	255.04539712155122	25.0
2	308.6582212740778	207.34067608401875	174.5294033279614	862.0792451997944	205.35638076232806	81.0
622	435.2636974319898	269.27138301498604	219.3818630916315	923.3070479070277	269.97718855943964	9.0
443	136.21995581602914	46.97138404502422	24.9168606950414	681.4556829003768	30.519236175865803	81.0
399	331.2532084911507	222.66125221454791	182.21782698482716	864.1194730183008	218.85743322080702	64.0
29	48.281915666168096	19.199697610614813	9.823823308938527	600.1493009984804	4.280223305532914	289.0
499	71.5221689168621	23.030262352728997	11.446408879673381	635.6514607946427	4.88100951573809	289.0
96	369.8644073315002	244.62836389049093	210.36677558243008	909.9691661761713	254.85558464005894	81.0
214	105.4829898065722	33.778416496429514	15.702870429531577	571.0221416804201	5.447861438200977	169.0
388	381.7461814511102	262.50279563088685	215.57434156570253	927.5178124300219	261.4675535952618	81.0
483	122.54375880626046	38.88818659526275	20.242708556793684	620.4496512136111	22.144808766510632	144.0
460	34.00981944125791	21.20152032873658	4.328462154195243	467.80311097316826	4.888891741320539	361.0
507	398.72105231589325	263.91145753246883	203.8792224339012	852.7214489988168	256.5562813484664	4.0
120	29.580010761959166	26.182516680255652	0	463.5994128414538	3.6009719246243166	361.0
261	80.31269047289634	28.071223279044826	5.935762610967094	607.2041446231152	4.8865005804916635	324.0
64	379.29010650146205	256.01839115974707	214.24029922548235	854.8650152582346	255.36109767572546	169.0
582	394.8780640779443	262.79534633813597	221.50157343759966	916.4181423303814	255.51476577579197	16.0
137	391.22024089069555	258.9292555337239	216.83791444449676	913.0801624150527	253.8194186618898	16.0
