InstanceID	N1	N2	N3	X	N4	N5	Class
477	158.63207606265428	181.5467138172066	129.81572079091416	1588.4131896696508	151.97160621145	149.67247573668922	324.0
421	770.8492121970802	892.7147496928152	627.9575207642097	1998.0554345772239	788.2079437868622	852.911726963495	1.0
178	20.868463853629112	115.09328066580656	0.5956827402044095	1488.1348662021494	41.92476767462955	30.431946509311523	324.0
576	6.452429098179213	24.787673397250906	23.450448244764594	735.9280388222928	9.637822196111395	16.44029207839949	400.0
387	691.1429145021203	807.6791900259694	588.496084780286	1971.2837684908677	735.9213174749624	761.3000043030797	36.0
183	694.3122484471293	792.1087434497584	584.3531433971975	2055.181217248021	746.039479628397	789.5149983113257	49.0
606	731.7986007613802	786.9771376173942	617.9948370493731	2057.142227412772	819.2365635133675	840.3912023337381	4.0
212	6.310931796745021	11.732938153184799	0.5978067967450221	1385.5490164186347	3.252173604541272	0.509058707662788	324.0
617	642.4461137208992	746.8642552625295	552.8131460032808	2203.8735337596204	704.0144169686524	727.1643602042027	144.0
433	111.65032209014463	241.25444710629816	109.44255824927359	2052.84124764236	204.92190406368195	205.10438232469633	169.0
398	9.208988778905859	122.73165357221163	42.726748488802	1785.1062635081814	62.76135253577557	68.79713576889198	256.0
145	32.13166786230242	122.04290206502723	45.50564215313674	1879.2150720353213	89.97303362608811	126.80415672207806	225.0
3	693.0339122593591	763.6318295338103	567.151947755868	2626.960327347897	734.9508457098511	747.7223403497803	169.0
316	704.8641968328837	776.9075113036062	577.6053468295462	1971.1175587335917	760.6603909623327	787.3879529348278	36.0
153	9.429386566082322	123.08075550781494	12.572922149629747	1747.1284103504977	23.96481438738135	50.523381050958974	256.0
616	672.8346821434784	749.4727370605749	580.2111105538872	1935.5151867711177	708.7714981833072	764.3245420721347	16.0
284	0.3245588235294117	2.982674611223801	0.2454264705882353	712.2633247653321	7.375625055548356	0.609985294117647	400.0
494	175.84174651454646	285.1262444943909	164.7828298725464	2254.634941686621	279.27884229487825	303.9747545690455	196.0
84	11.343485990548837	44.26218520146324	21.75504357295466	1135.0049565939123	4.908615366898436	15.86992390838707	361.0
567	13.567959094902616	102.10269235908055	13.876864009525775	1474.061791525914	44.78106405880841	38.46802868685158	324.0
79	669.0656046109091	750.597035805958	578.4376298467434	2075.508619364366	702.9922124461287	787.0857609407173	64.0
412	36.813616492228405	144.44874259019335	68.16202194332179	1851.5270538300274	105.2344485266601	154.37053800729916	256.0
121	687.458886759752	770.7300193961886	580.4312474397204	2093.038372665072	730.2156348672655	799.0731210231123	25.0
431	678.0889789522903	790.2013900802098	575.2482263551415	2095.2301674062765	729.2396123141264	776.4578756430344	100.0
330	675.0929322877075	735.2124756058355	571.4719542968743	1968.205117905688	703.2717686492982	768.1676247391355	121.0
14	674.1180712093167	766.6529611628278	570.0919659661125	2209.8240586663346	723.6464119990551	783.9374802191652	81.0
486	153.2731506672438	242.34315066690738	148.05679745244345	1646.5909198309673	231.0249776783691	277.3629025355479	144.0
269	165.68973818310258	333.1421242687498	158.0051967053036	1710.835997461599	258.44067546870446	322.3231376038364	144.0
0	675.0299023827833	766.4980743180103	574.6481915974928	2007.3330258078843	721.6087405732394	762.2742539697324	121.0
358	679.2340499617565	790.6265050116851	607.1152897688938	1865.7397698218715	761.930327142449	810.5598575589663	0.0
220	15.38936030865365	27.94246876865608	15.263004410373924	1509.864571367252	17.30715774675818	9.040858086216168	289.0
117	679.523208928322	802.1865993449411	570.5534054226011	2072.6782660870554	722.5684313438851	771.7757196559833	49.0
184	53.96949497048193	166.6112032116287	72.97544443007656	1463.8558781727609	120.8196725956378	134.5408899905708	144.0
586	664.4953020104645	773.7404837602355	572.0719606755353	2049.874616317735	714.6606636860869	788.321684935293	49.0
536	4.744842451510793	19.24481583050866	23.919311995788245	721.8632918301932	5.967358362111378	27.67628752245811	400.0
348	16.687313550954105	135.0346490905468	27.5132365956986	1858.5816206828426	90.08765574202685	78.01297812493179	225.0
103	699.6555647249482	791.4834470567912	579.4595621019638	2135.5129083226598	794.3844787708933	842.3715653640891	49.0
155	12.20776795699755	20.548836040814408	15.779998447449188	1114.9570419487513	14.649517755642128	17.87333306932876	361.0
452	680.778135186363	769.8405817809414	585.3526693115725	1795.9096543322298	720.5656031387196	769.9956504929553	0.0
589	683.1485230767323	820.7722880799286	590.1371050358043	1977.6239524740672	711.746548925787	751.6911612319951	16.0
276	666.36792031091	730.9646646957185	575.4836667538591	2151.440644535228	708.1562528418297	789.7337661161387	81.0
614	694.8047102232496	762.2908491160805	581.6592210950495	2068.600790429558	738.0795482486525	790.5898502169381	100.0
444	688.9843937547273	764.7846453824045	577.0806503362287	2197.755342450806	720.6514898652076	793.5976374912716	81.0
560	8.19853185789753	28.31469793233401	46.443758756499065	1720.3322085932346	57.132696064591244	71.9763802124789	169.0
527	705.9421432896389	780.8846015548138	585.5506473939823	2214.71991742742	755.3048847954527	794.7651008623188	81.0
239	28.3974422867842	53.53464085159394	16.406104757008823	1826.453641805352	24.25942278714076	44.230409415994544	196.0
274	19.44367306243368	128.33010598215068	44.903756657418704	1842.402700888275	84.08618060339185	72.37233761426157	225.0
478	685.7540182889328	791.316662975182	581.2709269653725	2226.9526275022577	739.7030146411142	800.4542692801552	81.0
118	676.9678476845767	781.8016636161877	555.1312654771224	2090.953898527877	718.8565075587663	755.9035524598071	64.0
425	684.4046421362804	798.5191021649892	576.5219425648731	2092.51601036782	735.0299500339546	803.26929112468	49.0
604	32.1818434495373	92.53591350612028	42.838364075531345	1785.2213812403388	57.465949671506806	64.55214518221248	225.0
146	12.101193662364876	19.05176262173799	19.00646721635039	1111.9796823411762	11.688063840224494	18.110649729143617	361.0
60	9.121176219707237	104.80524949139722	1.0964255173354387	808.3711785137606	28.088534529121116	31.9853685807089	400.0
506	26.211599114973236	125.21685567146866	23.90284902779392	1510.1866371220951	53.77230964302109	60.842090427328394	324.0
113	15.167149010484481	42.31461574335661	64.76642387627692	1591.368009677744	75.40459954886676	67.79633076627753	289.0
42	700.2956312624533	815.5773787910513	588.6822277317276	2217.556465584061	756.6739762334579	773.5413685139338	81.0
334	66.15699344416781	174.53156149136444	79.28626352260598	1952.1063092786187	134.03119011646095	157.0706174436822	225.0
298	66.05155833259577	223.56168317837734	100.54310949496394	1993.3260366169989	139.11428167883855	172.23207618169997	225.0
253	666.2690726417737	765.3117047464627	568.2695173042447	2629.9763965992897	714.4154257568023	755.1166623577658	169.0
488	679.3550541724302	747.8001330634046	574.5942693517864	1829.118763467466	720.6497156016686	792.9315006614819	1.0
67	11.227435531629599	44.803934183547014	16.439225850362334	749.7994528997137	5.860437473614786	9.4219324753979	400.0
241	684.2181999106942	804.6629907306384	583.7581163704039	2020.5742466106901	727.2863796257172	769.0783271887316	4.0
462	661.7157597130686	738.9926065239837	564.3109944786855	1833.627093612318	710.6164841102235	762.2750229295118	1.0
34	694.9479886864181	840.8366670881097	597.8739821244659	1978.7660081391512	771.8922162783512	817.6653336363165	1.0
165	27.405836030245673	58.477011211633	80.3954462669186	1395.6172400009375	97.09948109613934	145.33219501459732	144.0
409	695.7838140641086	758.4490774443655	568.4708360734837	2028.246597467717	738.1002866921572	759.3338960229876	49.0
11	663.9716634672284	767.8243016695073	569.2701037471709	2114.8504755942263	710.4416525834736	770.8171771260518	64.0
207	26.29848367187373	156.39848710135192	17.603127837819763	1824.115211430662	54.888968777137556	45.404183205311995	225.0
602	660.8239384759211	732.9733660203179	566.7840273295056	1925.5222779830299	708.8740056532453	761.660752327303	36.0
363	13.93688814640775	42.1598975485185	20.07801180605001	1544.606286487851	28.126092702831745	20.560795249987613	289.0
367	12.523174045071594	18.506156249465192	20.14314026761357	1399.705147766061	11.7424857651493	13.621037855441466	324.0
135	34.92974331463908	148.46114585744132	57.38838919080768	1927.98070645596	114.63285286568109	184.89480876513787	225.0
397	686.5083175680905	792.2716694689217	574.8577456254599	2168.6808472034973	739.5013618691085	761.9492942516058	81.0
271	679.0930938188325	776.0959118047687	567.4589360382447	1986.1051444361674	704.4193554507477	756.5700193418946	4.0
396	670.4643791078668	820.5113803026603	575.4125809260128	2045.9710579506293	707.6179978654543	784.1210171745964	9.0
552	675.4707918236862	787.6870103651607	564.6671283270668	2153.4631555485935	753.3013230511397	796.1606842272474	64.0
518	13.5534579040659	31.551968525727144	15.417066509928759	1422.2583071673125	15.65642661757907	11.784237108048236	324.0
54	666.0635151482528	761.9766453903085	581.8025852850946	2017.8805780831765	762.81048740994	798.0387035494768	4.0
344	662.4798001472544	783.5416093663335	595.7364777604998	1928.513010706272	754.6100011716682	796.510759477581	1.0
329	681.3329771287521	786.4437191746126	563.54244511934	2006.8426306910328	730.2587182412497	772.1626804531708	4.0
134	83.34035095077132	188.46918111708152	72.03198004377843	1327.4590908818843	164.86583642150578	222.05454547205244	100.0
48	11.74503623014558	140.26434337772247	26.269691099204945	1817.2217989611077	38.57071075097937	52.23282630789215	225.0
73	6.8476569057628005	143.8508267558989	4.809159885165834	1940.258730703237	39.85194875583054	34.94719058651807	196.0
98	7.035392536221492	103.15778243187985	20.406223922449897	1789.4699094313733	32.621919902066224	46.22408428748	225.0
229	9.089205929038283	37.83914141497182	9.022196617674986	751.9045507886364	0.28717647058823537	9.022196617674986	400.0
570	43.84674066521483	141.9825171970566	17.568992737558503	1791.7153792840497	65.68917801238962	54.59055409116738	256.0
548	661.1675932354532	747.4628425614522	589.7102961235383	2179.3048979796977	764.1948826387356	784.1779512579792	81.0
169	669.9113286222727	748.7511648503258	563.6291104965587	1941.8827727618013	698.9672839015925	765.9431750070547	4.0
133	662.0326333864266	746.8954870018829	585.3785460701314	2001.4309527484836	773.2720803918545	804.6891821826348	16.0
89	17.52310316158616	24.708160155176717	15.474637926723014	1426.4716023521003	28.498377401533556	10.372398220353654	324.0
21	2.968707132358804	24.464245454756494	24.472468126852878	1145.4232267539487	19.81938148321379	17.183700601003917	361.0
100	1.8053429107716674	7.320588729156928	19.714062374184945	1421.8472150057312	28.72731881694032	21.992551198666654	324.0
256	662.8129366596784	730.8169967495515	567.1847912737836	2191.9256631662397	701.3458864793182	753.4405148229164	144.0
95	681.7970058755507	767.3006238207757	551.6243012214659	1832.9082730651376	721.8705600035993	778.8259330551493	0.0
568	669.0726531048526	756.6414067986448	553.3688001806216	2036.4486954412475	701.5577707018733	757.2498474524691	25.0
189	668.8862167430774	780.304903004803	579.8463730847402	2132.353038716547	759.1401628780231	792.2185172176457	64.0
198	15.217049731768556	59.077584291180266	54.15110000124633	1755.1968462978314	52.224609006841504	39.042135959334956	225.0
612	667.7328874817307	724.8834857414386	586.6263595018244	2045.2205600140276	723.9490104080988	779.7878580312412	100.0
556	692.4291212079984	797.815759267717	586.2248121975982	2069.8470987024266	722.2818518061641	767.2117142369342	49.0
609	12.947652115987458	28.327905985965717	0.4722000000000002	1416.9916597041288	15.656300040767128	3.398225	324.0
475	30.432384788907292	36.22331249999999	0.6161347889072912	1431.5721433173687	29.81625	0.608421052631579	324.0
467	675.7665453268698	731.2846471489705	563.9774601990206	2032.990756932258	714.4241598040162	757.7638594612652	64.0
65	192.66914280933642	354.9049502332537	174.0768887103791	2162.402685634407	253.5087849193999	331.12237327101576	169.0
97	672.9507135740389	756.540286658385	573.3454436853164	2039.0754719330632	722.6263381479883	747.5288458356538	100.0
378	475.6330558916616	562.8709588936734	430.8589335595231	2006.948796152412	545.4425146917686	591.2051125312149	144.0
335	33.98525443537301	151.2355756116835	25.05437511013088	1792.9007310466875	69.459933865306	59.11797870595083	256.0
562	12.515107505786249	119.59903247043093	18.431589027490787	1620.714558975754	28.789061857994245	45.93868542022807	289.0
295	691.9611723207054	786.3056389649553	581.58626056478	2012.3510783405573	700.271514412156	795.2854754531139	16.0
326	665.3615496957054	772.0793980596537	574.6851225486676	2102.5166575067433	707.6994591236598	788.8845217999789	64.0
195	33.62919029544053	35.60811906290226	1.2067988099315121	1435.8215776393697	22.73237415209328	11.301816864295125	324.0
446	669.7685066732062	804.6086607925345	563.4442714423757	2009.9633384679807	711.398959021252	770.6539503897687	36.0
251	672.6629837856191	760.1531338915515	570.8627088271496	1805.5716500010737	706.5392881599981	781.0960920332834	0.0
338	674.07064971678	744.4787264043015	568.2751185115218	2053.887356817958	737.3496755959957	800.6782315285494	100.0
285	685.5831960674931	724.2041680129386	556.2948074798643	2002.1720575282245	729.8599639346074	791.0285479291452	9.0
171	655.8153725752629	747.1228935203578	559.340942212556	2010.0687240225025	719.4051425759308	758.2659613074068	25.0
201	19.87094099111063	39.786916330708486	16.87610799271589	1698.4749464875933	40.965114697493206	14.835961007328397	169.0
297	6.194508545966411	22.18995835889368	18.673002757605012	1531.300595650406	13.978465228845437	22.673175953597564	289.0
61	654.4994202213153	779.3773049681962	553.6350424586653	1883.1480132025897	709.1276761521563	750.1559331972542	1.0
125	8.819891313881014	109.18302783606366	26.970401087672197	1897.1330064456597	27.84245296897189	50.571684708496385	196.0
243	9.184006384959172	37.55756792547444	16.00639082784801	1154.6006514501737	13.762679508333324	19.01736851591132	361.0
245	46.10582381768848	120.61734523891738	70.899437406674	2017.629769715754	131.5532963563718	208.0839196024687	196.0
430	15.931198984957666	32.68585790303805	19.696638562192245	1546.1640430315515	12.923286242590212	9.165502150189154	289.0
521	693.6191209021242	797.1453518649489	591.0416052485706	2052.09222238002	758.4421884428937	796.5022517504369	4.0
385	683.7395592634914	810.6490320168807	586.6993525559493	2014.0179264961005	716.7991837342654	796.6184988731429	36.0
283	5.899265722343023	14.492737586198595	10.746672102370885	1529.1612967551832	12.882828157937816	4.340248734689635	289.0
406	654.086797117802	756.457009151001	565.5947936135148	2235.1923716089714	717.119920585832	762.8417367255886	144.0
119	644.6571870171127	751.649258859258	552.0489119114862	1999.353328651971	693.4119957399449	743.3101878442767	49.0
597	652.1069155709318	749.2921333111086	561.2437611312139	2032.6719634131887	706.5214335094469	784.4003687698383	25.0
196	16.066795541844254	22.786980649767933	18.636591109550228	1726.0051456647127	47.707869680963306	20.991341475973233	225.0
187	3.7444780849855572	11.787488566502983	15.010711928149282	729.1048160111915	7.691476942944057	10.166127729193494	400.0
543	11.76166759452139	116.25496337512327	42.663734622695976	1668.4509269492437	73.16542068746217	72.38247989200634	289.0
539	609.7176751406663	703.3116937069486	527.7782487895267	2704.1824231942605	652.2392696372935	691.9915353980753	196.0
223	652.5997731145422	731.8409606797919	570.9028672471092	1988.8947154039345	702.2664843543685	754.5986234140089	100.0
535	663.3068773592319	778.1604608504311	562.7805329823042	1990.2767594108384	697.5062531851873	740.6318714399775	49.0
249	27.172740389892017	35.17505122028191	16.30857919819822	1148.237138010985	6.174658140415291	8.020089397983735	361.0
191	4.8439849499765835	96.29593879490396	17.635999435142576	815.3168607234554	26.17966660636136	42.6345562150088	400.0
628	652.6963156955978	756.9169184998046	586.1429772615035	1995.5160821475165	752.401575223125	791.5576964816597	4.0
393	664.3532562948693	781.5073424729343	578.5601686650955	2087.1271270739303	713.7418779840916	752.5120596706529	64.0
70	665.093132284103	785.9255546415052	562.0698160223604	1825.6787088869319	719.4445204056458	768.7630373897803	0.0
341	2.1856964285714287	17.34073531330334	14.740420715134652	1528.0261212025978	5.7349258355622785	14.536112296658146	289.0
142	651.0980743273238	804.8863146350793	563.0086412383035	1985.1311069163976	694.1913126984168	771.3620375444215	4.0
180	20.12218066435359	145.5797820319174	46.70472919781816	1848.0782848806548	98.54961990216005	105.99794207703934	169.0
498	43.25492098426064	126.2239907400561	70.78064217783373	1883.6087533764826	128.49279360272163	199.96419153531141	169.0
90	673.0459964504976	766.6494324975454	571.4800877513186	2036.143374608231	715.088616117119	800.6426656815881	25.0
439	184.9438235616173	292.1920896554637	176.88309373008613	1451.936874560481	289.51878011871383	331.4096954758511	121.0
574	7.642758870034515	37.214084288858	17.92516418231401	1436.335122349655	8.547672205245908	11.331389292637473	324.0
257	26.501951530612253	49.509086624784274	28.086285876065055	1158.2712563553875	26.110377031751437	8.64491980318625	361.0
304	658.5275803766613	747.4883439313662	561.5079614746653	2139.9282541278026	710.1910119797286	737.4936369246848	81.0
124	680.1967667071737	798.0264199642808	564.5329543526648	2085.113467865679	756.6937089497949	764.6133954010959	49.0
547	660.8570934024917	794.4705059285377	558.3460669685941	1960.716793818119	692.9528032910157	728.8479233369317	36.0
356	34.81544365871323	60.66909966837847	15.156975193967515	788.4240881404594	29.37701175280888	18.356782488480224	400.0
482	660.3064284561772	770.3583777141753	558.5318252516557	2179.671752817745	756.6050780064445	812.9775058525972	64.0
384	645.4310048476367	767.114859728244	538.2953696821265	1986.5659564111381	690.3767449393479	728.6718349134004	121.0
419	7.731103896103896	16.639052681189778	2.127000862210655	743.265527783029	17.83928406288095	8.66237334237234	400.0
116	27.08057849814904	94.0697088346977	57.1282430778129	1876.8025635167453	98.82094795009695	132.86080009380626	225.0
571	648.6261080229854	753.5562856847216	567.9886631939936	2003.5715975545236	699.1889328779126	771.8862757814559	25.0
603	664.641103538335	746.2522984025399	571.9510767681065	1985.1845742454896	731.2091257269963	766.2774217844469	9.0
138	671.218025705588	793.4636292084069	548.8670890836345	2068.9561193742293	717.0845844278186	744.4759538426011	25.0
311	6.601875000000001	13.473602801862556	0	1134.1218052769011	0.6419291907514455	3.0729583333333332	361.0
140	33.317158249823166	74.33425479948268	79.89267076139193	1975.4674667047984	115.55683933161328	156.17207827656662	196.0
168	673.8825470339386	775.3796518933768	569.1441034458562	1953.0476741029463	715.7718213022637	751.69431045394	36.0
247	664.8945524721853	727.463353296914	583.8308586579905	2043.2185308885203	709.8298877447638	773.9297706363558	100.0
16	5.233461369566193	8.944956218444839	14.263348891961398	1127.4827600052056	6.769989790932676	7.9750223856249445	361.0
327	657.8417167170289	772.5884725059985	567.1395398639532	2078.8789368510047	706.8630627172237	747.1425639216822	64.0
630	40.995214059248234	148.56478358564786	84.26979284350178	1901.9211325872548	127.74688691616069	152.27802161688595	169.0
558	2.707137781896818	30.747421805733634	14.856761606954267	1556.9565743165074	21.423298309127627	9.553681785277812	289.0
40	663.4487352847591	762.1806779361685	565.9425347723538	2053.479106126713	705.7434060384701	783.24961642437	49.0
350	25.523388392857132	29.676019419307956	3.0904811154201095	1436.2195247624256	6.7948095937867325	1.069178292435404	324.0
262	674.0749798534741	769.458552653963	562.4217072174788	2025.798323434523	706.2723506086644	778.3488790873145	9.0
76	655.6122520807776	762.7297322510574	559.241901703525	1947.5200197547172	691.5217503695912	751.1698975836242	36.0
590	678.463323951783	747.4915957483862	566.6493092416895	1969.5207960035027	718.0641126878922	789.3150591094386	16.0
179	670.028863615726	773.5237843113417	559.0349299657736	2000.465237777394	696.6862973528264	767.6831921878266	36.0
301	30.15809083242209	105.13912784282886	61.73743984134737	1433.4278536868671	90.16808986523033	118.84634341271517	144.0
553	10.258922413793103	26.347311247824504	0.2589224137931032	1736.0529354425157	27.437578453699782	11.779449681139509	225.0
479	6.585074404761903	16.48067020688584	12.901429742645897	1143.770702410267	9.673183656629242	13.201459159586085	361.0
429	678.5345465134518	764.4386251122447	555.4503050615521	1798.941623231643	703.8001430758502	773.6035751898473	0.0
592	669.7177753182001	809.5950943801128	541.6297249544525	2030.3137214426704	694.8544015831178	770.8850216914153	9.0
225	649.2530335736681	749.5296884981881	546.0613733795072	1981.5490009771106	708.8673177044677	773.9962650455981	9.0
457	665.4660080469858	752.3703922861968	567.4533886738191	1986.8517248352362	692.5054553958483	736.5890197437956	25.0
317	654.3435253539127	763.4440852322659	537.1079166489841	1978.5014647214914	716.3796349837437	762.4566068884549	16.0
267	687.7748968338697	770.705573008833	506.456982129133	1779.5585727297018	699.2765008870191	729.0315994207318	0.0
328	166.70621636964236	329.99946240823607	146.8265219788441	1522.850231917268	230.3434640512418	295.3677938953233	64.0
154	647.4217548523101	750.4457093760778	539.7162823465324	1757.412764763074	681.5507044132985	714.8608283927961	0.0
131	0	6.376318806298524	0.4071597481964184	1411.4180201517713	1.0508659476573352	1.7052348484848487	324.0
584	14.951746686303395	39.824344659236154	19.883652066358767	1843.4780872233453	24.237218711824806	8.906344546506965	196.0
27	655.2988764186565	760.5452064122613	558.6562679610419	2113.327411202172	691.8280322699202	771.8876887263765	64.0
600	645.022262963242	774.1354538150694	559.239940734349	1818.0710105518613	693.0100728970301	762.6455573543931	0.0
523	14.924190684697095	43.578424178668016	19.48423002565313	1716.9071377149019	21.634615953884307	21.114813483034876	256.0
529	13.079446209926989	116.19915973945369	21.798284488896773	1782.4971601365658	41.535429114657106	63.31184443227522	169.0
38	19.23753472222222	120.84522596347777	0.49524999999999997	1819.013385054249	20.414195081908424	38.50155973492159	225.0
45	45.624289214027584	145.66704685613155	57.30784164060575	2012.739043333498	98.47367302448191	110.94411365001099	196.0
557	669.5057879723585	784.9148318024351	564.9917446016664	1885.6855372263828	717.0578985634309	780.0395404199218	1.0
349	670.6977682899093	780.8092121348864	565.078910404152	1914.8348646541144	749.2873014404723	777.4924430884928	1.0
346	652.3416691458627	798.4110653195539	547.6556735476524	1791.128135732364	669.7016682141607	738.9712234970677	0.0
489	661.3894970284929	785.0953082144144	557.7146552603012	2030.133016086348	677.7608610838228	719.600043945847	49.0
598	32.487188247978736	143.05403252628682	56.391600599348216	1238.793970526622	86.83151246076409	143.72988917350662	121.0
263	639.6890941367292	743.5121424170172	519.5808493084228	1895.0708683670505	672.683908706451	696.3941188371708	16.0
226	150.83735784835625	254.7174915872763	142.69226229035087	1616.1363883007493	280.20667431302144	347.96460816434956	81.0
321	645.7635052073183	739.8020816053026	546.6879348623636	2029.6224939563463	700.5904153284649	753.9656585309415	25.0
629	9.52199144788401	12.823088491607662	0	1138.172533826976	5.544106912144703	4.903125	361.0
126	644.7960404018595	714.3190887964417	563.3594950497042	2017.08550220423	691.4871655785442	745.3700287075558	64.0
91	648.0182049698799	745.5274054152684	567.382347939187	1896.3430234188602	749.8368988467066	788.5925213473005	1.0
265	20.49229897321954	140.96782742140928	12.527949933928305	1813.8523136694666	40.2355524695468	64.6727159992249	169.0
544	53.04741487475526	191.27139849074942	81.94901582929552	1315.9147927374624	161.88807305916453	230.2344589189407	121.0
459	654.489565991909	750.2812282001684	555.330627145186	1957.0698810303893	712.446762857541	743.5374852718821	4.0
621	668.3718825446467	755.3455141660917	546.542395424979	1965.9736311287245	687.362547456188	757.5198354826282	36.0
266	645.9264306262537	736.8869135877527	550.9624423334992	1937.7557549894402	683.264767647762	741.7028242411263	4.0
217	645.5767699660056	759.8212161419517	559.1776995776479	2033.6776032132882	687.3216542703914	772.3671301918513	25.0
401	655.9469102860271	754.3687564687648	516.5498975079382	1698.895630420914	633.1731575917391	668.5432661041017	0.0
324	660.7927186163739	793.4153802451378	503.6751518557152	2022.5430972428783	652.4217067928563	716.9683746069934	25.0
417	666.3791005468677	741.946942748595	538.7707363705769	1917.8623537924943	691.4786457904354	717.4008807340963	36.0
308	15.776249999999997	33.037232277006595	0	1734.5154227031724	4.844900489861017	5.036141872796973	225.0
445	52.74812018804171	90.33904270150313	76.3405437728141	1276.377735590534	126.91111910844558	234.27811750298451	100.0
458	650.3263890098576	737.2110209245376	560.2826013248136	1777.2813302984123	691.2311159478899	766.1743762053511	0.0
376	661.6553434551853	795.1900260120076	562.7312694885109	2067.0237983034394	722.8755648100972	767.9031245927846	49.0
371	671.4191570138332	727.7977016177975	562.4746176852491	2035.093902771612	719.3132414475203	800.1804022624366	49.0
312	680.2408101884818	743.68795533619	568.6627059374583	1959.1342730416977	707.9262860437298	791.4979864000275	36.0
545	637.9910551151778	755.7823504499146	544.3679722368205	1860.1499606684695	663.2476173129248	750.7291706681527	1.0
504	652.9979387617336	788.6729364255871	558.5783340904502	2069.1907365188636	699.7187161815452	780.9833207213197	9.0
404	1.99125	11.752479042181983	1.7878405172413787	1532.8591687834057	3.509335344702992	3.779090517241379	289.0
246	650.5588143261738	770.2391571461764	562.0777214523674	2029.8297674836488	701.9309367161915	743.6170790924488	49.0
420	4.624806562578236	33.33234229390514	39.70903299339326	1736.1219173912093	47.965632223737906	48.77019108712003	169.0
206	659.4483492363734	736.8525926979519	540.5738773149903	1779.072241581131	680.2695060575974	753.4175706435399	0.0
231	10.834597338935575	22.777462638830215	0.8116666666666666	1840.0496098489875	7.828636105135449	4.181212242797412	196.0
546	649.4678669613419	730.9830414321997	525.2267272883486	1709.227921160123	658.6555864600141	697.7053402110082	0.0
490	643.4430680466961	767.4252773718802	557.3411848584118	2082.8636603969153	691.9133750581233	726.3668429654778	64.0
25	644.3565326512985	760.3350640139016	556.7490282124144	2131.7859682675603	693.8830770814699	772.5750630179225	64.0
320	650.5521828455343	761.8887123848364	537.3942899441598	1996.9855922607953	707.9796729974366	768.3336477810677	4.0
62	5.1094082696809195	13.726007029745341	19.069696615830818	1678.1091969181102	4.775384610285233	12.912821502297046	256.0
77	656.5587588874234	774.0831983884108	544.2598218521676	2007.700906334538	698.4750316867368	760.6075433952016	9.0
455	5.83842511942081	6.477976554827509	0	1133.4049715346134	0.6395514354066988	0	361.0
626	18.6624911790696	120.90390352840983	48.09841633993908	1836.2769535050281	61.60030909648831	93.42651955108057	169.0
216	29.17305292814525	115.83298215994787	58.44935619226484	2012.9578985408716	102.95035892750477	128.81246627965115	196.0
438	55.2502063488839	216.67558639203773	83.13028454718093	2016.8004663570832	120.67136210043425	169.7755471859333	169.0
581	548.655788093588	636.9667345412967	478.5932817073534	2091.431708858375	610.7587121385656	648.0530446194	144.0
47	651.5639557551159	749.9234263531392	551.1369651632472	1970.5181628503722	700.6300819266346	781.8193275732953	4.0
83	641.7404336861034	729.8554886606388	550.7538254205134	1969.7897028739724	687.4227131641634	776.4537605490656	9.0
580	250.91341264580555	358.36517927296904	212.3640508706052	1603.1361638178853	343.8870380090272	379.8379299931874	100.0
78	644.9344796865298	740.4683974535367	546.1845925799646	2039.1913465356688	708.1741104400569	793.9146667989544	25.0
391	61.07303322458174	86.12442562176132	73.19377419322572	1204.1282956096657	134.91040168640626	223.26596804388444	121.0
585	645.0731922794218	755.7420560519367	517.7958078507261	1818.8713129513253	657.2584136585589	705.4197338089987	1.0
468	662.3940836981044	732.3526371774195	545.0192556480883	1760.2455022384102	696.6010098280414	700.3566468147562	0.0
525	648.6245479721965	767.3778759241653	539.1301313845283	1997.0730467473297	682.7720795018729	762.3903865904529	16.0
333	673.2614830395909	719.8076312441468	528.4328160189448	1993.5292522572402	678.2516952418995	726.0088638716115	25.0
147	14.757604189044034	111.92016903327705	48.454578187477686	1421.3046864564446	56.469815789436545	70.89934089219385	144.0
382	654.5014020407809	761.7267053486097	547.8911893505834	1872.6831517444352	714.177263672083	745.5625544824973	1.0
306	17.339233295893454	122.24890560736536	41.97169862949252	1208.007246799069	70.76722486266453	76.58246901005805	121.0
555	0	5.981055508104244	2.5078100909111942	1132.7424646738655	1.8402550452213948	1.2850967708094836	361.0
192	668.1192536109266	767.0064545637548	582.0187407766659	2148.7791768513534	760.0156728754508	824.5020356652624	25.0
594	16.248177083333328	20.08039365737714	0	1432.46938395605	2.828991650031647	0.5796759259259258	324.0
71	65.56915686424506	178.7811804635304	83.65084726664908	1976.8675862438695	144.02727399336726	227.3238008755861	169.0
209	447.3034755700089	578.117377773497	406.0584313828152	2038.8888368130365	534.0798240081189	603.832652729968	144.0
286	6.452243230657397	97.82683254402026	11.190543843977618	1521.64707183799	36.29246276386775	38.96928388238854	324.0
92	654.8397285114456	729.1825401518178	557.1201531075122	1879.6024136504611	688.5004834232672	763.1221439585314	1.0
63	688.2371543086509	766.2088075459719	553.8131374073369	2098.905625499082	720.9783929062324	776.5831832868815	25.0
101	652.5910057101679	763.3371820928635	542.530860607031	1991.11541853681	692.4348427906849	775.3640546918847	4.0
157	6.249030108817097	113.07439325813098	1.7591452205882354	1653.5750192588685	37.91728754874298	32.31672264225645	289.0
279	11.860696719406697	63.029130453402495	41.08805052944688	1742.000730657185	38.35056473771796	26.731551866550745	169.0
579	640.9471430235167	731.478996535789	546.4395093458123	1807.089304094004	709.7601998538107	766.455301659266	0.0
473	662.705877035613	750.777868359466	564.2226252870166	1966.9419499265214	701.511103575889	762.7730893319539	16.0
182	653.6787460281239	757.2741786981887	570.2459474443369	1820.4431801369944	748.5105572384637	769.075827148785	0.0
240	9.386699209122018	124.732403233654	26.164781855457157	1450.1778766315842	74.02812786838753	77.89377392403563	144.0
565	0	25.07614566406822	8.434592863028294	1437.765111508048	2.1945	8.434592863028294	324.0
128	646.4297940053576	754.1906339435773	542.61648379646	1989.9363739924272	700.3812655393874	780.5750634623089	36.0
534	11.244376179245283	134.74610006739914	35.11728708323912	1472.8522066466717	85.3560226111226	81.70744154932852	144.0
233	5.494514411027568	13.301259014822834	10.582276441217743	754.3938179358667	10.42502969343624	6.185972785914678	400.0
450	666.5261825735774	771.2749038195153	555.4244326724169	1977.4863691294759	705.6332276038761	760.3228360960592	36.0
441	640.7572501998579	774.6034227995829	558.1055522732922	2067.102032051927	714.7301680974607	767.7689556455606	49.0
32	450.655908666594	597.0210395775632	401.78335139901884	1797.5849391550055	529.3092705220462	583.7730241200893	121.0
537	17.21342708333333	26.70020744308117	1.0802745684769386	1565.5310616878114	16.977978173392522	1.6407584394446804	289.0
160	670.194882529485	766.3866539663037	566.301043526105	2014.457211111966	716.6008380172391	772.8328834761624	36.0
200	22.182246503037874	103.24305378264958	46.5588596232418	1971.6930606672126	85.16796751673719	87.83135652230591	196.0
395	8.847053571428573	32.88294703894126	0	775.0891233383802	7.942900759395143	10.682158395370351	400.0
163	654.9950209308372	733.9127510955252	561.2237551995224	2075.7842704526997	742.0936013838174	779.9054636884166	100.0
305	654.3478748414744	755.6607410328837	566.0388663484492	1864.1107048781832	697.0061395104909	751.7075700958336	1.0
541	49.666073998109724	198.07430060879403	68.05211326056381	1990.2104737095456	145.87800745636426	225.2152103548731	169.0
13	13.942005910004688	120.85030638415803	42.66660385009185	1962.2118508531862	63.793209708650636	69.01431568911622	196.0
299	1.804154676258993	31.63088266367957	10.655706292565906	1455.1679197270626	15.868216557368722	6.783500438897676	324.0
162	29.813333333333333	36.20347619047618	0	1452.1316196822647	29.813333333333333	0	324.0
106	25.46023870670541	128.77275361926704	12.39408403491904	1810.2671395212583	62.12813329036312	45.41498982862734	256.0
51	652.6593111118717	739.8018578964338	555.3559992651483	1933.129779208264	697.7166245691221	771.4686374550931	4.0
161	644.2976106444754	747.997410414113	558.3578135296109	2042.712126759806	707.398976935658	764.6652508471186	49.0
244	2.5255923864882526	6.540041970776301	0.8438235765027056	743.7681628308791	1.4206234748857667	0.9870015667585584	400.0
415	18.191945481048243	23.981235040505297	10.663359380860914	1455.3216877786372	35.415969655443675	15.823205094616164	324.0
502	66.80270574481423	188.66127989239172	109.08280690086093	2125.7082549166175	191.7107564135862	214.29038176677196	225.0
493	644.6892181765559	744.6945073380998	540.6153669585102	1962.330061586584	707.2495146274512	755.401993387924	4.0
277	659.276067738635	742.9314686878423	549.432876662938	2165.92064067572	756.8837757222196	812.2511749581546	64.0
447	656.7689171327128	734.1603261546795	558.1710016395183	2013.3779387367929	698.5678169795565	732.6750097689655	100.0
222	27.828845531876944	125.45525674547996	49.27873074108942	2023.1738695190916	81.93995518696497	101.33025621731682	196.0
52	635.3561489210736	766.2466817526965	548.3344888639789	1983.721519084159	682.219069265158	742.924988525149	9.0
464	637.2581855002516	729.1030065454593	551.9996323770326	1845.5184282159246	696.9922506056408	751.7230527104226	1.0
588	49.79367269191254	115.89072515839185	89.6670817495385	1270.6272832798481	148.12502673218398	238.0433892355595	121.0
599	14.561860137304013	40.69578725020553	32.27508516670232	1889.9398679855842	32.74358016531779	23.97279059965826	196.0
623	661.4924371609452	722.823350957347	557.0322566291736	2178.714639444751	705.3713868420936	766.2465662546849	81.0
59	658.8849350432192	724.3733705162635	549.1332187910257	1998.473223904055	716.7449475003222	750.9897296129059	49.0
620	16.69251192012855	33.06661234164612	2.682352941176471	1716.5207232555956	21.37510335676317	5.6096339137767774	256.0
476	642.9216431249276	764.2710434707452	548.332891052747	2123.849158567743	697.8010746217321	775.82496532635	64.0
122	15.770000000000003	22.151906249999996	0.41764287970800473	1156.2374776185172	16.187642879708008	0.41764287970800473	361.0
474	651.1576877591251	776.0971234988597	561.8200036419811	1981.8205265152185	694.8790442497074	747.55231450491	36.0
440	37.70368769084012	157.35799749859606	74.27246079347077	1951.9404279799312	129.7687286342179	225.81091666237856	169.0
466	669.9878003535567	749.3226042742893	547.6802379511679	2117.8275636255034	710.992794129897	772.9849757313308	64.0
211	12.75344204800581	32.7728854591563	20.27206745276461	1773.0923887341662	17.633014553458672	11.20022410372249	225.0
46	671.1443182383215	797.8571656708738	555.0808478354833	2101.680608372677	708.1498701316933	793.5695057111169	49.0
510	11.42197508147692	122.71128090498466	11.464613927541695	1854.3357998452311	45.545044655273976	41.516223313792544	225.0
6	656.7057582905107	774.3588682934516	553.2331367246499	2068.552669810622	700.198151048451	778.7924558325465	49.0
381	661.2666939671839	781.9928374207462	565.252209143844	1910.3886661351817	693.7656457502417	748.3148584217747	1.0
23	2.523415179867993	7.699915139302398	11.542459858636263	1437.1710261744015	3.877981514618435	6.3263007492834715	324.0
472	15.413362286440753	115.19797531489087	9.781338614391178	1258.6153765507638	32.82399879228371	45.07653645405542	361.0
141	651.1134679615255	775.1357341895543	570.9405309146534	2051.5274158267657	750.1414263039724	804.3243675171311	16.0
618	10.54279647993147	36.58858216161617	11.576093599401943	772.8951904029941	13.162768722297047	23.35192861217402	400.0
615	5.213530592911019	33.436412177934024	14.277859763835766	767.5861537788664	3.9108696956408435	9.019599378666758	400.0
362	645.8370603344288	713.3832166972314	552.3548650393184	1986.5622482793456	691.4544573561136	749.7680043194421	121.0
374	635.1351475071799	699.5998889973187	549.6163699866532	2103.4026698005327	677.007564712011	719.0607315208223	81.0
508	676.3204722570283	783.2743898611901	565.2422330973343	2090.456798298406	746.3603832976622	783.3287320055888	9.0
186	5.324125	17.8041790155247	0.42375537594413804	1562.9894070142145	7.106856502148712	8.32230774311719	289.0
369	631.4209555066817	738.9417404933386	543.8433704248671	2028.4739747790766	681.4709489015379	748.8311712757452	25.0
41	16.476952468823686	44.193358186505584	10.317893971878982	1786.4125111820185	34.331324930724264	19.542366204961585	225.0
416	4.477006663873403	26.115330617846762	9.754954641060053	1467.4811050062988	10.522010406456953	14.630120526149527	324.0
442	642.959118508084	757.394745259887	551.923477310154	2056.9765879465795	695.4781809412807	774.9089555174957	25.0
281	656.020393322284	758.4498112040644	548.7921594766201	1991.7170145058165	679.8490774959063	719.3052704996528	9.0
292	676.6488123766711	785.910889469596	560.9249171052733	2075.365900350796	692.1869473103702	780.5277702541695	9.0
422	642.477160979944	772.8742880672737	536.3499722108094	2064.641957736548	686.8414297414945	755.2415427277203	25.0
400	7.795454572655036	14.50756173481691	15.716879292948867	1726.863059091855	20.058135333231064	8.876821727100996	256.0
300	15.638670601690597	38.99855842235483	0	779.6431971801164	0.5799493558922697	10.63557892747011	400.0
314	668.5886633948688	779.952601464767	559.5032815783684	2010.724417087792	705.0058611293048	768.1985380870713	16.0
342	669.6153778737381	734.0838208220528	546.5213159338095	1767.5123659505218	678.8992176914992	719.9525243196033	0.0
343	6.130450198530414	34.60531453171413	38.595698446561784	1722.2764607932081	16.694143148932614	18.385538272928574	256.0
427	657.422662045586	713.9612287276942	558.0741445231009	2121.8432192312303	749.9024020997057	802.0820991412018	64.0
75	640.6660574583619	753.0343698680634	542.0153243921317	1797.5163817835562	677.2727885388865	744.9626735384402	0.0
366	19.582673215320927	32.54270118360814	15.704608428105532	1740.9206876617359	20.054400862477593	6.334770946310189	256.0
37	7.454999999999999	13.820875	0	1164.8062424464001	14.134900071946142	7.454999999999999	361.0
208	654.4789702986799	760.4203359970317	551.3654992032807	2091.4309638807426	683.7066105360964	745.1142796044383	64.0
357	633.4216390835132	722.0114141137678	553.8894485996	2146.1974051540665	686.9466111668917	730.9669151041948	81.0
434	661.6753946841243	735.109287115866	553.4774218106887	1951.0363035891821	711.9407463053785	767.8348469564132	16.0
389	6.122502949331007	12.902266581121102	11.415349421172488	1453.719289556219	10.418268021116546	6.924000171192657	324.0
282	662.3749983745307	754.4172901391748	569.0569371036491	1880.5320191140243	699.0776087248848	733.2830316739412	1.0
595	652.0168470562619	727.0340558862521	549.6828698072519	2040.702577266102	691.6881793221569	740.0159763441808	100.0
522	15.474767702904431	133.35912176921474	15.034046512895598	1988.5771627410838	49.81636656135496	56.076806168510814	196.0
250	47.60656981284312	137.3153770187779	61.913241995077016	1934.3995261345597	119.60666335232588	206.8458453847685	169.0
309	10.457461768223906	109.60820569835428	11.437748002289084	1550.1289204513482	28.99537963815961	37.051596159810806	324.0
485	676.3801451299541	779.3500954380976	557.9285463710924	2174.1638086963276	733.7492088287883	781.1223317172056	64.0
149	633.1053583297905	755.8796504707823	551.7830633163086	2087.5399994995537	688.1621015483057	735.8854556848531	64.0
481	673.1479951957642	788.6113410161819	552.0138151785903	2009.0417391408646	703.7253298801298	741.2472783792172	36.0
611	637.4138481886524	769.5651536773206	560.7937471380009	1964.5927670148847	697.106487773415	736.5163143255444	36.0
372	4.0	21.645294371345038	0	1711.5463801049448	4.0	4.606913580246913	256.0
188	659.6563357623764	728.1738565564527	540.6224706404637	1784.6054154469516	682.9637834490717	734.5193081082049	0.0
495	638.0772668930844	735.3521069218011	540.8200460443096	1960.5176323235464	686.5602147992875	760.588078588603	36.0
453	649.7415346527034	729.0836330702449	544.3111804114278	1873.470679947174	690.5655271887249	762.9991672623739	1.0
307	9.621862456155869	37.091116984327066	10.988087754420983	1180.3141703233873	3.284951429725277	5.880143763448075	361.0
170	575.890217362272	712.5802276735955	506.3066689761488	1966.2278455257492	645.2105435406673	722.5487417876203	121.0
505	661.1340643099726	741.4057723591667	539.0781678276609	2055.7070573267815	692.5228042765002	751.6730611370732	100.0
370	639.4556276993841	749.1299585321202	553.0142587017722	2062.2671586902616	700.6861294949896	762.1012410733398	49.0
542	8.081913978325568	125.50966382053561	36.028305963954296	1466.9445300534992	69.94795941972781	92.72609027526907	144.0
497	632.3470227136261	757.7737740001667	537.4093074012836	1837.3509812037785	704.971790108075	747.1823256675673	0.0
563	655.4157782899109	778.5676546417419	521.4498321626369	2025.8151544493185	683.3669263983146	746.7920792603254	9.0
68	663.0215508090927	760.9362926278885	524.84235207322	1820.2802414614139	674.0579767127424	696.248231623336	1.0
43	12.390405141189941	27.856522620652107	10.998502219671938	1768.2744184936741	19.959884998388723	19.65333353302133	225.0
20	665.1046934339596	784.4699600878389	554.5206693953045	2123.3926148836117	741.076085360147	767.8003483188616	49.0
515	14.02572551843469	40.84639567100511	15.309601398947295	1739.633888803668	17.998325359027408	15.971725693335069	256.0
633	669.7569889508394	718.8236749803488	551.447837156497	2020.7125921112618	715.3798870439915	760.243323798325	25.0
619	661.6936932568719	715.5703595009312	542.251757066452	2091.9937739232155	693.9237587090264	754.1506184184942	64.0
575	18.762880952380954	126.94639326359702	0	1877.8656394709	42.474396140561424	42.89515227560361	225.0
273	654.0701995972717	738.5526802186378	550.4104386468875	2203.06905055356	693.6132673298413	775.669742645195	81.0
351	645.7763979877548	750.8660918812459	543.7437741230076	1972.7007255570772	695.3336647038893	742.8929719363783	36.0
500	643.9584153289455	731.0848689067966	558.0899344889082	1959.4894283440258	692.8165261432673	761.1751527104741	16.0
280	683.2439439522827	765.8966723338098	538.0311461936121	1997.989469038672	729.8908487303397	764.2586143333746	16.0
583	646.4652081504923	779.6684406404273	548.5456106648687	2002.7526272280347	694.6462239710538	767.7217304904209	36.0
49	664.9880023666335	726.0834059912046	528.4345296801733	1811.1791974573098	697.1089680606705	755.9998292223512	0.0
394	0	6.353227272727272	0	744.2600965902527	0	0	400.0
136	4.34895231175381	16.15776966151859	10.907146061394569	1459.0530763557872	10.749827475740938	5.858196204629214	324.0
109	658.2644923997343	780.0727347373138	551.5002006976179	2158.6860050415958	741.9293626254674	789.820292257512	49.0
219	7.020270670310812	16.997891770022402	12.671670714587677	1580.9280242493141	20.76030921585056	7.625258941220009	289.0
173	653.322094566093	713.9817926187609	553.9764436826007	1957.1854522051444	705.381909064291	780.657026437492	36.0
69	8.030104166666666	18.15058803480382	0	1467.0477109500787	10.052272985595284	0.5958045977011492	324.0
288	642.9229340763255	740.4482257181353	542.9821906176632	1788.468954884919	686.0251175257234	730.6242632619214	0.0
564	644.7097692816792	751.9420516449123	555.5800041825893	2201.677414629048	679.8045716097782	756.7917301873398	81.0
405	659.5389931733455	761.5614741391927	557.1664888481071	2228.0525302575115	679.2000876001522	771.7501436768448	81.0
80	650.0909430222247	712.0915852057827	547.415732797425	1943.484020256903	701.0877692320779	765.0820355452931	4.0
461	652.4228118266204	765.0256404229146	534.198490376909	2046.6366609771048	692.8750418076576	744.7591106727609	49.0
144	24.624674041175723	140.63568963365927	75.72246138050757	1334.3102841389496	120.62990122958647	180.93959461486244	100.0
205	679.7802928385898	765.2203470584182	535.9806135331522	2022.3763805845995	728.3205646405149	738.0331055092978	9.0
313	78.50705299760924	169.69381380709532	86.86042747891887	1391.4878889912284	154.29091290918652	247.84513251430724	100.0
166	654.3075671016373	749.3210768244667	509.9909699733911	1953.429011987007	643.0968174066142	713.6242779933099	4.0
8	657.2008218689726	726.3660660051631	519.1257182053766	1912.8053638476854	674.8021245579213	689.0067099345507	4.0
255	659.8090050081814	793.7748988729614	563.1042463740615	2046.2792527982792	708.9396465880432	778.4313386047246	16.0
258	54.718701864432795	197.99384202906154	93.5946500662466	1414.3848228951156	156.69746437435998	219.6575991367934	64.0
151	4.949934250387716	11.093259505899923	20.500473377480287	1320.6440861782269	29.275849604673045	29.213007665097724	144.0
199	16.12250879705211	59.38039215491557	32.94478495671347	1140.7708517210372	59.410324534566236	75.9259920601631	121.0
587	34.68688225965865	170.55220441114693	69.2365639494578	1381.4757162593896	118.88929824176407	232.24963149133526	100.0
53	652.0311341019197	747.2700887563393	532.829696681282	1999.4872555692516	673.101405362548	761.6504280241463	16.0
252	4.273144756533004	13.542027382902763	9.390038224937607	1740.6888344943065	5.818620750177601	6.889376360236094	225.0
99	648.9556228285754	775.9710077304941	551.2028866802946	2091.444402460229	695.0783378364264	762.2095411038905	49.0
410	659.0023006368053	787.3219741065841	547.3464540327429	2021.334482819319	697.6104134229695	738.6748178874367	36.0
465	47.18563138534924	84.56037057513451	75.39101503318986	1255.3682501810374	126.47140322532498	204.7399125832092	100.0
437	7.974724293348146	20.631813691640858	0	767.9739404644589	11.096664604300718	0	400.0
293	686.1978235314293	772.6980362521108	530.8214852970924	1897.1126605371242	692.1398065892006	748.660413894014	1.0
105	641.884904834567	740.5131477280094	553.999865504715	2029.6987037838414	677.9144933175631	727.9539068458581	25.0
50	663.0657289737075	739.1473017384185	533.7456306795477	1818.1798891983426	701.0231022579753	749.590827494719	0.0
572	639.9156839758075	763.5996391236675	502.45924459074274	2015.2659018095362	658.5266695767209	715.7474033067955	9.0
591	7.057261040251776	127.31706429379534	8.329133154288513	1840.5312509612438	35.079497055278665	58.97576842727796	169.0
193	18.103142941444215	106.60505295825622	10.85202594806914	1854.782536769668	54.35224691862137	38.19594217533384	225.0
435	12.669840231949175	103.60456451439225	6.607901325056486	1960.2310775525502	37.639876060751746	38.74982114256443	196.0
260	479.22769970561444	581.5798675638199	420.115896216016	1833.807528385287	572.919349062561	636.2621324090223	121.0
318	11.989925181295956	15.496618726527824	8.352451905026564	763.2710938758945	19.932119955898646	15.055717169052963	400.0
454	61.987121124946334	174.6907510236184	103.20853757032233	2141.4712599296076	154.94607268471273	246.8952014961943	196.0
624	632.405441135636	733.9755214874647	547.0568573043174	2060.926133693156	683.7550364023391	769.9161847668142	25.0
87	16.744032115607002	103.68177252907792	0.8336604832629513	1806.6420935306269	47.79314364988096	37.61196821383315	256.0
601	15.129999999999997	27.444991128007224	0.40143600182092354	1171.2817851191414	15.531436001820921	25.60186694464296	361.0
291	642.8681161765226	736.1622728681384	545.2704076703978	1955.3888949745547	674.5727043279525	734.9294844412523	16.0
111	0	24.818288141025658	0.4024188109417497	774.784677549609	7.917148665265923	0.4024188109417497	400.0
302	0	5.464205665024629	0	1149.247910098708	0	3.591445924764889	361.0
19	660.1404171413851	764.9164471153624	546.0677700992258	1982.2556190199632	693.1900432235244	721.2962246477138	16.0
287	653.3598477639179	775.3973209422091	528.906627119402	2009.4869040960787	684.9795288750267	763.0700928984843	4.0
4	12.458374999999998	18.8091875	0	1162.6525287044992	0	0	361.0
66	632.2471667821495	731.0279040142768	539.7479137639166	2246.892228098306	685.7399496555073	723.5421244722512	144.0
471	7.213268701694733	108.28313462068098	7.916026340769046	1247.8514491331857	23.328950626486037	35.15560110291867	361.0
289	632.8012295408923	746.657114340646	546.0977498173463	1973.215296076083	674.1579731495524	768.1302615727519	36.0
213	635.2436260634332	732.6770715859565	530.402571468244	1799.8247435171404	675.2661685090014	739.2127401891368	0.0
528	18.444456268537888	21.965639620356875	7.927798677897617	762.3707092648789	1.7382940062679118	4.388747365248451	400.0
380	6.00820097330609	35.27994730483022	26.2484988344844	1577.9645059007114	18.77550412537853	13.965289660833767	289.0
428	45.68396823181012	80.72023856377284	77.98388152944692	1874.4107661549303	121.12730570635676	204.3747513655851	256.0
158	24.233250000000005	30.5700892857143	0	774.33596092464	11.802499999999998	0.9425	400.0
39	629.7770783742245	703.7933880766498	538.7457204458707	2769.1772448479483	671.3206951771697	721.6107068707681	196.0
36	32.06920622620336	36.19204857426822	7.542819896849452	780.8289432735463	9.43023204834879	4.5623526948613105	400.0
156	646.8450747036896	724.1056236048714	538.2348011580316	2043.1064613753192	671.1512463760321	754.5932535717094	100.0
24	652.9099657054832	745.7843845978825	542.1501961662159	1786.2243935616805	684.6005606155484	738.2805643256161	0.0
108	12.644354546367971	27.390158263459977	10.682107420725051	1582.5721406527591	8.921492542098806	4.578808300675072	289.0
635	637.7266293440937	735.8866016564198	549.2056444611994	2213.939376222404	719.831268564506	747.0678747568378	81.0
152	645.4593421732213	730.5740093129657	542.6150988417268	1858.8054442829982	685.5171987695743	749.567454180366	1.0
377	651.8613918109289	755.2057825490664	541.2808578441046	2142.5613350654194	762.0936097856387	809.2015919544356	49.0
559	4.0123935486809685	10.313271693327913	9.786064635484799	1047.8799476841064	1.3474802369903882	6.672984589081086	361.0
451	631.3499295563809	669.0467518416859	524.4843941870353	1828.284128884649	666.8401360317932	720.3821414996412	4.0
323	165.4221833805084	264.6762671521974	157.41794856070837	1586.6135004896544	247.21708539489623	308.5671988454023	144.0
337	8.755183387973394	121.53664250622057	7.124865275762893	1711.13374386409	35.15152783249553	45.4945731196832	225.0
484	622.3743000608051	704.3354801942153	509.16026924148696	1724.6435968096932	657.3321208900157	703.9104965752838	1.0
411	614.2723754959216	699.7491413500583	518.5242540525699	1829.8293394737962	653.0247387455998	730.4123751637931	36.0
294	46.793431626099874	207.42431663372903	66.09633507113847	1262.3688211627443	139.73007805396173	214.55169821980766	121.0
345	14.189572867809842	29.07703284656842	7.147907276364993	700.6582126968639	6.142354982061317	10.226719422423892	400.0
202	11.354139574586714	25.72580649663894	7.156835367629976	1571.1636246224336	11.357099048161405	14.596351641504164	256.0
15	630.2232591179329	692.8938241945642	531.1415192040696	1868.868458547669	653.8980889542677	710.7837851479055	121.0
332	614.8712501792912	682.2900068179263	529.5375691068431	1642.5222699445014	651.1487510287302	707.7770072937531	0.0
268	28.3241284102691	116.1951120746803	72.28108990626065	1739.8234607818135	100.30289588335413	131.33477408212744	169.0
114	607.919601922019	682.2108125747519	517.9911879047264	1874.528873975645	649.790918475255	702.8314704997513	25.0
230	604.9116051248595	695.4294463723759	509.21666763001207	1810.5275736515082	637.6262843342017	692.3317594918476	36.0
264	628.9304264681674	678.722867787297	518.8568877103031	1805.94924871407	667.0581572411656	719.8287795461382	36.0
355	620.2704985423152	716.9429119286372	524.9530636075746	1690.3995971999932	636.2056426626332	702.6162634235307	0.0
503	19.019340615143168	36.859075475967884	21.26919043777612	1591.7200858348576	23.044989787304225	31.340210295436517	256.0
322	604.0885944103843	663.6795380385115	528.5955724185624	2006.6159887591398	652.6401395897758	714.3916750274682	81.0
112	635.8585348951825	724.3315266475412	521.6500183224863	1894.03376095744	665.0746986136529	709.9408029273252	9.0
593	31.187221810519294	149.96938697417437	12.897434210526312	1847.9330301004447	34.00543206806873	32.972588296872225	196.0
278	614.0502925839354	673.8463537897327	525.7994450831605	2016.2611504935946	657.220694880509	737.1797970339552	81.0
218	612.027697077168	692.9470541676595	506.95598391347744	1646.8057916428875	646.6082003677823	687.4790121906606	0.0
347	620.6090057399813	729.5393031116533	503.63093920878697	1840.6419845027067	618.8930435885752	684.9210926649262	9.0
259	619.0848774788827	684.8919697970985	501.6189777848678	1858.1760864833843	618.905073397823	658.1863309856294	25.0
360	635.3445834080654	706.7271646875422	524.7299662466049	1836.3558177614827	662.3265827391581	746.3348307449708	36.0
228	1.3485466518499276	8.232595281790942	10.693592260658729	1562.827423608528	4.261824365601504	5.427544827708105	256.0
82	612.8788333662256	704.9942741561631	520.7594685740365	1817.1681119814298	645.8406231157544	711.0133661791922	36.0
368	4.188413806208661	22.354723013565163	15.053596685912847	1063.5290257690824	4.703848760137243	12.564931292899743	361.0
18	624.0956034239624	682.7204143840628	526.1051913240182	1959.3457456093167	665.2931948960191	743.8791935521501	64.0
74	629.5247325019687	750.8242276587181	523.6880991161272	1900.9687126799693	662.7062169822462	737.2418294804611	4.0
203	31.121053905925102	172.3375362322009	36.57470626485043	1765.657613910355	65.51288797851147	71.89510834919571	169.0
610	624.7988478827303	702.5681110043924	544.9279143632647	1797.014366282047	705.3538393101352	736.5111181090813	1.0
115	629.7787081548804	739.5461098748318	530.9692879187404	1885.5577939516518	677.3370324157381	718.8692102553456	16.0
10	13.774999999999997	23.27890855626785	13.59210835998353	1599.0531841914546	27.398172025937917	40.535079205578704	169.0
418	10.173900523507683	36.48363160665888	9.405034719271132	1084.3404146441474	14.835413486365322	13.314291439701242	361.0
608	618.074741145367	726.5854403713053	522.8611161778405	1885.2945469386661	667.0299305653969	710.6745819132697	9.0
636	622.1697164599397	671.1349273810175	525.041068510891	1944.3379009719356	721.2365987434034	764.3969184638335	49.0
107	28.837584564888104	142.01063930306805	9.414661505787244	1725.194519067119	33.81123907473415	48.301434093923454	225.0
530	16.379520197414518	102.12352816308841	32.50408160431179	1827.2086138996299	72.85560485004305	62.74410628062561	196.0
532	610.164916758168	694.6594035347354	521.2523654980636	1656.5572162317844	653.5530216908369	699.6106070588093	0.0
631	622.9833331322094	693.3379363538921	515.7635327437891	1888.9841049539598	684.845008203991	724.3852610882375	16.0
129	604.5070595833972	740.6574681015495	512.3490711373074	1858.2499974099649	654.9673671197049	718.8632757745631	4.0
55	4.117127243239258	113.0827262419621	7.219414009707233	1808.6783698368627	24.46415560744561	44.687261528682114	196.0
538	16.023939395028624	34.285326515109304	6.7132280661367245	1473.659083320988	17.933744331333564	16.017755016163633	289.0
627	609.3164684012914	710.1524727122035	525.1249014577833	2037.1101864283182	673.1906849134219	687.7979851096178	81.0
407	618.4809511010252	687.3906215121713	545.3354915235511	1797.5433392340979	707.0122210292857	756.9908388764051	1.0
215	3.3698944902012977	43.14767216648706	0	1617.0189272804587	22.859690724912358	19.885801206570275	256.0
175	651.3321795588059	751.578636028553	515.3711416296733	1995.6022138532423	667.4164445695236	700.1516223660681	64.0
197	45.92877555599114	81.417613869487	68.61875081259002	1346.665742737141	100.95497432872118	152.26090320007594	144.0
159	10.006379232822717	104.27453096929287	14.46723814739129	1705.2939970522173	38.10529394878195	41.19686185356357	225.0
550	620.6829625886274	738.4368984214344	527.4103371280676	1693.6541795427204	642.454639337087	707.3928101671825	0.0
58	618.0179871540674	687.2542242188963	522.8986876644678	1886.7943547444054	676.9071139873673	742.6195256962997	9.0
242	8.193783605749276	35.25575658391722	6.704924756571517	1083.2934247830879	1.6068783921177165	4.3727016716853875	361.0
254	617.5880946402548	694.4173154190472	521.905123281314	2057.7232686401	673.1176127290126	734.837229575855	81.0
164	598.6006272950325	702.3356030734731	526.9213247140009	1744.5316277332527	644.2292130963449	701.7144052853171	1.0
359	606.2407203668638	726.5799776103981	513.1438614819484	1942.6772347458023	678.151995542261	740.9927246234126	9.0
551	607.1462402925222	669.3894826665129	528.4823923624547	2005.28922103644	648.3474877360785	704.4043079637178	81.0
150	14.784375000000002	30.512637799564263	0	1083.861708338617	14.784375000000002	0.34848214285714285	361.0
364	605.7052754133258	693.9742892221831	511.3316063879673	1858.3518020906715	663.584994912782	706.1061942858461	9.0
331	131.83830613092223	228.87115802137393	125.27237508025743	1396.7978790668228	240.10177251113103	305.00065380969846	121.0
139	16.809724249381432	111.31252600884216	6.260134652384103	1714.7764053165863	39.84635003254184	53.97064736343444	225.0
336	5.451645770667342	89.10855643939891	6.265753054949854	1537.230252551945	34.766214247583264	34.26778953365022	289.0
86	1.4244242282831152	101.4161646279388	14.16709700941838	1551.8492094371784	32.36546115347473	43.714099737179446	289.0
487	619.8445939123428	690.2971010954282	522.8788207622796	1840.4592976026424	650.2894089600373	733.3106941424141	4.0
270	626.2768211656199	692.3681651463206	512.0719272590333	1667.9895250020566	632.2000862490155	683.362406613185	0.0
130	632.8820352832453	730.5623731345296	520.9486147454522	1993.457974340055	724.389596936897	774.244012019896	49.0
81	54.16768048615592	162.4453547367308	73.76764797415314	1257.399192117652	138.3775362903141	238.1742726243626	121.0
513	22.018229833199577	108.83664297212572	44.42496067311596	1329.9188712576563	69.94032433276388	104.18138965000946	144.0
577	107.95370900082283	243.6814435815624	111.56909385607352	1308.5955372693327	200.9943787093909	255.80930635480055	121.0
148	610.5264957208974	691.1521194509675	508.666989566663	2043.3180669583128	636.9260987760033	696.6319490706653	81.0
176	600.1458864491412	693.7501498905955	528.5043544780607	1767.014334425416	661.345717564815	712.1468170186968	1.0
94	20.04005952380952	119.14067188694713	28.930951122144535	1740.2775274670696	86.34669414656015	60.350986351515765	169.0
319	611.4960961312764	698.8599877364236	521.8875963939736	1886.5307381096868	651.2015242612478	709.0018090429024	16.0
408	602.3667510076913	729.8213520294061	530.1755648039137	1892.5371605387843	650.7154056484727	737.27053500957	4.0
56	594.4551166228092	681.4987075242833	495.2166894850069	1805.4968193262453	628.1252884256145	672.0949431338098	16.0
637	595.8329096826538	683.3302990221347	494.8768696967553	1823.3443450472714	628.7795672399202	684.6535865616463	16.0
127	627.5309919926331	689.3157697093893	549.6862815049325	1919.8861018182865	715.3720040760716	775.7403827415475	16.0
143	15.580552547816033	23.216854477515295	57.01407919976735	1115.9943311547197	79.83302085952208	102.96643092139885	100.0
509	612.7669444628639	689.4566697518752	494.37873002943815	1660.409973628468	605.3956050451814	685.6373787794308	0.0
386	599.906419224561	673.7642917953151	483.6767453425234	1636.706226436451	614.1658184441286	679.5172452089712	0.0
7	16.228208333333328	24.273437975267626	0	1460.1539218826363	0	1.2146074380165286	289.0
463	618.0085717430054	692.022165866397	519.5516003727769	1871.0838982549913	663.9927592597996	733.3681642696356	9.0
17	599.9726498350674	669.6277425716476	509.0667944991958	1816.695075335126	640.8934801728291	712.1399662747724	4.0
85	7.908928571428573	19.085830630002427	0	706.3750736943911	2.986344170290221	0	400.0
72	628.0116417023927	690.0411613583394	519.2341096668421	1921.7783142261533	669.3766576334741	726.3132092761808	25.0
33	2.8684307210450415	95.83613268789041	14.742260384766507	1808.5338965122814	28.255718084115347	44.50375204843563	196.0
634	285.90351401882066	391.04575626054947	256.39624932537487	1551.2302518401548	373.44608007940064	409.07128062951693	121.0
93	0.9218265468222366	88.68737592036929	0	1805.7066376730595	31.123750727523742	32.646445827738546	196.0
185	610.9994590821373	718.419451742227	521.1396890439632	1873.269738443638	650.016049858024	735.6573945740539	4.0
181	597.3173431410045	717.2291194198513	508.66861323286076	1701.4740030795158	638.1385199515929	697.5583793709802	0.0
235	612.1345020562593	669.9697419738328	511.09789820631585	1919.5222892239988	653.9520967459606	728.1155861338904	64.0
28	375.3212020404689	493.059780895134	324.57059253158224	1823.9812908527092	465.4224620405792	520.0862509162437	81.0
469	2.532513202495238	21.9387705452451	5.791793919423967	1473.926103585264	19.06030303122768	7.9646161993844915	289.0
339	605.6433622449515	667.376807760625	527.6456537381725	2030.8614169577424	694.5837521024752	717.7221581904315	81.0
1	606.401155640362	729.2109440976024	514.8529256911321	1941.765721026666	662.8260423116958	718.4091913335492	49.0
354	15.284213887898247	99.42354586861438	31.480549086855454	1713.745058419179	86.5466503684595	68.7850097581634	169.0
573	620.0935613396604	732.0982525427048	514.3788110953658	1898.7523458454664	655.4923936500313	727.114668810328	4.0
365	608.1461327552821	672.9684682159298	544.5679332628227	1926.186964887314	644.1115812659244	744.9095227204094	25.0
496	13.565853766997492	94.42395862738755	34.44127682953834	1339.7961901608053	86.0363282660213	77.46319051931316	144.0
423	25.890177866909173	47.50932800402366	0.6001256806564126	1654.2398127531126	44.94971782473883	28.589390758862024	169.0
516	602.1509890324089	684.7143105883958	522.9908190354536	1862.673006227508	662.762144763918	726.0420357706753	16.0
549	614.4199499766655	668.3528240748897	492.2993875060168	1808.608429950582	613.6581538220173	652.6486518847323	9.0
373	600.7783886700568	685.2386093493069	500.5146254049171	1854.1115058938556	633.8629255067625	718.3095886053334	16.0
492	624.9542228960788	710.2201684589241	521.503563433344	1933.3045469636013	701.2850403454765	742.4738260173908	16.0
57	19.7916943272895	162.8295752432156	4.866282928648989	1743.2537332455538	31.820486924514633	48.41771995399118	169.0
436	611.1271367353366	685.6901411206594	484.05125257779895	1788.2831387669717	643.1446258023839	649.5844573464145	4.0
210	622.0789213740828	740.050763752445	523.4460516907349	1957.6346426087136	659.8642401922807	734.9737645204679	25.0
531	607.4076796816212	727.3356748750409	496.4672692120454	1824.6409216702	613.6495206656122	653.1780834292304	4.0
132	598.2236571964432	658.8510329525409	505.86201177108046	1617.9281438713708	643.1523234153846	690.4771465826183	0.0
524	625.2877534283447	725.1105415610248	500.10964915758996	1824.532154189304	667.7887633422137	713.0168517461007	1.0
392	601.2351369025564	686.2641689276475	500.0981005339619	1855.8275552867897	638.1822260124907	693.9066954868664	4.0
5	0.8792523491578731	11.281047438190091	4.429246128555196	1445.024507141336	1.1268196553600152	3.10369262302014	289.0
275	604.5132190516334	728.2464676281027	535.1250307722645	1983.8845756498556	714.9178262312279	771.5792425836266	9.0
596	0.44754553905067507	27.22610043387915	4.119669302824407	1361.8834525497396	8.415076629749581	2.2316362145891127	324.0
361	611.7988906437295	663.2224484259327	518.6521003344344	1819.9867160809483	656.8826965493718	728.9664535649998	36.0
352	1.6488566031669487	18.997054013888206	0	1737.2558097876597	9.067849057165567	13.16441071603435	196.0
526	624.6986927876085	685.4800580205228	517.3569112305416	1844.6966738633623	658.7730029992504	706.4505090043806	4.0
414	621.3738560987301	730.7504840636349	502.13951805590415	1799.0466575820324	639.9610555910921	723.6299116493758	1.0
237	17.468634991481842	104.91519262702674	3.5192259345000956	1074.7351990616096	53.461803305213486	64.33159095222443	121.0
204	5.772065540752351	113.96101673310191	32.85622547167654	1377.0016778457011	67.93270384179716	91.1418110752329	144.0
12	609.1803893223291	684.991936910282	516.7929942857401	1684.8029334640153	658.3489820688422	716.7755140752552	0.0
232	0.8726762196441435	17.843036048431546	30.130418544153798	1626.457592769576	30.17101293810593	41.5224579522698	169.0
514	614.8249707459472	674.0571523087042	511.03790207982934	1896.7519625208658	654.1415945591333	734.2888031769689	49.0
172	0.5403556392767759	12.129735857125967	29.101434779966617	1753.032685606273	29.338443227512517	31.1902716698451	196.0
174	619.1898377408409	722.6654504892773	525.4108025965899	1959.2758468550628	641.2945912920122	717.4646442813929	64.0
403	0	11.364399612169432	0	1470.0985231910852	13.893755259706158	9.369388714733537	289.0
315	604.0066837339648	695.2131595548934	507.67121151408384	2076.3797982402352	655.2750098268709	711.73084051684	81.0
44	608.0566940887729	693.0563182239235	535.9406570060995	1911.0687657350236	707.7289048993186	765.016358637298	16.0
480	3.182586777107981	37.39043786430007	2.6316386554621847	1663.5196646600507	8.623004754446962	10.75145903767608	225.0
30	603.4452836197399	704.9487587175279	511.08429508498455	1946.3162006400353	661.7832354074993	739.9015196094762	49.0
501	0	2.5509593301435407	0	1063.5614979638092	0.6785909090909091	0	361.0
379	605.1016949993351	713.0019552233176	516.823283829959	1914.6477009716464	658.5147956921553	709.1694711198526	121.0
578	608.4766795485122	672.0579714282771	522.4756071848369	1957.423342130342	642.0816112323541	727.7618369818074	64.0
533	598.7770406125003	708.6139722512695	522.707494942177	1978.6267083193045	702.9295077447593	746.4143009723472	49.0
167	3.527289478442945	8.370911447989188	9.00828603779264	1342.0270122659354	5.58282266285182	10.221356701393935	324.0
110	29.155660163973273	112.07381467794715	53.33123788517033	1931.870526800634	106.41218921089353	173.30661597741866	196.0
520	7.128571537837827	86.45856493255287	10.18398520581671	1674.1081714116692	40.487629573674866	39.192867730388954	256.0
449	34.81991619578372	113.0803153029051	54.775475216561425	1818.2045379461904	112.85134730057372	170.97541136306657	225.0
88	602.5773669267952	693.4192365270709	521.8550637466819	1847.4480672405446	641.6247991118706	724.4191818864446	36.0
383	612.9310558031019	680.035259817202	519.1528841269557	1890.331209497336	642.0291016447796	697.4487167606719	100.0
561	0.8682614242444258	22.667071722879992	11.935428823090987	1615.4893128790577	20.237420073602678	9.036741440357702	256.0
375	5.444094544192395	114.42617240399188	34.626815249636444	1739.205293833139	64.79565501307454	61.75252519909918	256.0
177	616.7277567230337	692.5386491592385	529.7006120439679	1874.426686720525	665.4348534732061	726.5662667056722	16.0
424	619.3120623037881	715.847150217902	521.8255695176136	1890.5197162032368	669.5981390136859	728.7986084571675	36.0
413	607.1534110189805	714.1728743785079	510.80705952722894	1933.5307746753906	683.1264553107175	754.1336745168194	4.0
248	6.419729696191757	103.97020428243493	33.26226508378008	1863.8023190517092	64.48232088670885	65.68983700145972	196.0
491	613.5558128955922	678.2613351465989	518.6866975944922	1999.1926149312324	645.3808820584616	697.3117903091155	81.0
35	622.1340520541207	723.8880392736613	506.9995040529153	1914.0509103342265	669.3382028554915	730.6318338144372	9.0
402	10.855090283555384	124.99975835943565	0	1739.2990313548767	30.86732092221822	43.8651469457971	225.0
517	617.1541176519394	667.6482437808339	521.2054459492272	1872.531582410108	668.8676788741424	679.2629118050455	49.0
511	17.977620030941676	41.41585675132877	40.16483216594562	1687.2137382229675	53.93007625844723	60.15575501393605	169.0
290	82.85925601076653	181.91753961749862	103.50911914230296	1286.2685458151177	168.65675063119937	232.0880503020638	121.0
310	9.971474739697372	60.820737833110734	27.92544061409901	1677.9600330091685	47.86626609548376	27.058545028080815	169.0
194	614.5609799936678	716.3219447253989	518.0781719545704	1945.5872170932653	638.5160641507736	732.4896088505521	25.0
519	0.8710808089633629	4.6552169547394735	5.686444991747375	691.9693587036145	1.5677324204678678	3.527880889183271	400.0
607	594.4393367926908	668.6483527314268	513.9994036970895	1940.892806171985	643.0152265089129	706.340985485313	64.0
512	603.8947447756138	677.1620121004221	509.80343462139444	1664.961032701625	638.9180048766024	697.7781820104617	0.0
340	45.52396989590193	137.14213034378122	63.00246424975415	1441.1091053842474	123.1240415118125	210.5571212168768	144.0
123	0.8712687151843247	17.449624341739945	17.64694212377696	1757.8134717047758	19.68541088749855	14.770051382650992	196.0
303	11.200643078136798	40.79753190453049	42.392059404698685	1694.3817462032287	52.86615301329258	32.79592909702363	225.0
190	598.8401505871959	709.0811695012098	534.0275872913683	1763.6543181186044	669.4228673859222	680.3221773522489	1.0
102	0.8748011372357556	26.972706923401674	5.7150651033367375	1087.3429673476344	1.572172602575029	3.54276780603944	361.0
569	0	12.569556959604427	0	708.3988063213886	8.061191368613812	10.024099727910167	400.0
426	12.522553200140578	97.17280191275886	7.306128186740423	1551.579100206302	46.23893245116363	37.14188217301022	289.0
613	598.6874038642939	682.8992381275874	528.0506515848384	1857.749351156935	637.78554372817	714.2765033750289	9.0
296	596.2093540586991	701.6683987749245	517.8855070277989	1925.1334040275449	657.3075727595572	706.8936391672593	49.0
470	602.3519862401924	705.884971575504	521.9271084723463	1930.3043453824528	638.5326024498336	735.5990048961061	49.0
224	606.4279724334605	679.8211563136915	521.142861437219	1878.5091455522168	679.6992678294197	727.6444662471825	16.0
236	3.526244285282065	29.69993706613088	8.763553223632636	1091.4811127186447	1.5585335189709144	6.595811153515775	361.0
353	591.5628994688843	679.9623462005685	512.6096001918878	2095.373267574153	633.9584511125562	674.7531584189212	144.0
238	620.0579750157306	742.9169894075112	518.3123128215386	1963.924569623337	658.9692277519362	710.6052183203949	25.0
566	0	24.49797439983445	0	1100.6455782436205	7.3980227424157405	0	361.0
632	615.5136996713284	706.147733914813	517.9362109758372	1746.968964103527	637.5447782622621	705.2688746922177	1.0
448	620.7182954131947	699.8625294635592	522.1329093967612	1866.5415272987752	635.3596408609312	681.0532237614347	9.0
227	0	100.23180665718918	1.2962479338842976	1555.4126165436412	20.637610713456155	30.636155355824926	289.0
540	2.991253511835748	31.8176216369389	47.62934837112463	1688.7254105044703	47.32155679273213	34.964507368430745	225.0
625	599.6944099035122	745.3287072304787	531.3442974493274	1970.2620866104312	659.0728958166651	716.2194182527543	25.0
432	48.70033429785695	111.76343286730128	68.50230800472829	1825.002021109587	107.25021761111749	210.90300571845975	169.0
221	596.1923024461383	684.71847909917	509.625823421029	1779.9645162776153	636.3841311650582	678.7300194777376	16.0
390	607.2425239472675	709.927926734812	517.9814348898473	1762.3324974773134	657.1969452992305	700.0720440873367	1.0
9	619.1434348964325	729.3115617502198	520.2787343650688	1899.334960676202	676.5412688712611	711.4968832228183	16.0
554	0	2.7311035602646854	0.42058415032679697	1349.1926901574766	1.1149785602646851	0	324.0
26	595.6684053294578	719.1066687566373	511.3789979668343	1703.187411614568	637.5453536990863	702.102721071342	0.0
22	604.535015064742	674.1836014396416	522.9922901162175	1918.9212034441816	638.348085843464	682.1677870746429	64.0
31	614.2303091522176	690.2432033757293	512.7560444815101	1801.1140243049379	646.7809106413229	656.188035279666	16.0
325	14.18348557972076	148.0606415474843	18.173259714729596	1160.3202681521036	71.3177067619874	78.26328352072711	121.0
104	0	11.42428860177552	0	1084.192928049667	0.6850451807228917	10.73924342105263	361.0
605	605.100262250278	671.0008478188166	519.6366412019812	1917.2273248709205	642.6945680652234	684.7585211200452	64.0
234	598.9823115123254	663.9532385681171	517.4502915190028	1834.8398084648215	657.3318044840677	694.0170089099237	9.0
272	596.5793732048492	701.9956270833754	516.0286989142826	1959.812814639012	637.4229953214434	682.1726586296749	64.0
456	5.713442233367197	20.45492737324166	5.212396002544417	1652.813992828997	3.8500206526249787	6.113799418233588	225.0
2	168.48018949599322	313.97757458744354	153.97596122794198	1437.5456488763111	258.5512897219059	294.29184356746765	121.0
622	0.8604484380754884	10.849589673459572	5.214372704670224	1475.5209679573607	9.100053344371085	3.5102836195979936	289.0
443	608.6278284324346	713.2427220573625	516.8761877063453	1711.0376951477228	656.9109345735505	690.1301069224999	0.0
399	0.8608270030736468	6.674898054979503	5.2156927559024275	1355.7730803953498	1.538522555336617	4.077599613045284	324.0
29	612.545964142401	700.8449999620443	535.1345401231551	1954.6596780739756	636.9024183030068	718.2444191597599	100.0
499	603.66772269078	698.2629257210201	518.8778578680442	1807.126141876587	648.260335837497	681.69185236661	36.0
96	610.5057214421686	699.7680977539309	520.5201202586551	1835.9307130992881	636.6738069564855	703.4973449846358	16.0
214	5.933640376408125	17.30143014577536	0	1093.4646409260456	0.6779213483146068	10.68986842105263	361.0
388	22.22395168066879	123.91670016141822	48.69838611510828	1941.2326578251361	94.62021652227011	117.23406829915692	196.0
483	591.0246500827161	690.9566550871151	495.2228351154651	1819.8297130739845	645.9507170851989	692.7182434667337	36.0
460	593.2804657645323	660.5611632930403	503.679587749936	1844.398943444904	634.6574531882045	682.337567999616	121.0
507	601.0340029081539	722.5272886050558	506.8922836131132	1918.8149312105497	635.3376177897975	719.9641600365101	121.0
120	599.9655783723401	727.3627282107278	508.58308597003145	1959.1759839050355	636.6237627855281	727.0448562962987	25.0
261	10.09169907126298	35.1757358638822	7.880545629216746	1490.5702314571101	3.801814933934889	15.532483204034522	289.0
64	17.1042266146557	27.12233966753659	5.233138755190388	1490.2677094195549	1.5385791477967183	3.520874604246991	289.0
582	274.3973448009398	373.13118676360335	246.69985646526638	2149.8057639716376	368.17051737616947	396.3696713225941	169.0
137	8.61743895657209	109.06183128621907	7.892681809983049	1722.2491759450545	38.63615262656112	41.28484998271611	256.0
