InstanceID	N1	N2	N3	N4	N5	X	Z	Class
477	6026.168415359786	7069.7295856341625	7978.991561102064	5331.679261955868	2451.1017255030943	13972.43997118962	19483.084665691415	5.2
421	5545.740088132031	7737.752307813202	8362.276798732046	5142.5014152285985	3074.1863638730515	13497.586385922756	18097.061521562853	0.2
178	7954.913282697229	8926.964320757601	9684.206523939883	6414.953951287947	2970.2533818178094	16213.178096630832	23227.276860933875	4.3
576	5827.851472046545	3940.562293774594	5208.090086377151	3544.5227515549113	2123.1613453270134	9229.277032575716	13599.024213424182	2.8
387	5906.967425264222	7836.126577246238	9067.037133873597	5617.180940580566	2660.854270798254	13862.908237696634	19058.565101884436	2.1
183	5570.417521942951	3984.16673822447	4551.893147086654	3614.765747707579	1820.2685381436613	7766.126306484108	12818.467139722596	5.9
606	8739.868753583653	7086.738540770501	9052.407585463736	6275.06174500614	3510.4558150644143	15845.301532296555	22320.481646045748	2.5
212	7301.917499941866	8170.32788154235	8379.125912303845	6119.811637689336	2884.234059007899	15349.986916223157	20866.026682781998	3.2
617	7750.116181884158	6731.693148537486	7427.043454887214	5523.282501499196	2977.039389101188	13132.545061056411	19022.172722100393	1.6
433	7619.4239311248575	8514.020658777383	8930.521621171674	5836.956252174734	2649.481363618017	15673.959518578542	21500.189970956908	3.3
398	5004.345085283367	4291.162713929983	4806.175621111007	3208.509773900098	1470.6461406617968	7606.312791229663	12980.431849775694	1.0
145	6220.82420541587	4690.118369227462	5995.046335350466	4276.451650888766	2365.40642045125	10056.323159140396	14966.165289780689	0.9
3	8090.539819604995	8733.773691182389	9742.043002566399	6279.664353065051	2778.550700406217	16058.56306915484	22662.148243732758	3.2
316	7537.1470840904385	7883.803409508369	9016.614312493668	6352.357334731576	2809.9346866541778	15581.994972273902	22041.986955490804	5.2
153	8596.72856564787	7702.430352032858	8584.854980631859	6416.299103903212	3419.5198734091273	14580.100204428089	21374.495072341666	0.6
616	7926.182277137704	7345.357917677736	7871.635281028486	6230.633194386092	3197.9908943542578	14331.455458675651	20340.33912719121	0.6
284	8808.271079443259	8875.753733827918	9824.136698312179	6964.278331409251	3410.82757267913	16651.558563010738	23628.320162569602	3.5
494	7006.273159405734	7573.605523270199	8223.948697801805	5986.627777028268	2724.5968571214667	15278.697457211934	21367.04499229053	5.3
84	4554.623305629592	4733.360266769136	4058.0271153208546	3653.4145440022694	986.8511945120403	7593.257285740656	12999.159726228092	3.0
567	8322.459749626318	8893.822957452057	9762.585337049399	6651.4003222915335	3102.5995914447835	16688.50298035294	23767.419223512454	5.1
79	8169.978602355481	9087.295125874905	9750.060380610226	6388.456863259283	3281.51231289939	16819.828606541887	23611.970522099695	5.2
412	9851.478736070845	9187.932167625422	10615.96659137211	7501.359383239524	3881.934987273719	18740.028457551434	26610.0045802988	4.5
121	9238.253672623992	9451.58154366581	10707.60725060767	6962.612345195195	3734.7994011163555	18161.90941879939	25089.259323216374	3.4
431	5488.969935772071	4505.792207605711	5077.998050599099	3486.7650205187733	2218.727211444538	8676.465911147321	14070.901061637323	4.9
330	7247.230615506959	7717.073023344362	8598.009284421594	5591.193261892561	2989.5954704629635	14181.437801025155	19897.146265158324	1.1
14	8147.722325905611	8579.488521927251	9691.061027141928	6048.003351497013	2791.3630871748433	15752.642317693091	22062.72027009556	2.2
486	7215.586329141422	7406.114714352495	8839.378064297416	5828.398513490036	2733.3803886114674	14346.72604211115	21080.828158275013	4.1
269	7795.903340735533	8582.312575941294	9353.16859996564	6247.635040294706	3001.441925596046	16166.99741070597	22925.44358938606	5.3
0	8248.754834004221	6806.690184960865	9254.889571313633	6208.66579530828	3125.6498939666276	15676.233108836033	22121.256246426343	3.4
358	6324.551392545409	7520.4517736406	9098.53034451162	5786.624087536855	2900.2919634604846	14330.673161673216	19565.27939079111	2.2
220	4392.576528327273	3466.9597158630986	3826.073401685653	2971.4922492917876	1099.103797765287	6677.025870102489	11674.472796948257	2.0
117	6839.289174361299	6862.5342923926755	7190.071677979032	5356.814914997351	2687.6817692354825	12531.797932127123	18314.353491323545	1.9
184	9573.897572859034	9544.272118253028	9901.594148326063	7365.562221028834	3707.130989317053	19427.521625586658	25695.265045725926	2.5
586	9503.126228780297	9525.917746603367	10349.548792912201	7216.323546093447	3817.2217553471073	18911.041099712067	25880.90798941193	3.4
536	6197.961756821973	4528.217241926555	5374.627148164874	3776.4659947002447	2099.7236161986784	9337.446179357306	15240.46193329927	5.9
348	7607.378800301831	6418.220904664001	7063.496715828836	5506.78740416666	2619.4871242209174	11720.00105343694	17734.04804790328	0.9
103	9438.059004978706	9153.561461518557	10177.194522784353	7356.996712809898	3800.9550971507197	17600.711672612935	24645.588180550803	0.6
155	7196.851814193903	6261.166067169423	7075.293452091273	4873.414066982027	2653.31555969911	11909.312305869566	18666.020662788007	5.7
452	6706.4025689722675	8034.022014473601	8820.58448383696	6157.283298631812	2991.471063578894	15810.462771568928	22001.342753200865	5.3
589	7082.7342452600005	8939.191218358275	9548.452280493644	6305.536140596603	3373.8252034093443	15713.06252203678	21117.861216030593	1.3
276	8236.061405697634	6735.86936150416	8964.149875985051	5924.9629270476025	3098.2452368989093	15161.873696208131	21197.43319951002	2.3
614	7144.383733554543	5822.726631425123	6864.984872850563	4878.9845233896685	2673.368821385599	11375.630305974775	18231.12960000975	4.7
444	7329.633102254065	6873.900387174397	6853.911179598002	5032.154034474134	2793.1953368253294	12505.251188633925	18190.180776299952	1.7
560	8875.797660932212	9270.29051606635	10094.380715857362	6697.95771453405	3689.7042763141358	17176.074743528152	23862.914905563637	0.4
527	4851.739647920133	4513.854776235809	4951.207461552097	3568.381117997286	1556.2627814759044	7927.36266987197	13241.700289769182	1.0
239	6837.172819876447	6967.058270736619	6647.705005131574	5215.170112316048	2768.492816448797	12812.859743305617	19122.5911467221	4.8
274	9896.003617216862	9281.237812793923	10819.77603116431	7146.5984382677425	3854.1458549948866	18969.024630664557	26484.66793638423	4.4
478	9897.727272864555	9246.93667263297	10721.092505228202	7197.168654009618	3863.849503940786	18913.46330730302	26472.06362194761	4.5
118	7564.323434906493	8149.698246148199	9465.596235542671	6045.977578212894	3156.5371278894954	15903.017117735351	22184.58301199463	4.2
425	9359.46200504213	8689.321172631277	9924.913792609876	7014.1359953586	3612.0669139164715	16470.042149601977	23617.57661307569	0.6
604	7038.154761304257	7288.931923986362	8951.056447017072	5366.5188061914705	2794.284315649419	14232.444212972425	19985.39963678626	3.1
146	7514.223811546771	6219.753465087149	8746.610359551752	5227.4563586577715	3026.708151132308	14704.933836237858	20409.563432350285	2.3
60	7743.213072226381	7402.042680614871	8372.0438007493	6044.257400752607	3085.8535313142306	14492.581756917374	20932.325427256703	5.6
506	7549.82789877818	8465.618897983308	8828.361188820312	5462.389665335615	3180.197586012612	14899.716529017038	20787.576724183284	0.3
113	6750.775813738386	5816.099519355924	5958.875103633111	5009.22784561391	2437.8983679357084	11346.250849345171	17222.51194241533	5.7
42	8621.063597548886	9130.569551521941	9864.840512949078	6512.369716943669	3573.587529453709	16641.538544959494	23123.854320651204	0.4
334	8753.64168013525	8629.092154493901	8756.514020728211	6761.911314837317	3422.177528731484	16446.740047583862	23551.434682259696	4.5
298	7378.878937483717	5784.145593065844	6152.66466228831	4900.09304191982	2192.4403167690193	11034.826090504856	16496.395812673072	0.9
253	6347.529819936459	4940.272242744978	5766.539730085989	4003.464142896869	2346.179278231874	10117.298499891469	16145.72985071962	5.7
488	6825.0213472899195	7687.74740918709	7243.025788967087	5343.976033213763	2967.50460516066	14114.705951133483	19293.955247409853	0.3
67	6064.418307768326	5499.068834277713	5408.906477311433	4143.339583229138	2070.423648886209	9984.800671189158	14723.52632247625	2.9
241	5706.711606144797	4433.656230662355	5496.376751937056	3981.4239039878585	2244.252937655308	9498.900390811918	14500.535828301216	3.8
462	5844.737947860014	4675.646148252874	5114.805226057405	3903.394053643025	2320.475674794959	9872.353997235354	14498.157740957962	3.8
34	7767.6723112864975	8790.724195745164	9507.40469795781	6292.939319836664	2896.6161857848106	16128.239755822324	23011.18427362265	4.2
165	5601.3779702697875	7923.735419395775	8264.028455777652	5314.407679851466	3077.927426863273	13775.083188958108	18465.17819165484	0.2
409	6223.41584281073	7660.152672040238	8640.898878004999	5394.034565358798	2646.833276801465	13925.19370733928	19961.150419144735	4.1
11	8868.264846532838	8804.880820897793	9690.221269012685	6687.868293233009	3603.02912221206	16375.182983665052	23163.056647900663	0.5
207	7707.9060646833905	6643.5108332853315	7673.695426417591	5217.950978942573	2902.2912438047188	12831.035974613074	19130.050852361743	2.6
602	6370.2589304570365	6175.223754438839	6924.801893353629	4905.419844185009	2470.9024552246774	11335.772551191483	16353.955179931918	0.8
363	5349.971909353272	4250.699058684453	4424.257269108185	3322.2711265844173	2011.1680505456013	8296.113513139977	12649.202343903811	3.9
367	5609.022403320032	5011.197279004432	4878.34851696963	4173.862092311244	2098.578598541683	9469.96235950735	14434.225929128866	5.8
135	5537.039672276294	4634.0094081426605	5340.372702925963	3769.812796473578	2230.416856091277	9419.42179929553	14510.068038407295	5.8
397	8566.145591909659	8241.774991897786	8725.536015055088	6273.460949348902	3183.739917708912	15408.539335785219	22163.7757846679	3.6
271	7949.2868342340635	8631.337787742012	9626.397921518877	6019.125710610596	3109.575872122368	15651.280874607775	21996.097809974744	2.2
396	5093.250362353495	5107.353469775601	7223.76357611257	4127.962585318501	2468.757427178903	11721.76073877147	15862.1807145031	3.0
552	7648.980817771789	6193.596820219397	7102.11712139103	5267.548319103997	2479.1562027168534	11820.05823975029	17856.022390048962	0.8
518	6366.278809482591	5234.578695569878	5221.676987801189	4387.9377895716125	2254.113056196896	9816.161031784535	15519.35481416821	5.8
54	7132.6531144811925	5703.380049330835	8104.191234816689	5186.47468224002	2752.8983218742164	13047.2831139118	18654.376185907342	2.1
344	7725.119463083385	7403.943292754656	7860.683773172889	5596.861999560225	3027.4604423245955	13930.418490555961	20825.093953214342	4.6
329	5701.709982419713	4832.777479283367	6942.414364400537	4564.4384141146	2322.4137587309965	12180.11576723959	17501.115813196357	5.0
134	6581.477812303458	4386.977714761029	5972.649278774794	4220.1528903805765	2241.0719456740267	9894.437361209579	15254.65214874445	1.8
48	6648.385191412974	4255.984161818916	6051.2615420813145	4146.071687005541	2374.4532584112067	9871.756572174245	15191.214550688257	2.8
73	7416.293654639793	8427.399605376693	9020.030033563185	5402.778867957093	3129.927572998896	14732.292956089024	20721.118375042464	0.3
98	8021.418916396567	7415.533953696202	7419.9274986949495	5838.831060684844	2908.5896749536187	13713.560804102635	19757.104832725196	2.6
229	7904.446632566347	8877.8670543218	9519.793619530086	6485.166769575829	2869.884497992089	16254.852027791198	23129.71448329433	5.3
570	7477.659752552909	7214.377048718262	7886.262215157803	5663.604892876539	2931.007201352016	13793.65139399058	20266.9059830345	5.6
548	6771.817406200669	5550.035280778887	5918.177606285058	4971.3400782566005	2369.8039693929823	10488.41915134168	16572.42918233685	4.8
169	6606.605290172469	8453.890393456975	9278.435434775933	6185.010854189271	3131.079469719594	15318.105973511905	20646.642999650223	2.2
133	9273.67203297773	9188.7104075579	10044.118463351308	7114.846446090666	3482.6711364597813	17391.88667003827	25084.547807311636	5.5
89	8321.190114699792	6884.260057267577	8423.90088838784	5938.327067090238	3261.8241139377433	13639.99299794461	20292.89685459689	0.6
21	8154.669782105018	7343.5826878955295	8236.615817355212	6084.9605177832545	3169.0977314301576	15682.27032672584	21664.715632097726	3.5
100	8260.567079072456	7877.547431158817	8166.954704529452	6115.636923135098	3257.013086665875	14012.278597276663	20550.198247209235	1.6
256	7462.521015487036	5754.3090965276915	6648.268814223768	4956.766300219186	2542.1366125552377	11202.299114598842	17127.8203555014	0.8
95	6732.585884262263	4531.06225022326	5916.588790782961	4206.17661950381	2317.0300930469466	10119.089294796428	15511.253268578967	1.7
568	6500.635870006462	6080.779865305381	6026.02026184391	4580.783074450391	2596.2343992462906	11059.011365403338	16977.01358960064	5.7
189	9474.343789876777	9343.653384438136	10399.281660034123	7188.690195382535	3872.154179854207	17814.259345850875	24943.210987366492	0.5
198	8028.027773392295	8715.699683890889	9788.084985680542	6373.458853723336	2980.6505467260354	16073.305906741822	22590.79354011194	2.3
612	8101.185936952271	8416.815734095215	9037.517130291875	5871.037598265033	3025.989368324328	14804.963566897244	21689.100322928243	3.5
556	7239.289975187892	7693.595279250551	8653.21243325528	6054.680641716395	3059.5543012877597	15813.962356239728	21785.30523558022	4.4
609	7667.98983102125	8406.634593550903	9437.750002964745	6057.330663362639	2902.8875318464447	15192.56371589916	21514.97478096194	2.2
475	5948.57982068726	4799.936291676225	5438.140152161899	4047.461712974959	2372.896185801818	9336.416043158695	14475.65107620647	3.8
467	5796.459041685524	4338.354844171864	5591.285536556843	3567.0203963820595	2394.277561307568	9293.092916831163	13934.179764493774	1.8
65	6976.284782122103	8186.498580178423	8246.630694157906	5801.7080211858	3194.7851110791553	15358.406402935621	20182.49861664397	0.4
97	7212.719453683751	7980.47711946529	9221.862727795156	5524.698529181961	2709.7763640301546	14146.255085636232	20522.534664308096	3.1
378	5981.0531037341925	7616.956360471565	7663.297569116715	5340.831519025567	2907.8603999280267	14319.151900856012	18914.181445535934	1.3
335	6150.106926824733	5466.173264187946	5255.61769136338	4181.031623056361	2202.5332600715874	10195.015885804243	14919.155089530643	1.8
562	5607.015093705367	4611.9480589783325	5297.580482539823	3609.903912231087	2155.4911511315345	9070.95172894718	14105.730822113066	3.8
295	5921.815361765267	6838.268385322932	7971.134102109685	5478.5726491700425	2665.8320333137085	14222.29969718052	19987.314750042577	4.2
326	9065.97614345936	8531.666344610625	9955.815999232595	6737.064485394921	3802.2601678331694	17307.629015723152	23968.498339666843	1.5
195	6231.375011354382	5877.054359122261	6619.481030257838	4546.573936424147	2728.5007396938204	12593.957803798121	17252.37892780148	0.2
446	7514.582134296365	8016.443451499322	8924.9796602319	5977.534614167622	2700.263698781678	15021.124891721953	21776.70746987669	4.2
251	6341.733485824218	5836.068501003656	8416.664047180155	4906.524117801681	2577.5731985996163	13263.605379821645	18495.15794510074	2.2
338	6281.016499641616	7162.90915268986	7799.9130917592365	5105.835364628802	2636.0148631128686	12454.027600039319	17906.284808861234	0.0
285	7502.854555454688	8011.058161622546	8636.9998249493	5835.304093383214	3192.6773862353175	14603.612312716543	20477.22714487799	1.5
171	5551.326434282105	8111.164077814107	8320.57189818596	5371.6102892779845	3050.478161882388	13795.525703330177	18391.940035380343	0.3
201	4442.533131504054	7114.17415847826	7490.12201388289	4772.419145487885	2754.9675685950333	11773.634642580266	15896.281336852633	0.0
297	7706.836582434462	6203.183009222391	7398.401554314795	5154.030777469619	2716.730492609178	11843.13254589474	17688.212122315806	0.6
61	7363.297611010069	7730.931964274484	8799.670129762007	6096.746672645241	2714.3576977536904	15126.889274823834	21585.622065028467	5.3
125	6842.432292731026	6840.393581852506	6861.66792196576	5309.82708857236	2585.374770688564	12342.168699318505	17876.327160802226	2.6
243	7177.307762624304	5183.949469927956	6742.179307081525	4912.559362982197	2453.8291836616663	10710.361903745357	16325.395548924711	0.7
245	6606.588422437549	7100.724435588564	8275.795425343988	5248.21612164565	2714.3632327358355	12953.617446201808	18412.99432130793	2.0
430	5185.480284739203	5538.34829868461	7880.964671695986	4598.853654866867	2488.871704895421	12071.41535508463	17352.99688547973	4.1
521	6856.484963303594	7947.05375005102	9309.086766972141	6237.560193444024	2857.217975863432	15201.762463039644	20982.00892367922	3.3
385	5739.819907317673	3802.08638407627	4378.147122119767	3067.623738949188	1839.1391567589994	7979.842744853518	13102.350800244823	5.9
283	8216.792696343802	8773.1248441377	9659.881204752657	6359.939382047831	2984.838483970836	16340.154651973136	22676.638959284122	2.3
406	8205.887331896	8903.641930707887	9619.974142979252	6556.197723194462	3290.385896092995	16065.510211723815	22409.835656310424	1.4
119	7980.642687091325	7912.092213303495	8134.266404753237	5897.271077570156	3010.3987764444314	14660.053665734573	20667.73570523141	2.5
597	5788.076342906069	4923.678552885779	5297.169643956665	4231.048691298448	2072.2654759267643	9821.98981454027	14243.235111795859	2.8
196	5175.827322207243	4314.581632327996	4946.704805503646	3574.378054400627	2105.2055608571764	8751.695990604454	13682.178313702261	5.8
187	6301.704791017527	8111.152125607363	8841.399411170793	5804.195240795218	2804.404003014966	15078.002325182739	20984.665325067945	5.2
543	9018.296947502335	8767.116361850643	9748.643073460147	6725.312584119759	3615.951265900329	16423.101133579417	23146.966427888958	0.5
539	7022.818225432912	5090.985672530702	6320.373615625843	4585.173624420849	2361.2666485361624	10755.603320547638	16452.44806236517	2.7
223	5550.037596112962	5170.0872439454715	5351.4363890950835	4178.763541305822	2171.93351788641	9597.92487345095	14639.60952094443	5.8
535	7965.202425934314	7181.3032623281215	8099.253968557084	6045.991450630954	3027.889712844732	14034.962923877885	21066.063864990323	4.6
249	7117.408968832424	7710.832644529041	8210.209690671323	5826.3457655472575	2881.079303593515	15121.658529296761	21015.340967279226	5.2
191	6952.124521848225	6790.055425493712	7324.09411212987	5718.256836114144	2934.1775960952314	12906.552812240625	18711.494814033293	1.7
628	10009.767039173494	9950.139805391036	11013.159753495407	7531.251287862435	4035.838761045391	18736.848001567712	26148.77228499274	0.5
393	4914.689452690772	4315.798586109491	4582.200717381601	2872.5047158084312	935.0347275827306	6767.996608774635	13331.688281531184	6.0
70	6862.533017590618	6280.870757852051	6379.343199456589	5587.297157636455	1636.1968011383758	11188.977284366152	18534.485342263673	2.0
341	10947.674608785459	10732.384392504255	12194.851522405883	8315.874865498978	4365.565799646142	20417.83075796205	28782.478044696483	0.5
142	10668.259882861994	10523.609751628366	11565.698129062537	8051.888671034447	4164.665079435273	20259.524913412675	27955.062430946116	0.4
180	10262.503694133668	10070.581878806417	11327.958000514154	7523.944971948431	3957.4129623880076	19934.95108006446	27196.589954421208	2.4
498	8612.636664992826	9145.788796832896	10114.180559362776	6807.623806286822	3314.201731051872	16971.63671650304	23904.623794396495	3.2
90	5476.050897470543	7805.684643590477	8283.975585259375	5295.569570539298	3039.969118830578	13416.95296429093	18078.320799323054	0.1
439	5631.975649551456	4987.1582252141725	5316.3803188211095	4281.092956456232	1205.2078924607501	8059.97333085573	15225.504090207216	6.0
574	9910.749847220584	9977.750210767666	10938.627100461903	7831.705024037576	3903.2608340886554	19465.314941099397	27337.80310944648	5.6
257	10082.44408271685	9858.4386837356	10928.873517778162	7561.996159235771	4077.5132046955982	19111.916508182065	26321.00567365689	1.7
304	10859.789531929426	10686.851463163506	11941.207874835143	8176.603410803187	4309.598182953899	20365.37022088866	28407.36759882643	0.5
124	9362.393211045935	9025.754059857252	9358.77693211994	6894.171300733619	3715.8810682515914	18630.487083034423	24962.753393407715	2.6
547	8413.939405066456	7717.525113257304	8118.233416681776	6271.3160312345435	3092.5554425481846	14750.67660083877	21891.044654600653	5.7
356	9961.52275775866	10127.368645677807	10999.098910147875	7894.711511328403	4080.6591762696467	19667.941752452694	27408.175180052956	5.5
482	7577.398819828349	8426.533536930478	9803.324733413434	6684.669736256049	3288.2721813671433	16410.78038102533	23016.411143707544	4.3
384	7538.7894645431825	5897.784938127148	7271.081222376898	5368.010655278024	3006.1949523724616	12350.856344283466	18233.04805893639	1.7
419	9278.955761005345	8674.40383536082	9518.169924544085	6982.178038071005	3511.3481968362794	16024.676002951455	23037.229480815833	0.6
116	6811.576210405124	7899.992264243651	9142.821309096546	6160.607759266653	2934.258408145502	15148.28318576124	20921.836066054926	3.2
571	7171.086536951913	5251.319814929998	7042.084701130437	4934.549998253608	2578.0078656965993	11436.309724525498	17186.83076237789	0.7
603	6940.767960993309	8111.722901209044	8547.07515064759	5534.105258321979	2783.967233458939	15444.2817055091	21867.822121094512	4.3
138	7143.014293044847	5048.050911685705	6464.216518647463	4779.83831748181	2607.3344824630276	11023.40330568983	16558.618852522166	0.7
311	5641.175822437314	3858.2062601836233	4777.597555099094	3543.5281090293897	2183.9147307730173	8780.040307089008	12850.266917676357	1.9
140	6128.710822103701	4489.353112949926	5020.944091496348	3616.599421375483	2029.2218486542781	9158.687116167148	14855.502487540003	4.8
168	8651.312677422693	8434.766584084504	9797.737260559023	6806.973885353997	3241.1274731433455	17027.935036596515	23995.242204914222	5.4
247	9100.830224567468	9307.571840710742	10107.219248844493	6982.065170645888	3879.7424027048114	17558.3403647692	24140.457714578013	1.5
16	4674.4192585019455	3758.9586725549757	4461.053191805562	2912.6652396772856	1229.9605567628382	6984.8465625764975	12378.536958486124	3.0
327	9513.19929138073	9633.995556893007	10064.462803188431	7414.757433284858	3812.4929862781214	18942.659597042468	25484.799301613093	1.3
630	10163.177787583849	10159.10347382277	11040.205983409383	7543.83826032837	4059.2512450849204	19610.410612172866	26839.538511657895	1.6
558	6294.990720473792	5566.822460448883	5771.912547165051	4165.092600132695	1207.1928232324576	8779.692757403538	15379.09010887867	4.0
40	8563.682641883073	9258.961320757273	10106.341888949893	7115.666434323228	3606.7774607998167	18171.176340886075	24999.550609420185	5.2
350	10616.175232413047	10322.662612654995	11384.266374517018	7743.629761080298	4231.672173439205	19899.971343846122	27354.423970992288	1.5
262	8724.268118788368	8634.781941697242	9400.327474391073	6903.516635832681	3350.9017550380536	16037.241474030436	23722.106748075694	5.7
76	7149.510232172072	5735.0800897160325	6385.769951531508	4822.392709645812	2581.9669472118067	11598.809159818336	18269.563463683873	4.8
590	5287.496458274751	5947.794813246074	6962.26936028338	4280.777577261781	2882.959573497316	12390.408667528549	16297.191909912635	0.1
179	6404.03147247199	5156.827422303897	5374.735441899943	4311.70812137551	2311.1642412587726	10479.122759530606	15188.609962177312	2.9
301	5617.830624719968	4456.8741641595825	4990.244312200778	3491.6684390765668	2046.0204869608579	8778.513013324908	14196.114649952928	5.9
553	6696.276698061255	6784.769813578258	6804.141461057517	5060.135687703803	2647.9808875483573	12093.823531293032	17842.042274220123	3.8
479	6629.1649345167425	6353.293380483536	8399.979320654484	5233.084144738465	2876.8078094409825	13914.603694040841	19038.415156879586	2.1
429	8666.560506483109	7931.462747340754	8386.862027580577	6436.614535258177	2975.690168128552	13927.930558246057	20434.52086981309	0.7
592	6197.724324337623	3727.019443989052	4820.962634804869	3890.5660584855805	2025.6856562798316	9295.652181950965	13870.622954618557	1.9
225	6704.514729040323	8261.44401870774	8948.275268843945	5599.636993348795	3098.4086980860216	15090.873752987613	20347.170637150342	1.2
457	7604.16219093406	8148.689146557201	8295.919677082642	6029.748839970107	2920.96177918069	15862.745061091999	21597.226240405125	2.3
317	9355.89868187547	9670.59967562611	10851.777595186586	7443.797864018612	3836.155698466545	18442.73251576117	25517.92359386046	2.5
267	6836.230636567679	5404.805824196808	5883.793787911566	4291.366276993667	2595.2891944300777	10822.619978979052	16389.414392738963	3.7
328	5794.881137975875	4442.861923326516	5107.463319288514	3808.7287932655545	2128.5578640864064	8978.557329373962	13402.215645185408	3.9
154	5607.973684567286	5301.268635788744	5369.523474522062	3830.7276950509004	2268.017304864348	9725.401971551977	14266.385960887339	2.9
131	7678.807278390386	8045.231440339711	9189.920487175928	6075.068465678725	2854.1427721843493	15436.72318337511	22292.110950058042	4.2
584	8237.093060374933	6795.3748504587375	9230.941991587579	6084.693494465807	3284.5312495327603	16311.634291379953	23109.592669404665	5.4
27	7024.784650183513	4847.96427498724	6530.197506961957	4650.4553463146585	2440.4072643534378	10412.045343982945	15782.772655440947	0.9
600	6449.625783829211	4702.722994254301	5800.640217400998	4278.981555187881	2451.7684418560084	9887.10652148616	14985.110515138596	1.8
523	8988.897794744478	9342.893859648644	9823.810878061975	6733.37155848335	3597.81913246884	17661.455940596363	24022.418385575907	1.4
529	6235.557395450501	4551.971257337427	5964.186418021711	4037.93630582869	2418.021268503202	9875.332786409199	15422.937069149368	3.8
38	7066.402764826698	7856.805248639736	8742.479640000074	5779.538452087785	2505.957954801586	14212.788817110972	20687.93955013861	4.0
45	6804.863836966177	6948.462291376309	8504.136859641485	5790.710126564072	2609.5450711219273	14161.64188832791	20267.79303747891	5.1
557	6415.506577653058	7231.7380498521425	7820.51822464973	4837.581083595315	2846.383936819082	12632.319621978535	17904.330890499474	0.0
349	6662.778509404225	4567.964461375824	5331.048741895936	4194.073523488066	2398.657811356531	9792.696246448893	14932.444027710582	1.8
346	5848.578457679026	5082.392347569315	5815.217097075318	4269.22774490934	2450.01007826016	10157.696038328633	15697.094823722904	5.7
489	8110.392678387692	8710.511884478741	9600.510639443752	6245.165307791057	2772.403994912811	16204.759958172423	23304.419718408302	4.3
598	6436.232381109928	7280.275064307016	8025.367231617174	5097.603906777674	2795.5388377482614	12794.379041991702	18321.056188476257	0.0
263	7663.90597812891	6098.600618874118	7252.960119999669	5258.51355103563	2959.1763471318873	12398.163543842644	18843.51230382449	3.6
226	7369.127226654302	7914.467399726568	9075.757204288027	5813.335760498099	2886.610437819865	14853.032530039605	20876.367622872105	2.2
321	5281.783795753251	4452.363361494451	4950.386415353354	3580.7319426535305	2190.3512276292477	8705.325667629082	13614.381578048697	5.8
629	7970.900916381788	7141.86479789819	7881.882421359524	5770.684168280889	3102.1171314358708	13353.25498537851	19669.683574399533	1.6
126	8624.762147532727	8656.13531249152	9396.888742212037	6574.827456041374	3371.773163390811	15983.696566105576	22504.822034572386	1.5
91	6488.373523256282	4559.425753776012	5808.112776457693	4285.9990764503955	2261.1140621936174	9783.974115291194	14722.976688734449	0.9
265	7857.282359194372	7328.700821654473	7678.390839534237	5756.395439486337	2846.4493177564545	13519.152464342726	20490.817063941944	5.6
544	7976.565054186273	8801.689146956543	9599.281802612508	6171.877679509355	3082.4782142804893	15762.203531156973	21985.00581089887	1.3
459	6315.928529374512	6885.8040120161695	8054.436077299628	5607.294412448401	2827.982516221529	14400.988015378494	20084.652484107115	4.2
621	8732.98198913482	8670.79199237319	9433.047757326389	6737.999216665124	3240.4993605078957	15934.406633565706	22975.774796464466	3.5
266	6682.541926211992	4822.571831243908	6321.656139746003	4517.440965006316	2641.862443385153	10319.875322346532	15515.88726135892	0.9
217	7109.654062659827	6178.582374560092	6947.345213378529	5243.349621986989	2716.356848270525	11967.501463211041	17581.299347947566	0.7
401	6322.917201563634	7950.215790605496	8471.611532724492	5359.0592202756325	2691.7158746156183	14024.479137474978	18853.883123794145	1.2
324	6449.341487247165	8403.261807738296	9010.812177644651	5757.467535129435	3370.773590740194	15089.908791582067	20230.77257226422	0.4
417	7007.494919447242	8551.480810780213	9325.00126096871	6070.8549410453725	3194.136399505153	15763.638753517582	21164.223501446762	2.4
308	4842.892614278511	4499.620975458977	4380.1779859682465	3540.8194535269427	1708.904301603748	8340.748589900959	12710.976410417752	4.9
445	9073.433903951975	9089.6091271273	9112.930592189045	6959.152978764766	3376.15810403623	18138.478747397137	24539.716365060038	3.5
458	8173.2272459785845	7259.376973455663	8751.89892503878	5943.580005528364	3097.850171835499	16156.807868264706	21834.470738081094	1.4
376	8704.260793228477	8407.707425114073	9165.822704062899	6966.605268803202	3540.313544669468	16721.65942819359	23049.67677065307	0.6
371	5712.381388251597	8078.453266032051	9021.106818093942	5828.904964129212	2768.551988282056	14279.816548473504	20345.880815166856	4.1
312	6883.7864551726025	4920.480119551496	5995.276071492282	4508.009807057975	2471.6645545375623	10659.522008230284	15973.397312813588	1.7
545	8453.430764871322	8053.007069082483	8217.239301984837	5973.0832191054305	3276.920625089426	14717.12845299285	21164.907712281718	1.6
504	8557.642841670622	9046.579870514319	10089.00984749553	6734.5618203107015	3373.166948288751	17272.581167267737	24069.26932642016	3.4
404	6487.145532102408	6945.456929964293	7410.308372668451	5397.62667163211	2669.7389108972807	13817.651321634783	19009.634077877057	2.1
246	8903.595671582869	8908.863798816024	9496.97556054107	6585.100368231069	3493.637942832972	16512.01232129486	22993.731541725505	1.5
420	7542.500584878408	6395.463874274464	8123.388122892286	5144.74707568908	2960.9864694847997	13820.653477499001	19169.69863425135	1.3
206	6035.196896069548	4487.331770989528	5300.088320296259	3887.7596229456603	2261.083241471054	9064.689234087262	14923.170905489686	4.8
231	5372.714163543468	6383.775184162055	8169.526291692854	5079.013589919784	2594.6991475296027	12887.507935955584	18222.352029954658	5.0
546	8160.53648811273	8762.46899534881	9043.903248684524	6240.496879433111	3403.1993530853424	16082.864548190335	22136.781603762705	0.4
490	8172.229110873254	8082.029651952443	9260.329607334634	6563.803632069756	3134.576600940828	16468.29624927057	23086.07112632215	5.4
25	7833.810641877261	8069.65098811387	9398.301981785762	6320.541064177654	3220.5070345468644	15110.053745944586	21238.303076366246	2.5
320	5399.955154130133	7266.630188950971	7759.365118643168	5002.359823215705	2721.837744117611	12548.144314840125	17303.111537040873	0.1
62	6628.400518582792	6377.372864292992	6273.967661533504	5058.378590470025	2429.439021113203	11469.819838690417	16890.509929565105	3.7
77	7632.856582610131	7315.940346414168	7689.713375104465	5420.815480342601	2913.7884773615465	13294.94420288811	19340.84443718045	2.6
455	7432.566910755193	8355.472553890566	8714.308869235938	5673.766135494502	3116.02798516697	14604.321652654122	20562.585676131905	0.3
626	6775.263132592006	7684.815241106959	8224.38312093809	5187.973556880121	2871.853479851728	13355.392219143265	18927.623842176494	0.2
216	6001.190315072979	4726.722020180557	5082.826090219231	3636.4698822599785	2011.1698540905663	8630.499480264278	13744.300100368166	5.8
438	6396.904339061633	7649.702136664706	8652.765417388242	5632.532766802806	2685.5257849607056	14125.211695482349	19267.709161148734	2.1
581	5749.9692563886565	3711.3293395154406	4538.706791745963	3387.1465010989423	2018.6274610146693	8688.49243648173	12656.55042863736	1.9
47	6325.057898668505	7163.30776559676	7746.742209739315	4669.261564808303	2627.5112910350585	12374.688299382253	17597.29460652005	0.0
83	7667.099495619741	7174.032981585571	7621.54849852646	5751.693593410451	3008.849066746707	13182.572863882342	19246.184755544215	1.6
580	6708.836368969425	4512.6246837833605	5771.155581241572	4382.845944382812	2286.7277570494616	9623.53870484629	14499.689020484615	0.9
78	6962.815922100114	7784.53829689424	8390.960886346422	5838.814499299449	2741.2543160748905	14881.579554052023	21187.69817476215	5.2
391	6522.736655795032	5718.4652923679205	7525.9386641158535	4900.155328263276	2735.690203130563	13940.657305976352	19376.79684443339	5.3
585	6373.350441999274	8498.54913713784	9319.268597009022	6103.390562081349	3056.915166205336	15180.642143089028	20576.62879583709	2.2
468	8847.299717119355	8929.723047364043	9715.533207852473	6947.938646641731	3414.6136621734827	16809.185897538282	24204.285492616054	5.5
525	6859.815175205653	7707.394630777544	8316.67025812855	5286.857047896854	2918.6931515054016	13768.04355216717	19463.19393275477	0.2
333	6467.224161424034	5058.338755049589	5760.337625909192	4272.594571601837	2277.0797836316083	9957.797796981355	16126.807046691523	4.7
147	5373.983546498456	7467.045995940041	8323.265461516385	5131.49130569669	2752.40475894332	12997.8396902887	17690.688338439388	2.0
382	7558.1517898136735	7650.635060475298	8640.923981198961	5788.068943574003	2909.5821846885606	14986.82756978573	20654.811184087917	2.3
306	7900.625874399954	7815.4765986970715	9155.36798727123	5943.692768050539	3082.986795423902	15974.451220788816	22333.657753800424	5.4
555	8047.359919380341	7197.426891184981	7742.8571656079785	5902.848476204375	3194.613535025075	13572.532604493488	19869.323247138167	0.6
192	6700.784467284931	8472.622055401165	8988.649034418198	5795.740511294974	3380.322141797925	15092.455658775114	20256.283581283697	0.4
594	5743.261865785907	3976.9500953473253	4433.006051318178	3118.833021086079	1787.8109241032673	7871.990738056478	13199.76981035784	4.9
71	5082.127163833965	4166.7969829648355	4487.070821130362	3206.1321124514207	2149.5914220116424	8082.0324470855485	12725.191151038567	5.9
209	6700.048499573062	7037.693053076782	7974.966810885607	5434.208969172279	2617.0262775264678	14440.184719349094	20814.488606961862	4.2
286	5162.205118623494	3934.8623568922562	4740.505104088904	3344.4950100339347	968.9010815709152	7656.618885340417	12773.095251273608	3.0
92	9783.821174537097	8762.191491597454	10582.464294416426	7336.788311385961	3803.3767890788145	18690.475596864268	25915.771232824387	3.6
63	5610.359787607351	5242.593117959666	5532.552628100121	3898.205837538591	1270.7429782966299	8669.160780554948	15548.000374843266	5.0
101	10088.609741602015	9695.097048069425	10465.852622256794	7319.637089391189	3944.6619049406686	19393.26787961219	26623.033540698467	3.6
157	9649.954609097183	9890.923460457678	10906.458909276103	7558.078114810663	3937.085176347799	19132.695601556155	27124.50766604148	4.3
279	7953.424478402533	9039.125400614757	10113.216299568672	6728.433354395348	3344.0505128419672	17085.767949626206	24010.202847119985	4.2
579	8586.993961472896	8835.615973945489	9551.81070045848	6813.118051784083	3429.40749494988	17460.1691106789	24853.67691731846	4.3
473	7589.418693567359	8679.948875744363	9513.63810721301	6263.6908091599635	3187.4384848073964	16318.785954051324	21806.69217529111	2.2
182	6864.474050860985	6934.529505042608	8433.051839120035	5779.685061830724	2600.233602790571	13965.558926085361	20022.992938539974	5.0
240	6587.481157703916	8097.573366622312	9244.010926071554	6037.631115184389	2952.1272978725974	14737.130660264162	21081.46187652591	4.1
565	8261.407170122658	7949.686888109821	8301.311340219861	6348.569128234099	3123.064738491823	14494.771558002829	21174.63610652769	3.6
128	8193.132047576168	7693.393191536368	7722.32146278183	5834.6506123568715	2990.7082595417064	13970.808752090454	20003.691851112315	2.6
534	7103.408795080872	5356.3795776641255	6491.540569857121	4498.603950112268	2691.4069529973144	11221.778262261232	16866.136102975586	2.7
233	8836.017081323389	9191.646706438705	10250.40645310652	6844.383505106398	3477.2102311229364	17295.548569847124	24050.64597919065	2.4
450	6926.604980977334	7652.267838111757	8534.264127493347	5714.591286450648	2853.1511517899426	13692.594881888965	19282.670540551004	1.1
441	5304.371002304737	7108.8261035980295	7680.009777101696	5004.3350050373	2556.4553396909764	13187.388724312992	17706.756291918136	3.0
32	7359.765048471619	7379.880232065366	8801.501281111267	5752.688353381868	2561.295358836722	14914.628941712768	21551.488076288497	4.3
537	7972.926192634171	7472.249176701566	7601.030207493027	6007.555327031259	2844.2502925322533	13422.098750169498	19619.47824272285	2.6
160	6857.499548915042	6228.398059715519	6974.231693285622	5357.232350352964	2850.6117322118776	12687.797538151288	18808.517709921623	5.6
200	7127.045154418382	8618.92669134003	9408.151518373337	6192.666616982571	3166.8272080006354	15383.935367665257	20920.755887530668	1.3
395	8033.393756143056	6616.923608761239	8059.236652015478	5703.651744267682	3154.552303252022	13244.226990822113	19626.481477556834	0.6
163	6518.252130674371	4053.2573534500166	5182.53458623169	3933.9582302924823	2101.2915762050416	9286.243296797804	14230.533885790515	1.8
305	7943.569467400335	8640.95960457775	9051.271907539973	5874.553335135186	3309.6029163397075	15416.718823516801	21496.16319855301	0.4
541	5616.179401006086	4069.9636073768575	5364.455244704368	4032.2305591826835	2054.135466621409	9134.679468233355	13323.5549428457	0.9
13	8656.334373757492	7683.95795473184	9531.79772300986	6553.7600509893255	3573.674234325506	17270.262529415668	24318.558529641534	4.5
299	9545.076664643117	9109.743160403757	10648.807871824985	7258.379435789991	4025.920164169556	18227.212820769924	25333.10311372236	0.5
162	9210.650764942471	9133.195506805083	10145.456825289715	7050.560066177898	3511.267096892497	17680.491431509017	24241.699931387746	1.5
106	6452.993215050314	4972.217057176686	5206.734624318801	4180.891951764581	2312.9308094456146	10301.377902419721	15556.184993199695	3.7
51	8931.106448892084	9271.464333523878	10234.526440291884	7084.001250105964	3620.0347549986986	18225.0304316359	25325.123869565406	5.5
161	8012.929236026425	7440.771374875261	8227.878916500773	6026.580377669504	3113.977396543054	14228.439017061177	20814.531902673116	3.6
244	8405.53433613487	8976.13970009195	10046.88663216242	6651.520139617822	3542.7396137236137	16938.01581363692	23480.325916418613	3.5
415	8663.12858116438	8367.277966028127	9417.462647309714	6428.772128118435	3273.5721715661994	15760.108827582222	22265.55905712768	0.5
502	8020.644178606392	6998.248873361228	7976.51593201748	5858.861491586507	3106.744914271221	13311.610307417557	19795.28788176236	0.6
493	5889.8140913664065	3937.1404068548823	5225.148874382895	3884.7299363258267	2272.4276561304773	9014.633798579865	13772.891404817243	1.8
277	6719.138551296897	5269.90953499877	5859.013853957929	4532.413321931417	2377.8965042096793	10450.490677442938	16637.227059740104	4.7
447	5461.753275071562	7204.993782138484	7935.137702814296	5028.083794988249	2782.172852536599	12666.782374444289	17423.400981566378	0.1
222	5986.751733434925	4661.382285375731	4900.2977073988595	3617.2690718326103	2081.2137091963673	8898.358040618728	14340.336431904201	4.8
52	8431.269481713245	8328.72034527655	8638.390582722166	6362.43315732125	3295.0707981960377	15420.544617898444	21733.47004905206	1.6
464	7510.820214659359	6818.666351875692	7045.35738254843	5664.3725769698585	2669.9398948767634	12014.861731530673	17631.58035347322	0.8
588	6678.439934774962	6954.865245462325	8035.693983839854	5469.689628032217	2345.7505538133005	13430.641539839904	19512.388543643563	4.0
599	7019.338769315749	6852.357371976126	9136.3322968414	5604.899030255234	3336.1843134680357	14565.38403274357	19795.615456104588	1.4
623	7825.43649832266	7247.509570265103	7598.98561400361	5766.638124627363	2942.135841862053	13133.602240979173	20236.9921497536	4.6
59	6860.701327185675	7176.047940326749	7831.796770613957	5560.681724520066	2671.632063823057	14505.926714997335	20573.603979771244	4.2
620	7401.816735697734	7629.847469948637	8877.869674827685	5889.666892619048	2815.4601874104924	14733.051842389867	21352.736956457902	4.2
476	6611.944847645907	7367.654075421635	8145.989406207969	5173.321781325138	2809.1220438752566	12959.625868212948	18617.398817288646	0.1
122	6903.953690496617	7244.749143945608	8657.064463200964	5838.465375907726	2801.5237134696517	13838.974426087414	19746.156890459974	3.1
474	6146.819786588726	6773.219623333425	7269.00873652895	5068.490442165502	2576.056772566145	13299.937038987655	18422.82837603396	2.1
440	6295.850566630758	6741.239877151407	7649.098212997339	5413.674191606901	2521.9141747507556	14320.95350680924	20098.73134045351	5.3
466	4240.206075146111	3500.570183586587	3566.7618077142192	2654.4947822039185	1362.3838286162513	6438.223703525405	11171.296934606817	3.0
211	9994.744297563571	9704.951401486576	10900.41047090583	7722.078095681109	4038.68410211205	19598.58665187149	26524.588241874622	1.4
46	6217.660922839874	4809.2879772806355	5459.387242598025	4034.703586407977	2187.9170533378474	9521.695751659337	15513.496788407223	4.9
510	7759.190916387457	8458.424700339272	9521.459241993822	5842.227944434535	2868.45289671195	15386.106876886663	21672.09082816501	2.1
6	6837.56292399772	7447.767533884702	8162.242657905163	5027.037154537942	2692.235100396638	13197.528450121581	18854.323909027928	0.1
381	9127.581935619977	8345.901805492094	10203.82164225918	7217.179988630825	3779.9839421090983	18502.722906672818	25849.884044981573	4.5
23	7534.712967298329	7065.293120448769	6878.753602650417	5622.930813098798	2662.0814132087717	12579.651843360874	18708.965371020942	3.7
472	6624.6835769507115	5711.529006142431	6234.982366781319	4728.669534234226	2569.736488352043	11334.10061421502	17411.327619767562	5.7
141	8134.829661370872	8895.498664383056	9854.458770958032	6485.507860920502	2893.1589324966026	16512.89878215774	23442.461011481897	5.3
618	6185.780198836928	5193.505837495163	6058.953628580476	4269.723181858314	2169.5156477362843	9705.870226471778	14939.102365258273	2.9
615	8283.205444070007	8057.852716132259	8451.392816179448	6178.750586796146	3226.5891946467987	14989.996852375918	21307.821630205475	1.6
362	7267.8150380956595	8053.243410973628	9547.079427972136	6334.488262066936	2964.0722377257475	15657.61392637652	21617.68417718046	3.3
374	6212.675824477974	7120.64624220224	8079.550094736303	5496.284354735858	2608.24065901424	14040.819454221248	20270.827023025395	4.1
508	5051.171373459461	4155.448406348926	4735.4968157194335	3118.7083873192514	1907.3813181285052	7943.389561853301	12991.906493267468	4.9
186	7657.6773089088765	7135.166935771415	7670.442206049029	5598.324670735932	2958.6388670049023	13660.741477333528	20659.919980714214	4.6
369	9029.719000432224	8924.251325909676	9551.306827074352	6853.392923245274	3467.0235673327993	16585.049806850093	24222.262638987355	4.5
41	5153.6279423605965	3814.345111422059	4939.662652778204	3502.0075621312985	1441.48902986021	7985.244487916586	13094.80714689631	1.0
416	6101.01931233246	4941.750763788377	6195.408268845698	4495.757597524679	2216.589487552124	10127.849885494008	15722.08774153972	3.9
442	6387.499035053871	5342.6014113238625	5546.031828568856	4503.364030177192	2083.486775526138	9940.641738860259	15358.9323783051	5.9
281	6785.953892842417	4455.114243210013	6118.670371657145	4362.973814148543	2647.1833207690775	10228.179311601622	15674.752740049365	2.9
292	10000.957805720167	9824.860788871754	10866.759134321183	7842.938411877696	3932.1448820065443	18906.912989366912	26275.674928350774	0.6
422	7866.161436422198	6963.449801033677	8278.827661245541	6061.54810402265	3100.680595703474	13248.618986056073	19636.140153902725	0.7
400	9067.844242878975	8599.231869723957	10011.647370954113	6988.984155865917	3771.1697198977377	18342.020720073673	25473.084280216004	4.5
300	8208.864823218404	9219.404433373733	10235.68852457942	6578.108435741751	3497.2408156906504	17407.110667454006	24445.102972228637	4.4
314	6332.504270170674	7232.493188290384	8670.685891162559	5692.917687795211	2811.6960644807755	14110.405455778897	20012.40319279396	5.1
342	8921.830031067568	9223.800418876313	10236.727925814374	6755.447866034351	3267.5152443035204	17087.19593825504	23590.226424604214	1.4
343	6993.373363617734	6481.649395185624	6879.446581317615	4850.488694539879	2477.899584425575	11327.124201938012	17606.06164995133	3.8
427	6883.027830502938	7744.741574117056	8990.398712269234	5533.708892159909	2755.7463997488708	14145.249614474107	20088.890201640934	3.0
75	8342.4776184325	7494.529620983321	8772.375526796804	6374.652123326999	3230.685486994792	15918.081178133813	22739.275087573576	5.5
366	6969.66497252487	6555.396567692825	6711.772271687968	5067.1199365027	2720.073827679745	11992.94017110244	17577.58538096212	1.7
37	6487.524889161116	7985.397125085749	8720.670201322655	5340.429716191662	2879.4006676943463	14341.255933815408	19528.19467210189	0.3
208	5705.7142063174715	4696.750273307952	4575.7993948970925	3734.1350850581025	1821.3354803799748	8690.374088633673	13670.816545598198	4.9
357	5327.088310038804	3502.584544490475	4359.496844894325	3348.210344653925	1812.9410249385912	8024.258167312927	12420.2040201936	3.9
434	6896.4040483644585	7755.519766614036	8937.399955538998	5825.777579393526	2540.820227990926	14961.978308549098	21092.438877253386	5.2
389	7610.845423796773	7373.480643602829	8250.361368087713	5826.362608206336	3169.014184953723	14349.4539732926	20416.121978164127	2.6
282	6948.841054413151	7098.245424606258	8384.433613621053	5903.755336082507	2601.425370987958	14180.22439719687	20382.636505860646	5.1
595	7164.3466155292135	6531.44788462507	6718.024631527977	5403.061668542178	2909.9882906567773	12153.951487732267	17861.56596052072	1.7
522	7951.580830001759	8796.254021001549	9709.486545235048	5985.803463106772	3061.543466064102	15544.338368911493	21704.4014318849	1.3
250	6950.281545426602	6449.012246777572	7256.494188305501	5193.84520377528	2752.0180489377008	12250.177896918518	17739.583004758882	0.7
309	7573.25429628577	6822.531965009226	7307.791607927288	5820.300295425318	2915.0163377344684	13092.180256927111	19772.589210001468	5.6
485	6514.978478888803	6163.457084098119	6274.020129084587	4994.741014031371	2150.217382458545	10843.413203309645	16255.18774642768	2.8
149	7462.855372310342	8294.340999407272	8653.348007453087	5563.10549382604	3089.250578453017	14547.492926007111	20415.31499693341	0.3
481	7915.427267493024	8391.681174232548	9079.765926175367	6067.678627160191	2857.457192620078	15759.835384962456	21692.314941080174	2.3
611	6605.542836362273	4470.071414205738	5256.913347899782	3752.601246318763	1961.18557209352	9233.348887423654	14344.200783426453	3.8
372	4624.255273141063	4822.4647483949075	5469.649070921009	2928.4526304623105	1181.1795146752265	7328.141602931561	12695.79703939274	6.0
188	6815.753160853673	7942.329480369876	9267.594060178595	5998.501448625489	3042.7360605885606	15135.028829856694	20569.471677778463	2.1
495	5944.240512286405	4515.280692307785	5646.949953420961	4148.454355809319	2234.896124423129	9943.265686156492	15177.990981900433	3.9
453	9859.506139667477	8646.454230742422	10316.473189965502	7416.995428389491	3977.8126674635105	18779.59935374171	25628.686124464395	2.5
307	6254.2508723965775	7400.578267184076	8749.013362503261	5480.451137285082	2757.888525849627	13842.777048550986	19327.473505762453	3.0
170	8290.04750372339	8867.080440957936	9692.915776401043	6511.880724814335	3190.642575614139	16158.559991534674	22781.51204844063	2.2
505	8273.437799749878	7833.930870771843	8356.367296524733	6549.895545455403	3213.1346937523786	14877.21546988991	21106.737647106893	0.6
370	6574.573893874132	7678.038099611175	8821.484033560882	5726.344892276766	2773.0038027584965	14851.877059186232	20891.07413332161	4.2
542	5483.050860279896	4603.771942727433	5309.8149826256	3894.1502862889265	2277.4074473946257	9222.528064743314	14618.067302786487	4.8
497	6693.016070882027	4986.713157789075	6695.2950767977945	4635.666780485948	2518.4334209833373	10515.498627770925	15760.031572936145	0.8
563	5034.170929920118	5171.834452535759	5252.731053220563	3925.370531001636	1164.8502414133425	7838.814239918764	14039.96977961294	4.0
68	7554.170600062871	5606.147600634604	6341.623940944391	4780.889090345513	2340.798515750011	11212.471936194237	16895.75670535335	2.9
43	8005.606725431384	7534.148146900238	7558.141389804938	6124.486546573127	2913.9388167259717	13349.042968006506	20040.611722673006	3.8
20	9849.478768553103	9696.667028021755	10497.390896913614	7405.889638459802	3883.989601494847	19070.958665030335	25985.24347776105	1.4
515	8723.656703674356	9209.35361458732	10285.519123333395	6500.547490803097	3413.3768246410955	17053.301458443562	23912.08012554892	3.3
633	8313.157723343747	8284.53340057557	10004.548086416133	6593.295341149319	3251.3369600653605	17156.58238491527	24098.224728057095	4.4
619	6099.770757514719	3888.6502788977095	5118.545988500822	3547.0384319725517	2115.9472345901095	9000.440948115534	13747.54834429414	2.9
575	6813.899789973302	7503.363683497779	8246.232084937947	5207.845768809645	2889.083751214064	13166.928772993262	18906.638454265747	0.1
273	5034.92776618797	4099.040769100399	4941.9274686267745	3374.8482370751976	1413.3900940839892	7803.653999332157	12970.267061683056	1.0
351	10180.3308800965	9904.37170410976	10762.100351584173	7805.014512226811	3950.655549666954	19529.290571285357	27544.82492538639	4.4
500	9098.395299015881	9420.50439450491	10110.263533606354	6956.828524261535	3637.703550835139	18350.66227502547	25022.814524607238	3.4
280	8655.450171625027	8439.180216638337	8480.073417022317	6624.564035438099	3448.680783371453	16766.489983086045	23794.909729981435	4.6
583	7383.619551247851	8002.3512955128845	8698.043453664244	5620.073850572794	2970.5382069330985	14323.90502728389	20132.65857729574	1.1
49	7811.326273400021	8803.941450573693	9512.063021876993	6279.948578196729	2926.2324360559214	16022.687040383413	23012.95707067084	4.2
394	5190.476674956677	7108.479756438055	7994.951086077919	5191.8778221182565	2554.292014169568	13686.851339947612	19355.429769169306	4.1
136	6975.35446456105	8597.580277339617	9564.271952731875	6297.436714939755	3071.0257194198953	15982.367474362767	21904.58485322379	3.3
109	7371.4212551219725	8196.104432424465	8694.336718669727	5636.105792611897	3099.8963420388677	14750.385559225317	20588.8726102118	0.3
219	6672.825739377514	7353.869492912853	8199.867172868146	5337.024059120984	2783.431535399222	13398.752924410725	18904.461001191557	1.1
173	6636.925004731214	8009.051862469162	8207.376362408875	5516.528721033193	2927.808172873602	14947.822176960113	19734.091597549585	1.4
69	8276.917562854796	9007.696569111304	9682.311653890802	6526.0548226597875	3138.74705937004	16688.20392236947	23925.76259572391	4.4
288	6190.78994192127	5879.031662431098	6442.312558738925	4961.687862642234	2492.946668141913	11199.354725112116	15859.886045161713	0.8
564	8235.133453483062	8591.502323694845	9071.266535668365	6610.471322848856	3429.934987373241	16772.4345301196	23403.668999130023	5.5
405	7309.928273756494	8361.08529777813	9516.904592949064	5555.783286382015	2795.7830099634457	15019.277805235566	21326.428517738837	3.2
80	6415.894557760398	5732.2418313380795	8031.951633371253	4542.585816845346	2577.179805977696	13592.654300914772	19285.917229210652	5.2
461	8620.702157648057	8879.272848565519	9560.728379229833	6340.159522095515	3123.807937095469	16559.362923131794	22627.189894052026	1.4
144	5598.114831043852	6326.668919742022	6412.366679098491	4446.7968079191005	2275.742370554026	11843.674673393558	16125.855969156042	0.0
205	7713.056777185082	8037.0031017507235	9261.734944706157	6524.831073015469	3219.9990264498397	16286.48299439928	22671.392664585142	5.4
313	7025.490475462076	5920.309984316073	7660.83946995755	5233.152946439737	2609.4439084782634	14231.307004086735	20215.96104595717	5.3
166	6422.4508760846675	5633.599216039098	5906.364122709448	4906.377325561404	2380.7369246630155	10316.246009513	16084.556316164078	5.8
8	5871.725156585445	7348.714295942179	8035.120089114801	5118.967235427342	2554.6849394959922	13645.292435846037	18043.479437350612	2.0
255	6805.003584425835	6935.616729880173	7849.546755936498	5292.663974335967	2734.055087797113	13867.500201647403	19883.09332897416	4.1
258	9081.030678691473	8362.321846494586	9154.107616095424	7069.011886237313	3610.5615812040237	17723.964775250755	24866.40928512928	4.5
151	6994.723403131608	4669.425672308372	6551.278255688649	4589.569799294996	2435.25943150085	10696.652210115517	16233.039740514527	0.8
199	7275.150840340526	5287.974536771764	6710.529288261138	4810.704185303044	2518.7795669095485	10612.1757245367	16411.365216569644	0.8
587	6568.875294118591	6773.098311446201	7441.60666462472	5601.737675702733	2541.5129418260185	14685.684708707195	20188.405619911162	5.2
53	7569.468354525308	7686.309530070632	8256.78618390919	6137.845067578081	3090.436422233137	14348.993637822334	21199.27431197268	4.6
252	6256.569775706554	5050.266612782716	5006.914708744986	3885.879208349943	2376.4836827936847	9873.765401517514	15506.058167797291	5.8
99	4991.293852195309	5313.42141528485	5956.156104233754	2965.7399146308217	1471.1354243466358	8158.268982043349	14083.392700011895	5.0
410	9981.177547152638	9448.500537707809	10813.744564375278	7206.009068323578	3827.808107460316	18867.160258648084	26628.64573391742	5.5
465	8989.345207740518	8259.169096541693	9389.501357928924	6630.304468390631	3425.2246940908585	15412.91586253701	22471.082904087634	0.7
437	9717.17366515757	9940.037529285819	10972.953966753306	7424.70033509465	3848.019465168945	19537.74022801737	26470.39091379433	2.5
293	5511.1381315758645	5204.383092080535	5983.156427490286	3703.5435686802607	1434.513176170554	8495.627052696556	14591.114429876925	6.0
105	9599.673098964147	9638.531894839647	10772.376715350938	7283.930893092325	3701.4839449570104	18521.859792157855	25642.47862858781	2.3
50	7622.815737937565	6623.1969575721905	8928.358893195415	5287.933450247623	3114.3841671943987	15304.329166030968	21469.064851502713	5.2
572	7373.516711154961	8097.189005053957	8984.046681108317	6048.989722663988	2731.4373772474514	14856.326519787115	21481.840036297705	5.0
591	9050.326020301878	9283.278404850227	10455.168566721433	6895.800918484267	3219.8457329966263	17366.42623403071	24126.895976752417	2.3
193	5975.053221871248	7270.329631248836	8564.357864674284	5616.849691842331	2687.591362927867	13992.404293455522	19622.217739961165	5.1
435	7034.911229034354	5835.245575175783	6620.854208149427	4845.422313486499	2696.141840451087	11674.606262206977	18236.67859724484	5.7
260	8414.108119149	8033.872670033499	8501.362664549191	6027.312897651441	3201.8926210939535	14815.521181572489	21280.86762217679	2.6
318	6215.186132435944	4598.569898514663	5073.304875324078	3576.462967948634	2092.4801020531136	9501.9324805041	15050.253696137059	5.8
454	8088.007841742991	8856.671006944278	9298.850751077975	6044.627939942007	3310.1013826358767	15718.166925212265	21777.497208201723	1.3
624	5900.866437934759	4792.811632674707	5081.991940501287	4053.009341460088	2219.696472037641	9429.605694777078	13998.535263310598	2.9
87	6466.388779512919	5854.428687258592	6120.215636295747	4808.183743756685	2649.589384717042	11880.035074060084	17587.052587752984	4.7
601	6847.714706409467	5195.84271076966	5847.277157997504	4494.224664339773	2473.1661019869593	10836.842621022746	16188.870952978072	2.8
291	5294.305056653501	4390.048010558333	4766.585057509835	3430.806901038521	2007.919956871227	8661.25476755976	13435.121232287238	5.9
111	7052.858471466898	7922.585021669059	9003.29459545208	6006.647662927747	2780.1372196444995	14773.228887383228	21079.41314410658	5.0
302	9989.095576528825	9809.403160898804	10847.804431128436	7310.540968379428	3864.860779535293	18885.564511573284	25983.21240530134	2.5
19	6684.389520482896	6565.005963291225	6613.212034442199	4991.697888034733	2666.970394979418	11656.409780525708	16744.386393307424	1.8
287	7197.3104070726195	7495.916355950585	8774.245029916501	5712.459398705263	2686.6174903273036	14327.550606015271	20885.803635495227	4.1
4	7188.633090371643	7982.744789253857	9008.17626055192	5706.439885955021	2582.647257230458	14531.561271244538	21216.82257276762	4.1
66	7003.562741467542	4843.9653944328	6206.83706101805	4247.6955944804895	2599.187392213645	10593.715251661262	16077.292974001452	1.7
471	5637.442067193157	7760.4014755380895	8380.71382870288	5197.127190543057	2925.7610777498853	13166.16914430468	17878.744458586447	1.1
289	5217.213070434902	4614.066396489876	4730.196196261232	3717.5219805140223	1994.953352496838	8894.225996955114	13665.112382985977	4.9
213	6390.603355031672	7483.348924833055	7805.975662194446	5319.319798451446	2630.087170880108	13942.284634991274	19662.76102461919	5.0
528	6636.473812736512	4559.854015529114	5580.79855960456	4111.494066860939	2493.6752036209696	10286.497512937442	15096.162304022653	1.8
380	9384.457336600746	9269.107243139017	9769.613052174247	7356.286596960208	3686.610242388326	19091.541235130004	26211.27735115995	5.5
428	7906.841250223716	8525.826374525112	9048.901695936533	6244.5605776707835	2985.6378375436493	16109.76053526747	22734.165012394464	4.2
158	8640.066862664442	7731.95397951431	8559.84582802039	6400.463671522704	3346.69916955563	14871.901979747248	21380.743533699515	0.6
39	7109.700569539133	6485.88505874764	6256.211915833305	5281.703279141364	2593.454968222848	12027.150998840498	18332.510330754812	5.7
36	7144.697071424078	5210.588794453937	7046.136935470581	4974.118712607289	2853.9348224193213	11229.982752532394	17083.60081755584	0.8
156	6795.094109033422	8458.93014331657	9123.146140415336	5959.281926051092	3012.128357343438	14924.802222367985	20266.91776747116	1.2
24	9489.924093110869	9402.187461275724	10397.299047414004	7210.354939201883	3712.004246428172	17833.235760686293	24825.90483482245	1.5
108	7303.927720442591	5498.972563305993	6830.913186906734	4911.895077968687	2525.4069185137396	10769.117719978816	16267.581237570477	0.8
635	5359.943899375102	4711.942025671948	4757.085684890605	3804.7560506357604	1970.4402938510832	8614.900046236762	13612.173626845706	4.9
152	6314.820273017723	6492.601418287368	8164.75742636299	5661.047063297136	2570.6928799185735	13847.449211665456	19854.591684571522	5.1
377	9203.05771923628	9052.181476372614	9929.921285095415	7123.4827198369485	3508.9803763569876	17337.280643947583	25038.19005806956	4.5
559	6920.601305456332	7762.8779424667355	8445.094142524658	5254.196574214274	2915.773302911813	13746.117606299464	19548.168832885134	0.2
451	5304.676468480385	4205.253391892513	4640.404330632592	3186.116023831261	1014.6748741376049	7753.498489070671	13136.918220567577	2.0
323	9858.894656256036	9929.590853029593	11001.341073458516	7598.29233762189	3983.467765241596	19434.056558987788	26588.88741550181	2.5
337	9243.371449232089	9600.582218781154	10555.253336917387	7210.702088550171	3564.8680656256065	18115.38474138587	25880.32301602729	4.4
484	8149.26433127134	8413.564739732567	9453.818658716917	6388.719896324691	3013.7641807870687	16118.208614244531	23215.723101403	4.3
411	6781.126870939116	7161.17375968204	8300.783458307751	5347.048449397923	2706.1490927050554	13790.609172233557	19662.569662317874	5.0
294	7339.505388928981	8817.375165760892	9693.950896177817	6322.743790189146	2883.4822557196535	15990.948339961978	21957.16983212646	3.3
345	5941.9309308893635	8102.039083238789	8504.588589827294	5205.91905519168	3179.7592162757555	14147.31913166347	18918.06986460128	0.3
202	5020.823527354301	4260.315486107175	4810.46699627688	3350.5862241632917	2155.831064086542	8361.65994925364	13091.574294478894	5.9
15	8835.927774882222	9342.446816489542	10076.127112678385	6831.51539765674	3329.6866619412153	17287.111362646017	24772.31892305618	4.4
332	7080.09248362668	7050.973414849365	6568.435730017476	5176.7184784288975	2803.0143419484198	13491.574569788661	19051.939539783987	3.6
268	5860.200133661172	6569.457794219844	6507.4721218476325	4748.6505763872265	2660.6229320075613	12311.082969683628	17205.301998631505	0.1
114	7271.101528779992	8027.217788239402	8821.769764810033	6191.55833728435	3136.212110598184	14822.133469787848	21177.694214945786	3.5
230	7973.958791546317	8954.916196790136	10036.57417835958	6771.868920475372	3045.5998367722705	16888.903121520645	23590.09978549867	5.4
264	8101.705215615469	7674.909328793213	9176.207157211418	6397.543207169847	2821.7561370200883	16215.580327700423	22831.873306203717	5.4
355	6155.432463159349	4651.655304400484	5400.469537608307	3784.3640717432836	2262.3456450401386	9727.828860036603	15014.401508840077	3.8
503	8605.001071140347	8395.078845874588	9248.41823419212	6456.879459883662	3299.871502531123	15593.21384026166	22346.00701198795	2.5
322	6803.808936662455	7094.973471105144	8381.273756417773	5615.910046195006	2549.656168605786	14010.039075176226	19928.724367167466	5.0
112	6172.641408230078	7118.510068369557	8668.865764512086	5655.183121201186	2696.305944081696	13823.19150188546	19885.84691114412	4.1
593	6840.575766718935	7022.354485186782	8215.18523413744	5650.93275396273	2490.855471089525	13936.583014399766	19866.80721619529	5.0
278	7390.9715712800935	8060.187181463183	8694.960513310965	5729.536932374058	2922.8352503011247	14205.521713240214	19999.675427583403	1.2
218	6776.38376064006	4910.961586932343	5971.512239829925	4082.435268365101	2411.8693116647682	10123.346950898384	15100.330109711955	0.9
347	6031.837113419472	5673.603811270633	6249.42031402719	4875.030778357501	2160.8247599183137	10832.762895069618	15315.6501625274	0.9
259	7362.351201857004	8104.936108798038	8882.48352090055	6189.290814466138	3166.5464053281526	15908.409115903849	21943.58936844054	5.4
360	8676.050119206497	8758.244382773772	8810.992766126328	6472.91684487667	3438.0267772361035	17133.365256231	23322.655538884253	3.5
228	5034.975179501566	4641.7148825948725	4465.096887115209	3719.6660272205468	1158.5949428037566	7078.331483052304	13743.565903999064	5.0
82	8358.936461514906	9275.421441650933	10371.774269771644	6945.974878355242	3475.5001196735548	17642.11393502513	24802.390166651116	4.2
368	9490.817353367704	9089.225097332845	10469.347511523341	7240.580213193093	3807.6310541221687	18609.534419284882	25969.388240513556	5.4
18	10307.10609852037	10071.676834223501	11219.924873509239	7769.751926203827	3897.5741140494897	19678.67055218401	27918.277616637613	4.5
74	9520.976722014484	9331.856914225813	9897.062873834493	7368.455636465619	3744.2218331090476	19129.095151425725	26423.177951887257	5.5
203	9270.142030101972	8287.815830423537	10095.616497425204	6913.769998317307	3901.5018848866075	17666.942573380955	24176.922416369525	1.4
610	5869.101892794483	7562.799282004537	8638.603016175923	5389.168855159235	2699.9992406657643	13911.464900587107	19491.863189819593	5.0
115	7218.561702663074	5894.124754779738	6368.706866127486	5193.986528001948	2407.267562746447	11586.102066665899	17435.58372472197	3.8
10	8426.802811443258	9304.474582738108	10171.175963101748	6695.239667978203	3718.197756991392	17395.544480628214	23463.724182939186	1.4
418	6696.74736430094	5079.301784464956	6216.255800494995	4349.589117478166	2450.4701818583712	10278.640341208333	15406.670942611596	0.9
608	6671.497110845465	7029.433113449536	7805.206159045028	5725.116474441863	2678.338586732912	14226.420147605231	20064.038948416593	5.1
636	9377.48546198574	9415.917566675504	10584.553847564646	7382.601846115507	3545.3692559457754	18312.26032863524	25343.75220733023	2.5
107	7579.970075726572	7021.8288556765765	7698.7113371894975	5439.784174242173	2881.0420316014183	13506.43548537588	19969.25040701329	3.6
530	6859.606293095538	8425.104962675812	9337.353153102058	6191.879789015955	2965.9915756335968	15253.569687627412	21030.84391639377	3.2
532	8705.159187436806	9114.110425028957	9811.61032791115	6429.118857155516	3146.8062814881487	16663.42633468392	22879.684706294403	1.4
631	6713.359444837069	7461.720469160298	8096.1297026510265	4914.969496978785	2703.63594161343	13481.616994535354	18982.448921736686	0.2
129	6402.038458728732	4455.775576390408	5776.95659526628	4209.9076834115685	2114.0034680574436	9765.479172281908	14691.024927770593	0.8
55	8422.12225544847	9075.771970666672	9880.276650812639	6680.879180699977	3073.0248513134306	16650.265520480618	24009.99648086847	4.4
538	7783.821952337404	7337.10365681071	8215.471113343745	5967.532011573117	2877.8477276603853	13760.189784869684	20225.770750976324	3.5
627	7461.416537817038	7658.956073287867	7347.4486352625445	5412.839852834385	2606.2057709147484	13907.360310369028	19262.518456733782	1.5
407	7502.780805649547	8331.591420659144	8894.138147293585	5758.5149420705775	2931.019241937271	15040.808801917283	20957.557091692866	1.3
215	6249.3800894924725	8417.509228404138	8888.56185858191	5646.994285686656	3043.43515900898	14539.041683279593	19554.839022658176	1.3
175	4684.538924451066	7151.82833789316	7549.840651367636	4653.368983737679	2772.5149631019603	12048.84461046773	16148.261388671513	0.1
197	7179.729960057072	7667.374022410646	8633.422047499645	5746.550399918596	2695.480015575525	14449.665426298718	20351.53790397719	2.2
159	7249.133489967359	7612.111330012875	8782.11533708764	5967.74762676351	2674.785589736592	14980.409277803274	21517.92150067328	4.3
550	5969.125137327414	3460.9914669701775	5244.683062215735	3686.2058148881583	2059.4109366612815	8872.480425651946	13592.329974641136	1.8
58	7334.261812147978	6212.026036917239	6786.770538309392	5368.044549097716	2619.235558483802	12019.547214942038	18632.175158491686	4.6
242	7907.437316506293	7395.328940365347	8427.452347430437	6077.913229243699	3048.7226917671596	14557.800236285475	20727.082891224858	2.5
254	6223.609411901131	5693.740982994338	5549.644255146209	4402.12848927908	2286.8950864000085	10543.727021619994	15459.130998754814	2.8
164	4596.08174035427	4402.992341801872	4653.955813484194	3355.598833734361	1203.1324086706288	7476.1918015862	13017.940968098428	6.0
359	9898.024532025685	9709.020678577686	10254.318226134372	7564.651825176095	3877.961677509699	19222.08179135855	26841.460054635376	4.6
551	9474.208305058448	8311.873948123026	10303.182466950793	7217.180609888247	3774.0621503127445	18550.185916785977	25618.693547752784	3.6
150	9043.802611431847	9470.37771244593	10255.77907391484	7172.706456941191	3820.5122019199575	18787.25471911046	25911.621343299703	4.4
364	7442.119779643788	8262.022398381567	9039.827563922934	5519.501559065963	2840.756651353524	14543.186875620682	20281.1038074119	1.1
331	5851.288112986087	7947.087294003995	8961.617713917825	5563.447904285441	2532.726504627996	14242.15242587635	20295.14327464451	4.1
139	7630.816318231123	8341.783051990782	8661.035917709205	5946.209438105594	3173.7689370917174	15245.356740307205	21139.838984310467	0.3
336	8219.006672021347	8747.1656371637	9820.30796266759	6552.297896318807	3146.2457245830174	16305.755445701325	22954.923755139927	2.3
86	8172.451559926972	7854.14882386784	9451.912307289786	6612.569392067795	3255.322022407138	16475.96385412178	23419.890066390024	4.4
487	7632.199007528601	8246.399635788443	8015.789647642158	5932.096442886208	3246.42206958571	15337.3422224535	20979.23018369193	0.4
270	6416.078366421158	8515.90263095656	8996.85006109111	5819.473740063912	3124.0764409306203	14842.910257401769	19867.595439696037	1.3
130	5834.7872509787185	3718.5543476652037	4554.065690967947	3395.0315583938745	2061.0268971510645	8712.726956559267	12793.826216906979	1.9
81	5254.6162767866035	4625.031604360852	4996.3174056581975	3463.519222646329	2090.946155026821	8628.989454383922	13246.44742579429	3.9
513	5043.468572621669	6233.090146809956	7381.701147909871	5061.928805990092	2486.246697817933	12801.871530741999	17383.87962956051	3.1
577	6193.489018124407	5959.051260627	6151.767267862163	4695.947795533004	2315.831059102284	11049.163006729092	16461.80301113412	3.7
148	8331.220694646452	7616.555625256269	8649.332820302994	6178.212125522181	3197.4120630422	14233.740452494947	20767.810163334292	0.6
176	7351.975215137121	7309.287433434346	8428.521333508512	6171.375526429482	2767.624943117771	15262.723445353093	21647.884456338452	4.3
94	8379.359033577037	8412.441676492892	8826.316835642438	6316.3419440062435	3107.750976433216	15458.340513785444	22618.64325951064	5.5
319	7703.260317029586	8307.857898461054	9152.758926118415	5929.475190571654	2976.414693090938	15535.131347422286	22023.17707027096	5.3
408	7354.671826981669	6149.352996077024	7286.632804861143	5064.90473028668	2875.539114973329	12519.724420818076	18529.802027996535	2.6
56	7279.990752223828	8116.1468364484645	8928.681264839484	5495.914436102314	2889.258659348263	14183.48928779991	19932.23336792125	1.2
637	4394.006585541419	3364.2706110960576	4215.0409798447145	2716.7157355549466	1190.8837964712773	6684.963918433204	11619.271264379364	2.0
127	7190.249993005874	8775.931853368551	9543.164686079	6173.012211188779	3063.9438808058594	16333.926028831256	22643.85332866901	5.2
143	9836.153941271297	9805.840647849702	11194.601291551782	7814.28058589211	3939.020057283266	19531.79350037966	26898.022455220205	2.5
509	7811.675704091877	8178.6658101861585	9617.22186057269	6390.672912065923	3308.2459711232773	16457.19926360006	23038.041496837035	4.3
386	7839.882065989317	7927.025160206931	8818.991315903571	6242.162343173369	3261.912070710299	15345.37338741337	21763.591902915232	3.6
7	7344.818853835368	6127.997841957452	6624.8253941899875	5022.930021842723	2727.3699407474905	11919.696957781336	18415.16649587366	5.7
463	7306.243258204681	9089.120907884188	9819.401755760355	6522.602640345536	3302.246841232142	16405.55276481055	22491.069039698945	3.3
17	6736.700353588831	4434.510172834436	5751.084119609584	4085.2080532668415	2310.1749737185437	10072.564321636033	15385.873093130587	2.8
85	5104.719753547171	4246.035457632361	4711.102161122847	3297.54168898168	1987.8784122570103	8439.639302213413	13070.782906019786	5.9
72	7542.182111357316	6604.513616721043	7225.956562047765	5538.413505861464	2711.7444293330136	12236.108436013637	18213.496036652286	1.7
33	6053.698988762373	4712.450214685297	5619.769431161121	4323.374588001583	2381.6441530357883	10313.261175188334	15426.003921992386	3.8
634	6226.227328218423	5829.829196000315	5995.017056852602	4371.927686924488	2373.3130384719316	10431.958974624127	16524.043928524454	4.8
93	9208.925358427316	9547.689191256806	10752.996371196117	6901.170577880038	3575.958872584624	18112.197826835705	24907.659274242047	2.4
185	6962.35000569919	6718.403936606797	6974.9121996567155	5018.097959817521	2955.57539474126	12681.50229002896	18250.34158504431	1.7
181	7533.56171568628	8728.684100324057	9381.104755630071	5787.4282761791455	2942.4870473784395	15428.567068789387	22324.304141453875	4.2
235	5402.017851781949	7291.612978499885	7542.414479705794	4858.906903209256	2788.0954378175006	12913.605632995743	16892.871198628905	1.0
28	7134.020797601562	6657.036866821431	7216.400729222653	5173.314164444566	2694.711102782805	12227.366213471449	18078.982163295084	2.7
469	4935.993312830117	5175.715057858793	5791.80895582927	3540.9020335082187	1374.877946978338	8151.718924727679	13507.259287932071	6.0
339	9778.885733456138	9820.183717760472	10915.76941474015	7598.466140964868	3908.729393080363	19512.736655895733	26313.089971818546	2.5
1	6448.819900898301	5921.14060784559	7928.72062617047	4802.623875317358	2130.507916297	10808.045895786541	16432.13408687963	1.0
354	6346.43530130024	5488.271978239651	5780.80888902541	3935.41946171743	2226.2884316892455	10317.230218221153	16171.6869014827	5.9
573	5943.079900393519	5548.989610990472	5980.282476160799	4417.807539293756	1935.7259778777702	9655.542841263225	15863.137594534885	1.0
365	10037.064290384471	9796.213076105534	10351.482048516526	7337.354364184549	3800.417029367188	19223.803869533047	26369.740129515376	3.7
496	7865.978893435367	8656.480967638709	8940.28134533353	6421.801542898269	3085.2841100404694	16410.680977946417	22870.09771697677	5.1
423	7221.205424957181	7242.233072618943	8950.321934702555	5519.993854362654	3357.1367453346325	14766.314465631593	20381.234417926942	0.2
516	5132.085977000158	7212.642322020456	6972.417620045587	4913.957250126939	2856.6775793888655	13122.910559970547	17258.30982846811	0.1
549	7138.9658501937265	6316.3635070688415	6841.006782316223	5000.393818145009	2737.999945938737	11590.464989475902	17328.175246063172	0.9
373	5937.912723345728	7929.203850457778	8139.187362218351	5254.20328352788	2925.201865189084	13641.67724249457	18592.61669169367	0.1
492	5239.106097109808	4211.936070126073	4490.139569127612	3361.8636616534764	2098.5122248514385	8201.371781330172	13347.243695284193	4.9
57	8716.160327740881	8014.279391227861	9446.11792254977	6722.69780505381	3504.329254993588	16537.778373929545	22751.119581756033	2.6
436	7395.153105172185	7821.701172165053	9065.85228612815	5879.391186340337	2891.164804408668	14613.376068424579	20849.948388008732	2.1
210	5618.8294037219175	4506.1289997107515	4715.605595053657	3324.444615391169	2261.1972168005454	8577.450050312798	13651.478478068506	4.9
531	5914.354727915862	4845.1707730658545	5066.55141872101	3887.582433954351	2117.8420355330427	9098.902654955027	14541.281429487493	5.8
132	6182.189713534367	4740.836253376323	6251.193895117798	4413.397116611742	2329.9814011399935	10400.818317771322	15721.253043784189	2.8
524	8432.618867375173	7658.810825238923	9372.39379087955	5925.822919382157	3598.4080271724933	15840.054561518002	22130.945543050595	0.4
392	5096.206080120614	6240.434655070185	7495.787628394976	4965.0622068886305	2571.51681580194	12725.180773491382	17300.745554062116	3.1
5	10194.086096447989	10043.229860736981	11414.496480964826	7690.7391284582445	4104.71534750202	19433.900810153464	27002.961833495407	0.5
275	6092.235203779332	8139.659687651593	9097.025636030987	5783.463231631762	2736.845517802941	14830.265894568525	20210.673405920235	3.2
596	7730.234382043401	8693.30817116318	9356.767272024192	5845.699243120766	3006.7668919378457	15201.036761917647	21088.14873785136	1.3
361	7349.410844733436	7409.72472501209	8771.637993715263	6158.90018467089	3018.791677933372	14463.836212776048	20711.118679980027	3.5
352	6522.63992268799	4436.723885291717	5898.800697915383	4205.6959106226805	2506.8631242698466	10072.146376968962	15206.199089083166	1.7
526	6291.1634316987	5005.666143394073	7176.968127682889	4499.770435557348	2312.071385599617	11859.35983109509	16931.8908752646	2.0
414	6254.110276018858	8374.007747345928	9046.475528875939	5562.953594725102	2995.4710254896177	14659.577661104238	19702.173548961437	1.3
237	6178.769947297963	4904.330507892888	5824.422888869817	3916.6476106039627	2045.2202364701652	9066.292871393614	14175.623524513128	1.9
204	4515.071983922789	4030.207861760323	4669.299679146911	3432.877761594615	1510.5140614931317	7369.158345694626	12476.545035316625	1.0
12	9992.440839476796	9883.159416134351	10906.234156323933	7322.32238802976	3913.9696658255903	19204.76391518638	26118.010941608612	1.4
232	7861.409846278125	7669.0230085717	8024.85867092167	5613.2719990856685	3073.599567737482	14703.931361549223	20708.05839666409	1.7
514	9059.566993898963	9371.186895898827	10579.713514087724	7312.432234944365	3634.7271869494502	18077.76143702969	25151.357261120967	3.6
172	9256.657721297423	9516.09600581479	9825.388264830339	7100.483800751421	3644.8866947601027	18952.848795023398	25452.477132665175	3.5
174	5323.511585839291	4396.078241800686	5243.87502046419	2938.4380522888578	1329.3964709323272	7528.8534648091545	14252.482288538138	5.0
403	8589.805660827207	8790.30765620612	9547.593890115853	6773.173799028081	3557.6522332902623	17548.40384600869	23770.25806687108	1.2
315	7197.430114910469	5593.621794895354	6337.08391111664	4620.048581558202	2610.0430924173306	11443.268361871525	16905.88795202847	1.9
44	9701.748852124661	9737.934778914934	10986.106392256776	7372.2497772229735	3805.294648795516	18748.923021582134	26062.960564561177	0.3
480	9069.602367699734	8675.314663045849	9557.51597262374	6899.237579555001	3313.068101294485	15804.529544532516	23144.465854935588	2.7
30	9967.722840165765	10031.021558712318	11074.436373110364	7475.7414913850325	4048.338232263708	18978.606905681085	26402.790165041315	0.4
501	6854.024135416196	6399.422726084556	6460.077682439382	5064.128295452548	2651.27879040135	11399.67761934191	17095.66098170165	1.8
379	6583.91629879546	5649.04804701676	7637.543946906151	4829.791610672726	2703.5930933693403	12727.244022121915	17870.296201823956	1.1
578	9197.216856557774	9662.843790229961	10552.047392203425	7195.581385729346	3576.27775332492	18229.18123064386	25868.128563722796	4.4
533	6605.498292378519	6186.597840523897	6160.204647575706	5103.594458508987	2460.3870351719406	11172.656672759074	16543.004645666668	1.8
167	9112.808974079546	9472.699110759053	10293.468215832327	6652.373965264582	3405.3378942937165	17600.67183816576	24306.09086332692	2.4
110	6349.232736767134	6131.5039955501725	8177.946203567572	4692.7387316321465	3051.2718075927733	13193.655529285312	17903.443472503914	1.3
520	8400.136621765012	8090.442693689832	8468.131748358901	6128.791284377592	3024.9412174732843	14503.621592807067	21912.165236572895	4.6
449	7859.933955884734	7770.26832346636	8196.169120497496	5916.794791877522	3197.7870500247545	14547.437228411312	20753.734791870673	1.6
88	6820.701492670555	5167.990713134241	6424.709345670443	4765.79346167524	2594.8711902614486	10977.181968444078	16647.37462674623	1.7
383	6191.153292931197	7882.1968151612655	8399.088737130784	5255.8274674895765	2956.6988152367003	14231.198054548657	19182.087073875573	1.2
561	7402.956811596073	9036.126282997515	9896.461484323832	6524.839017084478	3207.0166212866025	16606.5083708549	23322.58508154775	4.4
375	8364.533706881728	8233.646715413908	9079.820526125464	6544.646083854489	3136.2899116948083	15498.602740149618	22572.079868176203	5.5
177	4366.691370407929	4459.2662452155555	4121.617128518663	3504.624698943302	1110.1048571509716	6794.440197808299	12701.288068097927	5.0
424	8196.465911669817	7642.763587204818	8624.402193856948	6150.383907919955	3102.960068812921	14675.36265432385	21945.910721519234	5.8
413	9112.53975454664	9349.290168026555	10435.219672575022	7146.957688379711	3664.6911830833524	17522.82633662989	24750.510911772817	3.7
248	7944.043366214017	6418.672571742843	7353.176598034504	5466.366376059959	2887.130959501844	12751.247631777791	18797.465120061803	0.8
491	6316.624822477928	5154.636474408912	5486.982375530288	4337.427656826899	2243.20099132362	10184.053171021123	15164.32338122611	1.9
35	6848.412207086658	7627.495344841048	7438.558714428134	5179.402179627217	2529.1907731812844	13904.53755166705	19008.059303028676	0.1
402	9861.591197911597	9616.492411682268	11005.589940067484	7588.672028939489	3920.378236016198	18255.392336940684	25828.100621185582	0.6
517	7026.87804709709	6079.754700424825	8483.516285023172	5445.023046716479	2743.7380642021567	13649.270711412477	19540.262778879933	3.1
511	6496.959581963742	4417.271177405236	5245.937282382683	4030.4404247879675	2214.814453482745	9588.703166463687	14531.418474056618	2.8
290	9973.158950599824	10022.074333262877	11104.303230826055	7461.266376684783	3847.8270050042715	19477.277412296884	26958.17356210432	3.5
310	7544.083548085653	8454.625757445108	8998.009939811926	5973.739881979513	2947.4419358797795	14975.112179019405	20998.18322757898	1.2
194	6662.198120897456	6677.119849262961	6736.105674284901	5187.354758852578	2408.1856001891365	11700.732107575172	17431.542007983448	3.7
519	7667.646787880235	7631.4265398416455	7907.180880973315	5683.903598096846	2948.7672053654596	14025.140768726338	20104.541636662223	2.6
607	8541.921404578092	8813.274904048745	9951.876713680025	6875.002921610354	3506.287762957773	16875.138554580797	23779.71078350043	3.5
512	6253.041708888218	3816.3805016652054	5633.660301739052	3773.6245838180093	2250.5142016440327	9425.959349434857	14314.66876127857	1.8
340	7923.480550861231	8714.455786422695	9217.03612555247	6126.838942564722	3036.776013602788	15531.605486451701	21636.950438195905	1.3
123	5404.778085825602	5064.046178744244	4820.964043496388	4012.8478615188124	2229.9725483551233	8872.177621140936	13876.768653453339	4.9
303	6707.509326055896	7147.766472863545	8341.355832538062	5335.274148636864	2653.9828873823094	13792.787458485727	19585.52084134502	5.0
190	7231.416159209336	7853.507725539525	8757.846227775315	5553.646253644534	2735.726879629808	13840.715291744442	19533.10521625781	1.1
102	7139.560023429919	7267.89728567706	8769.617140689474	5780.463910258313	2673.609171042428	14074.950952281486	20080.949280084682	2.1
569	5718.557229050325	3709.69166273664	4573.188295822777	3335.200382592557	1974.8155953163023	8612.977547986839	12677.208815265987	1.9
426	7548.245689393083	6311.3940692556935	7070.2104930306405	5301.852742396991	2585.3376188601483	12035.41609256381	18019.201833680323	0.7
613	8016.419828646166	8619.353524025904	9124.869821155582	5816.832093083974	2857.382036853425	15222.108997915524	21074.343779961175	1.3
296	6865.656552265464	7266.185979624291	8541.4805725238	5666.13325538793	2527.7868781147813	13899.135606049633	20366.083048130025	4.1
470	7847.120042208237	7397.598730621599	7203.946133560214	5556.689320238016	2794.0862610730414	13003.090333228272	18921.359029468407	2.6
224	5053.5327932027285	3756.1332640806213	4305.996315930496	3224.4677686083774	1880.056475994977	7545.572402383966	12207.61872151227	5.9
236	7036.010083312028	5701.338060990217	6374.501712976254	4864.141707402311	2593.1775506536255	11548.72677658973	17011.286499655653	2.7
353	5045.487482065382	4722.174399988481	4720.8419045766705	3789.6007545307693	1241.2820433506147	7414.349252107052	13742.973952448072	6.0
238	10041.001252932676	9972.86941017938	11178.805312343839	7607.567822557641	3915.2784988770563	19172.306954947744	26802.94407518298	3.3
566	6953.900877637468	8422.95142833038	8791.869266016793	5753.444661489946	3030.4436136486474	15242.647034195901	20375.979999111027	1.1
632	8768.360685744448	7514.542654224268	9527.36417524454	6275.977027653937	3613.801878428438	16277.354883406331	22547.59038936572	1.3
448	7471.258764556965	8185.894214166061	8476.033026580077	5748.594112369621	3092.4961766058323	14684.17746198382	20603.05900204857	0.2
227	8440.128526661756	9436.948459113319	10436.18834068948	6930.778166864939	3581.7300383414317	17881.901565661956	25074.016583820547	4.4
540	4823.178404074385	4557.013131555462	5272.7216981310185	2754.6730849531023	1569.414563279756	8499.656075271936	13540.7336926479	2.0
625	6617.34073884277	7953.2549908954015	9079.024921354912	6057.258868329135	2839.0839328620923	15240.707472116765	21148.482298780258	5.1
432	6877.706513801073	8289.556562545777	9039.72396514655	5766.550168489772	2946.5862589854246	15157.641381570807	20445.56113816316	2.1
221	7345.258067247199	7109.287340475636	7233.965458355648	5641.254719880421	2946.575915588595	13809.204879045556	20009.819601419185	5.7
390	7406.584425861213	8157.469614019467	8803.331251732696	5752.5429496918405	2983.7807302987394	14620.911840599649	20520.992976219575	1.1
9	6287.05717613208	7799.317564548338	8844.635723239233	5647.897296237566	2907.2370154337304	14368.921758486447	19599.919584208896	2.0
554	8045.023041550114	9220.394016866316	10254.999684812965	6782.293835833449	3240.3506963873497	17336.927598647977	24363.603710612202	4.4
26	6766.519273138252	6962.6718373096255	8000.8188802149125	5585.2895280181365	2561.2745178288296	14158.494449089505	20218.221458266355	5.1
22	4664.326652105603	4563.976776082842	3957.605574836157	3540.128685714817	1114.6812353030355	7177.799401857566	13527.407729142815	5.0
31	9127.465121592331	9477.662697604244	10597.39190287171	7246.301482544114	3523.949008980893	18229.666206070422	25620.45881389279	5.2
325	7354.4848789764055	6498.260075680634	7387.445511222171	5444.924665199471	2659.489748939942	12377.179681339057	18171.334481088827	0.9
104	5990.067167718287	7797.196089103415	8775.799770050467	5633.538205458436	2790.742879434992	14512.69036682542	20223.99071414347	5.0
605	8031.942985057836	8064.304317430612	9324.555521624521	6521.253901548057	3017.0115912364245	16213.442139828645	22921.291288525914	5.2
234	7574.250430235647	7878.528932370931	9155.622400921166	6033.144586989391	2982.6704316043656	15006.43322377806	21202.87639408167	3.1
272	6926.621796627357	6621.912428596718	8965.380402471988	5104.403450752771	2858.5042112623096	14368.965892022261	20470.603053949537	4.3
456	5426.463992211957	4550.424850386253	4825.701256991995	3622.5958430431133	2145.1599169272827	8784.842637506108	13653.459454306618	5.9
2	7088.454018797772	5116.633616868657	5725.624673906784	4525.806563246172	2576.5746173318175	10806.32385859264	16176.638438564185	1.8
622	8237.530221186036	7969.1412502307485	8483.2132281847	6034.622021012214	3150.972848955522	15148.613342038985	22258.996682464327	5.6
443	8329.697193079628	8869.552725218418	9560.716510292536	6167.553863458937	3290.990030540435	16112.936470661287	22196.43945791381	1.3
399	6792.001852486093	5435.708565034069	6135.87839868202	4712.489149387761	2428.3493806460056	11087.039469486537	16396.86612901871	2.8
29	7282.464294642395	6142.09233838318	6759.094573154789	5344.260798654782	2575.6915916018843	12184.875287701812	18616.09864015583	4.7
499	6506.241061155746	7967.264017148608	8456.759903590584	5981.778642452291	2861.529269221274	15531.272325402628	21467.784065536976	5.2
96	7824.285780361969	8721.327388959518	9193.577965144686	5807.512036539029	3172.2268864415364	15172.487326504463	21081.851169100355	1.2
214	5981.514318440995	7317.867991414226	8561.59964756728	5702.145659049827	2656.431845675616	13989.922181826933	19612.92691145073	5.1
388	6532.850877964494	5959.249832594857	7948.709627290626	5122.054596203009	2533.992374627015	13027.341623381175	18897.99526258512	4.0
483	8309.687350932638	8149.1968439144475	9589.411571865752	6592.7386309637095	3175.7466572983235	16592.448129168144	23451.475414869656	5.4
460	6079.003161339092	4367.320917270335	5947.503537203845	4191.07689040948	2239.283383966924	9755.81815444701	14491.827287766357	0.9
507	7137.906018102171	7509.082441306726	8628.245082444319	5624.7379646616055	2724.506545145829	14458.102830017622	20126.246318285153	2.1
120	7776.010369191542	6759.664127783103	7179.7112194628335	5580.54769846486	2835.8750566955177	12587.087226034286	19528.059702358303	4.6
261	8118.195508290323	8286.006392967865	8759.077167464246	5814.754646482792	3034.7237597434732	14789.306231260372	21368.01020024336	3.5
64	5959.498677473849	4306.138562555264	5572.435408685575	3970.6097991518177	2251.2653002097295	9447.782284990015	14010.132968586644	1.8
582	7549.198628557682	7906.959189520079	8724.559847038721	6209.244880747513	2838.893805370855	15692.697345797815	22089.881539652957	5.3
137	7219.427214787356	7759.934071083228	8402.959892419605	5643.910315681571	2678.637320895497	14755.652448503151	20579.126960962214	3.2
