Performance Statistics:------------------------------------------------------------------------
Training Accuracy	Testing Accuracy	Training Coverage	Testing Coverage
0.9135560698893138	0.9106767587051928	1.0	1.0

Population Characterization:------------------------------------------------------------------------
MacroPopSize	MicroPopSize	Generality
663	1000	0.9203076923076846

SpecificitySum:------------------------------------------------------------------------
N0	N1	N2	N3	N4	X	N5	N6	N7	N8	N9	N10	N11
0	0	0	0	13	999	0	0	7	0	0	0	4

AccuracySum:------------------------------------------------------------------------
N0	N1	N2	N3	N4	X	N5	N6	N7	N8	N9	N10	N11
0.0	0.0	0.0	0.0	10.831494957820151	805.3722056893846	0.0	0.0	5.761046602662169	0.0	0.0	0.0	3.3923210504606547

AttributeTrackingGlobalSums:------------------------------------------------------------------------
N0	N1	N2	N3	N4	X	N5	N6	N7	N8	N9	N10	N11
29240.583849664523	19512.193342821734	91380.22822029886	137973.0565495055	859579.9603843548	21847976.95676795	42519.49127060427	98025.72391186291	256678.02462874723	19179.257272932497	8177.1532275042355	30629.091607000762	98922.36187003188

Run Time(in minutes):------------------------------------------------------------------------
Global Time	56.33536549806595
Matching Time	3.8876128435134887
Covering Time	0.0
Deletion Time	0.32237652540206907
Subsumption Time	0.0
Selection Time	0.07879945834477743
Crossover Time	0.007255864143371582
Mutation Time	0.0
Attribute Tracking-Feedback Time	0.4881316860516866
Expert Knowledge Time	1.2856695691744486
Output File Time	0.0019723296165466307
Initialization Time	1.2884196360905966
Add Classifier Time	0.10245702266693116
Evaluation Time	12.922417811552684
Rule Compaction Time	0.0

CorrectTrackerSave:------------------------------------------------------------------------
0.7155639419399911	0.9534735768446645	0.9618541305197164	0.8989503905363151	0.9199285111679708	0.9570332588512378	0.9074115008068806	0.9229403276845045	0.959471499984034	0.9699179185573539	0.9588033118971397	0.977163642359783	0.9174416652893397	0.9630479285122507	0.7626313353331651	0.9619760871785996	0.986598888138982	0.7189172463063753	0.9496521851805779	0.9756473049316393	0.9785703101767729	0.9169941423197567	0.9495192654187388	0.9896667889389041	0.9532989924676936	0.8551149515964747	0.94953130105519	0.9511239649350669	0.9902160190579992	0.976213193030843	0.9497499863265051	0.9509269126874589	0.9877938219863437	0.9719286434788889	0.9708730758301899	0.9959337567069811	0.9878096114133852	0.8565586668586309	0.9172240488896183	0.9625561269033883	0.9959055833006022	0.9387924273173174	0.9564765875584161	0.9008310821109298	0.9815872601657147	0.9639676298341164	0.938955265534535	0.977101422089025	0.9749125771664205	0.9686501966618284	0.9148618899572499	0.9905047136980925	0.9582647500092948	0.7254477633535223	0.9462564754564696	0.9441820861211094	0.8962231482946841	0.9486694735704598	0.7173170991476971	0.7768119687379498	0.9506202188132632	0.9961081131271113	0.7179006103054082	0.9911901150267359	0.8465062950001171	0.769067653178759	0.9430099416017798	0.9508864081728957	0.955747412152125	0.9829908740941823	0.9418586181584142	0.7132851661420978	0.8975294523180557	0.9117810448964863	0.9496276026089795	0.9452020581254699	0.7054605688584756	0.8506785412173101	0.9061951535062752	0.9965449205444981	0.9563761120081323	0.9463231136599621	0.9523355514177467	0.9443258551752927	0.9102772444638698	0.8418940771458867	0.9565692850020723	0.7011972991405129	0.9667254660126525	0.9137725977321765	0.8974183558293586	0.9654803344617653	0.8199730912022566	0.9923146359950861	0.9256728627663955	0.9545243635520205	0.9116081275425453	0.9378966653070681	0.9312174331545143	0.9547884445417276	
GlobalEpochStatus:------------------------------------------------------------------------
True
ParetoFronts:------------------------------------------------------------------------
Incomplete Epoch:
0.7087890988131672	0.9317618508447778	0.9317669319174159	0.9318516443802648	0.9326045353103924	0.9326195259747523	0.93270339100935	0.9327251590811848	0.9327586418442871	0.9329376647585784	0.9329743793053323	0.9812645477034896	0.9812741063040091	0.9812749506921868	0.9824266031995211	0.9824600533182176	0.9834562873268979	0.9834819375323791	0.9835288795706867	0.9835775472449862	0.9836082241047198	0.9836193463965398	0.9836561599461726	0.9837436083265854	0.9837563942413107	0.9837564515626147	0.983783085353952	0.9838846572945155	0.983903834055492	0.983908986461713	0.9839186580232655	0.9839324700354772	0.9839343028715513	0.9841539474669903	0.9842126135968794	0.984260771619252	0.9900699942350429	0.9900759335831594	0.9900918029676893	0.9900996904887701	0.9901110182651881	0.9901382339629039	0.9901456856036025	0.9901457412551359	0.9901628752533436	0.9901734085168934	0.9901837618625424	0.9902892523763369	0.9902961331241814	0.9903356140088936	0.9929693208802228	0.9929930823051317	0.9930006882462011	0.9930086289094932	0.9930256409324038	0.9930287427237038	0.9942982058160513	0.9944222097881751	0.9944868479584383	0.9944976142538926	0.9945087576718568	0.9945228847513502	0.9947640218802565	0.9948421745387103	0.9956234713650937	0.9957418328830681	0.9969525087747558	0.9973364857242059	0.9995637980396724	
576.639344262295	375.6283716283716	375.352	375.0576540755467	374.983842010772	374.85141294439376	374.7625113739763	371.9065743944637	371.7482758620689	371.0309278350515	370.95368782161233	366.32303090727817	365.12307692307695	358.8225524475525	352.7758007117438	352.41310541310537	352.23719676549865	351.76151761517616	351.7496443812234	351.37366548042706	350.997150997151	350.0417246175243	348.7136929460581	347.7590361445783	347.6106194690266	347.03225806451616	345.7882352941176	345.19736842105266	345.06972928630023	344.79532163742687	344.6606704824203	344.3478260869565	344.1876046901173	340.5893909626719	340.05899705014747	337.92694965449164	306.2008032128514	305.9050683829445	304.69237079573423	304.6381578947368	304.4971381847915	303.9966555183947	301.47457627118644	298.99740708729473	297.9268292682927	297.5916230366492	296.63881151346334	296.50294695481335	296.0315893385982	295.8308751229105	274.5493871665465	273.93939393939394	273.7237888647867	273.28	272.8971962616822	272.49329758713134	95.99708171206224	92.75493716337522	90.95391705069126	89.58333333333334	88.47433903576983	87.84477379095163	23.8758109360519	21.341521394611732	6.757763975155281	6.097879282218597	3.1965517241379313	2.710526315789474	2.4667170953101363	
Complete Epoch:
0.9736754834494862	0.9754205179156322	0.9759565493849365	0.9821530367572485	0.9823291333364	0.9833750991663045	0.9833770301218895	0.9834133564532422	0.9838370252143096	0.9840763051897234	0.9843720470303893	0.9848194374823884	0.9851862027359443	0.9898615937743461	0.9898878117698627	0.9899191585913543	0.9930086289094932	0.9935138342238449	0.9944136583662078	0.9946762352279052	0.9948400779280846	0.9956234713650937	0.9957418328830681	0.9958477436544312	0.9960026918452063	0.9967594125496664	0.9969058875985252	0.9977526625251445	0.9991228553286252	0.9995637980396724	1.00000000000145	
749.0	369.3933333333333	368.92	364.5833333333333	355.47	352.0	351.4133333333333	347.0833333333333	345.5466666666667	336.5833333333333	336.15999999999997	330.2933333333333	322.5833333333333	305.1066666666667	304.4533333333333	292.584	273.28	205.8	88.236	20.297333333333334	7.286666666666667	5.077333333333334	4.984	3.1333333333333333	2.9573333333333336	2.8746666666666667	2.7253333333333334	2.306	2.2453333333333334	2.174	1.5066666666666666	
