Performance Statistics:------------------------------------------------------------------------
Training Accuracy	Testing Accuracy	Training Coverage	Testing Coverage
0.9172180390119562	0.9202991398200093	1.0	1.0

Population Characterization:------------------------------------------------------------------------
MacroPopSize	MicroPopSize	Generality
660	1000	0.9129230769230692

SpecificitySum:------------------------------------------------------------------------
N0	N1	N2	N3	N4	X	N5	N6	N7	N8	N9	N10	N11
0	0	0	36	0	999	9	4	17	4	45	0	5

AccuracySum:------------------------------------------------------------------------
N0	N1	N2	N3	N4	X	N5	N6	N7	N8	N9	N10	N11
0.0	0.0	0.0	26.033213552906	0.0	776.3817239464603	6.692967601386619	2.0903487307340702	12.48580390863607	2.832859909489087	34.76427122135793	0.0	3.531186178130969

AttributeTrackingGlobalSums:------------------------------------------------------------------------
N0	N1	N2	N3	N4	X	N5	N6	N7	N8	N9	N10	N11
111852.42536059895	22477.159567083992	32669.809324664075	510826.91151583917	49447.68505941533	8222790.3383778045	150809.0103837286	165269.51992901572	240232.9447141471	68907.77088537837	547803.7042477987	24383.243837817106	152205.58902769908

Run Time(in minutes):------------------------------------------------------------------------
Global Time	36.60360103448232
Matching Time	2.2825575629870096
Covering Time	0.0
Deletion Time	0.22009419202804564
Subsumption Time	0.0
Selection Time	0.042206652959187824
Crossover Time	0.008681154251098633
Mutation Time	0.0
Attribute Tracking-Feedback Time	0.24874605735143027
Expert Knowledge Time	1.4143941005071003
Output File Time	0.0
Initialization Time	1.4173931360244751
Add Classifier Time	0.08244152069091797
Evaluation Time	8.04032229979833
Rule Compaction Time	0.0

CorrectTrackerSave:------------------------------------------------------------------------
0.9134821454273416	0.9796055730993516	0.9523550330842434	0.9725051027609569	0.9170503405796679	0.9590822860206473	0.9652963820608145	0.8385359452372181	0.9587890288163998	0.9712963675412102	0.913033089125689	0.9414811808403618	0.9204445105104135	0.7819992121439803	0.9667066871412967	0.9557825523657295	0.9771594463784884	0.8784140148839309	0.9386744787805648	0.9773760720796864	0.7674776313849814	0.9247545799726227	0.98638710817228	0.884940261750544	0.9305815858023339	0.9844315865920208	0.9384039709297667	0.9899169564124405	0.9466501581495997	0.8484338056041778	0.9727181046277148	0.9469824989571192	0.8584513316909843	0.976338749637294	0.8493988597755273	0.9160431852992093	0.9669423103958322	0.8863041196714585	0.9973196982898225	0.8391430496197637	0.9931465137778288	0.8283276993120723	0.9853574574290191	0.9884226883777548	0.9176273228552767	0.963082839762904	0.9083590114698947	0.9349651528573688	0.8765653240683136	0.9622259936515416	0.959193550129275	0.9921463841651589	0.901133621137095	0.9000991221509966	0.9602115228304694	0.8655758372497336	0.9445706774400585	0.8041696268834384	0.8948782677143678	0.7758431421377744	0.9214782588744395	0.8663100781578003	0.8874788511803873	0.9332902102140299	0.8759262923948212	0.8528514096320472	0.8588344211433533	0.9284203861408687	0.9329587348553283	0.9640080198010639	0.9069985186761065	0.9505813573148536	0.9557143524723628	0.9093273406611638	0.9691700911378935	0.9512791217967661	0.9833402561955704	0.8547607174370351	0.9325524910741885	0.8702200668141341	0.8479550279361009	0.929161448289126	0.9688151301914434	0.8838985176144609	0.8520921090050337	0.9653917424989005	0.9541424713831882	0.9639390188077658	0.9477238595410086	0.9098545327691043	0.878461656148987	0.8390759838390411	0.9351996742524402	0.887899950530346	0.884370732808033	0.9802761045296852	0.9877652415688648	0.9728932952228222	0.9642543033641691	0.7975933258163221	
GlobalEpochStatus:------------------------------------------------------------------------
True
ParetoFronts:------------------------------------------------------------------------
Incomplete Epoch:
0.6626607048971715	0.6638623324723577	0.6648446332065915	0.9700360780274719	0.9700428849563159	0.9704531416658934	0.9705044108122228	0.9705321876420209	0.9705769823366377	0.9706388378242723	0.9706620016488225	0.9706934319998008	0.9707552093787358	0.9707810322207442	0.9707993189897359	0.9718978418683416	0.9719007304080427	0.9719437391909124	0.9719934287012344	0.9719964422245452	0.9720071748568068	0.9720729230388876	0.9722948996133035	0.9723785534356563	0.9723922846962565	0.9725790304191855	0.9725815324052053	0.9726000132329504	0.9726239545430962	0.9730814865250864	0.9731391755811063	0.9732189958658184	0.9732558653387774	0.9734473964447159	0.9734483684282512	0.9890119706232627	0.9890691148162999	0.9890755031858303	0.9890870310064733	0.9890928715318138	0.9924227229005238	0.992546263875789	0.9925503415648057	0.9973431843979171	0.9973680558260779	0.9973808605254156	0.9973821938606013	0.9991389082970837	0.9992427848532738	
538.1882770870337	537.8113879003558	534.7003154574132	364.59486166007906	364.283185840708	364.1781818181819	364.06513761467886	363.8703535811423	362.95170454545456	362.9259962049336	362.81547064305687	362.0868347338935	361.8915343915343	361.3078947368421	361.2811950790861	345.8442687747035	345.19952494061755	345.0278637770898	344.85890516576717	344.7328125	344.5439814814814	344.41360437842064	344.3141153081511	344.0366699702676	342.8773307163886	342.4701923076923	342.07507218479304	341.9455066921606	341.87931034482756	324.2916666666667	323.621776504298	323.23900573613764	317.0390347764372	316.41116405718174	316.0081967213115	315.26842584167423	313.8425312729948	312.262965668371	312.06409322651126	311.8663761801016	300.83712465878074	298.3193524650478	292.8518263266713	173.22772277227722	172.0036866359447	171.28280961182995	170.24236817761332	2.8864864864864863	2.59780370624571	
Complete Epoch:
0.6355934982373458	0.6832051228411838	0.9747816265707193	0.9751047474415744	0.9786489557657397	0.9793238152096527	0.9834917280294182	0.9864225231904191	0.9865615046954828	0.9869059393017883	0.9880735279468958	0.9889567978474495	0.9899558519642414	0.9925274150599054	0.9926512150491255	0.9928954063887745	0.9973419538480107	0.9975051585770863	0.9992427848532738	1.00000000000145	
523.0	481.0	372.90933333333334	368.15333333333336	358.7733333333333	350.09333333333336	338.504	336.432	329.276	324.26800000000003	323.0	308.416	302.4266666666667	293.4026666666667	278.98	273.25733333333335	169.344	83.80799999999999	2.5233333333333334	1.52	
