Performance Statistics:------------------------------------------------------------------------
Training Accuracy	Testing Accuracy	Training Coverage	Testing Coverage
0.8459034978761669	0.8576783799290639	1.0	1.0

Population Characterization:------------------------------------------------------------------------
MacroPopSize	MicroPopSize	Generality
742	1000	0.8193846153846103

SpecificitySum:------------------------------------------------------------------------
N0	N1	N2	N3	N4	N5	N6	N7	N8	N9	N10	N11	X
109	286	163	202	194	51	62	3	126	4	8	192	935

AccuracySum:------------------------------------------------------------------------
N0	N1	N2	N3	N4	N5	N6	N7	N8	N9	N10	N11	X
66.4512650618361	179.73348124985915	101.52389903396463	130.400160763847	124.40554844010725	31.757570136427397	39.57296897115869	1.7777359723360238	77.58149448992106	2.7061337564729238	4.793188697811151	123.02130244583716	636.0669124901079

AttributeTrackingGlobalSums:------------------------------------------------------------------------
N0	N1	N2	N3	N4	N5	N6	N7	N8	N9	N10	N11	X
2083342.0955958574	4715758.258029798	2170349.9177895915	3261760.4074073154	3171359.475453768	1232070.3101865188	1641529.0852891575	522716.02366601996	2724561.588454008	1097924.8872142285	1050431.7566732806	3510187.9308519685	17582555.652938835

Run Time(in minutes):------------------------------------------------------------------------
Global Time	219.79388078451157
Matching Time	3.488336153825124
Covering Time	0.0
Deletion Time	0.4069400509198507
Subsumption Time	0.0
Selection Time	0.08582223653793335
Crossover Time	0.05143364270528158
Mutation Time	0.0
Attribute Tracking-Feedback Time	0.7985457380612692
Expert Knowledge Time	1.2127567489941915
Output File Time	0.002324986457824707
Initialization Time	1.2155741850535076
Add Classifier Time	1.1088790019353232
Evaluation Time	31.559995305538177
Rule Compaction Time	0.0

CorrectTrackerSave:------------------------------------------------------------------------
0.8068360645292387	0.8357874118534852	0.9632267285289466	0.4165291382863201	0.9344777164501982	0.8863882173616329	0.934918407485681	0.8727581799202803	0.6069430617069742	0.8938951317810833	0.9463857793937487	0.8064891287540694	0.9554453274759436	0.9579220959808058	0.9730098531947493	0.6775653640771226	0.8603831064284759	0.38391354901513597	0.9919106115386946	0.9544276226279447	0.47828201321015307	0.9104856544271098	0.8598132614938181	0.8221957342847015	0.981435788631927	0.804817360970627	0.6194571428233511	0.8547191566321771	0.919797401700261	0.9013786637157785	0.9485820399714363	0.9502374899249573	0.5636940222598072	0.9019143720599581	0.5672680378444579	0.8015110246465467	0.8482244508023273	0.5340214127803329	0.6717951140894596	0.9012872347424545	0.7803289114924773	0.9966740723731119	0.9782169375799148	0.7944098384046883	0.8367064072211406	0.9984483883651856	0.8228251485441466	0.5226594080646187	0.6461754530469392	0.9921898126097838	0.9989168788092674	0.9262264725188131	0.8756875542735851	0.996470853445024	0.8407397104721724	0.7727529613842169	0.8252653139218855	0.987985930080021	0.6905274123030809	0.992635767657943	0.9210798089559892	0.9365415984144433	0.9215198310920523	0.9900267417625273	0.9867252206906745	0.9177317126022352	0.6176785480718352	0.9347545525666541	0.8702719588878423	0.99109172358999	0.7812443637888109	0.9819662890479918	0.9898331708575001	0.8884690018564292	0.9686467851542759	0.9934110213569284	0.7875193246071042	0.9780732927950035	0.5174338746822731	0.7570357573891235	0.9801965883413833	0.9861856743393503	0.9300804178160634	0.966693228142777	0.8840251055995602	0.7987257766628493	0.9988203608304955	0.7873005236354595	0.831584228913209	0.9952429120033731	0.9982790278322677	0.8960614639199963	0.9609476311641912	0.9982426509242593	0.950484404984126	0.932027231746439	0.8106496987727947	0.9941141214129977	0.8700411807886462	0.5351888769087827	
GlobalEpochStatus:------------------------------------------------------------------------
True
ParetoFronts:------------------------------------------------------------------------
Incomplete Epoch:
0.9687111365642403	0.96884632545135	0.9688761122455211	0.9688937080759434	0.9821877676895496	0.9822062787898511	0.9822285676825909	0.9829194299143528	0.982927054732296	0.9829555051107244	0.9830021399731752	0.9830450495630653	0.9830801760198571	0.9831240013707003	0.9831327766272664	0.9833569135612319	0.9833977623884631	0.9834317667997561	0.9834422484507102	0.991655185166294	0.9916594072948155	0.9916659854937867	0.9916764133823927	0.9917146304078449	0.9917589903716411	0.9917804890696367	0.9917864780604225	0.9957597762923931	0.9958050267341224	0.9962291407751028	0.9975621717317629	0.9996075254530127	0.9998759576734944	
376.71725383920506	376.1894353369764	376.15145985401455	375.7698630136986	324.616555661275	324.2807183364839	323.99146919431286	322.9531145344943	322.74128686327083	322.72400000000005	252.0240153698367	251.9058039961941	251.51848341232233	249.80035492457853	249.75530035335683	240.409402546523	239.837366892546	238.60167910447763	238.01596244131454	170.5966892400301	170.07030665669407	169.33168666196187	169.18078020932444	169.16587677725116	168.4076433121019	168.22504091653028	167.82145782145778	6.717757009345794	4.194711538461538	3.9421613394216135	3.0720461095100866	2.5161290322580645	2.207547169811321	
Complete Epoch:
0.8365429090475516	0.8396407709074343	0.9688277203299679	0.9723080442950329	0.9829555051107244	0.982968858334805	0.9881464026657286	0.9886293025367243	0.9890764212374631	0.9891983073296313	0.9904955424014116	0.9917694986244211	0.9919129955344922	0.9919294048463486	0.9940933992735164	0.9957597762923931	0.9962291407751028	0.9975621717317629	0.9993131457021591	1.00000000000145	
465.0	373.39933333333335	368.004	334.6546666666667	322.72400000000005	321.872	273.644	262.86	211.87266666666665	210.5846666666667	194.63400000000001	172.30066666666667	77.50399999999999	5.504	4.886	4.792	3.453333333333333	2.8426666666666667	2.58	1.7426666666666666	
