InstanceID	N1	N2	N3	X	N4	N5	Class
477	700.4909242992843	419.78457913511943	528.1603160249673	1024.3273836185335	388.1207025241941	531.137012450409	-0.848872488540578
421	742.6230805319605	489.536926131879	630.746944298911	1245.2556065833137	458.4830709686801	759.8742644149919	-0.848872488540578
178	917.9410248161388	668.6890123444549	737.8324708679461	1135.5309666567118	645.7324797163104	833.3361251155588	-0.49901177664292
576	938.3865163408097	495.38457172253965	810.1126063692803	1440.9809621054148	426.3802924138026	628.0115997606183	1.41088885306209
387	1399.3656757257527	847.2143901058618	1160.6691371376576	1874.1429383836467	831.8388906771379	1060.3154265706478	0.493150590278539
183	1182.7372575177608	661.4605229905288	952.2653360959584	1815.540352854217	582.06250729332	880.3997275490696	-0.675262089199912
606	1143.765729629652	731.1374220277779	902.4009729600776	1781.9290779359815	572.9057358467649	883.0148347679805	-0.675262089199912
212	1361.0143912274455	855.1491235861536	1096.567082300924	1876.582678789529	776.8422435623346	1093.220611657736	0.493150590278539
617	532.0134959799835	213.2352931569418	434.89384396294713	854.4864343881992	168.59799099925598	337.0958319455653	-1.38309263996582
433	786.4254875140404	319.11560621651887	736.064494709988	1743.6026825813497	216.18524354096346	563.037707397856	-1.41044611617154
398	1082.479665492827	699.158579024834	884.3603549677701	1349.602131495842	673.3348569383982	880.5237755974719	-0.49901177664292
145	855.2505081351101	546.2641633931806	666.8904683537756	1265.6841150690427	498.53310571870225	761.3270883406326	-0.848872488540578
3	1261.6188310063771	778.5328547304384	1082.9592325045314	1729.5713069729356	669.6985103995015	1008.7267884608834	0.843858212814768
316	1035.8041397662644	745.8694893207829	867.724837087348	1188.7089132151264	745.7716642147105	957.1059508668053	0.68075478845144
153	1015.3655010434998	580.587219554653	919.1345675984509	1450.0005151869461	527.3833361161908	708.0060027803108	0.843858212814768
616	1405.876827017352	865.4041601067892	1114.9398973476657	1832.8898850610465	789.332442185084	1097.4326303440273	0.493150590278539
284	834.341029499695	486.5996716671645	697.2618260165873	1182.882735376671	384.45503935762116	566.220790462617	1.41088885306209
494	740.0401979471457	339.7412449837599	635.3987458054837	1688.7959695099335	177.24877226889674	526.2805813050869	-1.41044611617154
84	967.7660474025214	488.7607357492842	884.3129590051936	1571.8961220087285	400.37336054809117	702.3754202983877	1.41088885306209
567	792.277144372333	329.7523806594502	662.8094063999915	1608.648014135047	226.78518706796208	444.6566854106165	-1.41044611617154
79	1010.2657557476314	537.457724744892	767.301994468099	1746.9432515379915	391.5223962308921	703.2426808676921	1.38177329067604
412	1297.4375296284084	824.706856750923	1119.1070466815584	1797.4065801703362	731.5684511387212	1021.881432958997	0.843858212814768
121	697.9918615946858	309.1942832537546	578.7504313285446	1296.9028153317036	204.23771642409224	351.0146872648715	-1.38309263996582
431	1251.2780301977436	687.7217020614404	967.2107766039746	1867.9069135785999	652.0995588282689	947.4121293734253	-0.675262089199912
330	919.0294907531802	501.6242872847389	826.8082999054631	1396.8149482709857	426.2443733752035	645.4052179943154	1.41088885306209
14	987.1937189724106	477.76154813802015	839.0706665144414	1507.615663122861	406.3605006158886	603.3856113103511	1.41088885306209
486	914.9529062542312	570.7106746789817	790.6276063548548	1363.9315168774513	613.1375696676248	774.213226469914	1.0
269	843.4578464052806	545.5336688794596	724.36891391306	1344.342119879905	506.75439054482786	692.3056749393372	1.0
0	1082.1336655103996	781.322297690358	869.0552228138175	1233.3066770295095	785.0900870032644	961.2176620772494	0.68075478845144
358	1171.3515261374037	695.2143066936192	889.5541237170418	1815.1160333492633	568.3867657687869	842.6997142447736	-0.675262089199912
220	1331.7971242592162	809.3627490765765	1121.5760180508498	1820.30554612218	786.1907490651224	985.1547056777157	0.493150590278539
117	913.4807370952416	633.2995511115978	700.9238764602233	1081.6897273094733	596.9683298200771	820.6581132758157	-0.49901177664292
184	1066.7078641621351	776.7304349749293	879.8968253750811	1215.208559338717	789.4751911376819	939.1700404550845	0.68075478845144
586	708.0059100045361	477.78241346250667	626.1975688201805	1209.8463548518025	434.11883669017067	652.6918302813084	1.0
536	754.3891902222049	291.0739838335508	640.5512339472864	1684.444023579901	171.5575185506659	497.0952403297401	-1.41044611617154
348	908.7023965417686	457.55521208901536	771.386008152083	1368.5361293254834	412.2777631812832	578.3311199713844	1.41088885306209
103	1407.5379664190289	875.0691194640865	1188.4698803996396	1871.4179348381288	836.4731032913826	1086.9854232982516	0.493150590278539
155	1039.9203466658091	584.6750957637752	874.8007533438924	1485.7157749561993	479.506594763682	745.0287618285597	0.843858212814768
452	1022.6228458350143	607.1211319787288	883.6683500450393	1439.1097598810863	477.46609848795845	716.4217603311431	0.843858212814768
589	493.9396661091515	223.225338675786	412.142091647957	822.149468832262	151.88635526789975	300.2382315196362	-1.38309263996582
276	762.1466350719402	545.4477517699894	698.5403136744446	1308.8412345503584	509.61217758144477	743.3770797482929	1.0
614	1176.7349922826122	674.6421815595312	957.8033712934247	1813.2485602476506	577.6657722383429	786.6925210888568	-0.675262089199912
444	587.5545538337263	282.7595950555329	487.2788893794828	1079.3886328424032	188.86901723849832	329.4007846549613	-1.38309263996582
560	1356.739271781662	847.0476257409144	1172.5790659307763	1893.1208527855656	822.8131415403253	1071.7511243672188	0.493150590278539
527	1069.1193577403808	612.4989789623568	905.537364197433	1490.019959696447	543.7780529290359	709.6350194917727	0.843858212814768
239	764.6515113302069	319.0730804054283	710.0895562134468	1728.5176475122776	218.10851248311943	553.3547508217672	-1.41044611617154
274	1359.6513050378044	819.4589772296216	1134.2691089576479	1812.8787267691166	800.3079355433454	1009.3310037150623	0.493150590278539
478	907.5964601382497	642.8955418715045	717.3713064333148	1078.1214207021808	599.8186900644627	772.5802875460406	-0.49901177664292
118	601.1387462936028	291.7795041486877	539.4846361095516	1054.1379535623141	158.32502473303026	310.5227903350864	-1.38309263996582
425	773.6645442349618	341.1695900530478	666.3814068725188	1388.536914538301	232.70965660283827	439.3725740556743	-1.38309263996582
604	1198.334682880507	768.4684300374915	1003.5860905872242	1979.6214522181683	618.001196350721	971.4761562426518	-0.675262089199912
146	1379.2348773731019	856.840264199848	1116.3117178356654	1876.7091042931406	793.0294741559118	1084.5227203564316	0.493150590278539
60	1176.5045872277394	769.0367263301401	899.7577784379223	1286.5925375796687	778.606831636906	963.165542300822	0.68075478845144
506	916.0729203876648	644.9987040491898	678.5081264237791	1061.702243249341	587.4731103043129	769.0171298064901	-0.49901177664292
113	840.9478989191774	487.8285643448631	764.8874799718966	1603.668271860969	366.08820484691495	620.3228252232134	1.38177329067604
42	1036.0636478333997	722.5591138657588	888.0865280322454	1211.8183509594246	774.664281319385	963.6915399451339	0.68075478845144
334	884.7954975190055	621.4028222576248	618.156553619954	972.3855906647406	578.1092067944539	667.6141075712347	-0.49901177664292
298	1157.955415890138	708.2019156907567	929.4843689478544	1787.8140542540104	589.9285836992888	854.4832573039691	-0.675262089199912
253	1036.9326404456435	724.760188289336	873.855208701541	1202.9820529510605	761.1235495361622	942.6461320172118	0.68075478845144
488	704.3247711226234	445.7054519848333	670.383503657766	1243.393510932743	416.14006532897525	627.0994960539649	1.0
67	557.3053693132737	351.05895473895276	496.93990449324724	1015.2202274499411	346.8019644525797	566.004193957046	-0.848872488540578
241	1193.116393381647	683.3481148221346	914.6650703389254	1775.1665670258221	565.5724124670904	775.2011105065365	-0.675262089199912
462	904.8879000601947	620.7587670235265	674.0648953228493	1054.553449599863	638.8822253214363	767.3927374507598	-0.49901177664292
34	1002.3096644836243	596.3304892377921	853.2076751714047	1430.266594679502	516.1208017841934	702.0838113636329	0.843858212814768
165	998.6153702354623	721.6693439555754	839.6111686787195	1113.6648139819954	757.8632174365945	855.0165748362572	0.68075478845144
409	824.7463834325232	537.6911337678848	645.459307825381	968.1681149012386	570.0141348726188	661.7351262772588	-0.49901177664292
11	914.3888685099863	525.6418780765391	754.451372834574	1376.7383866544537	389.81898730223566	594.4852799967139	0.843858212814768
207	648.2471550907891	375.53630922530664	546.3939807633221	1121.7205314638836	406.5673200291023	596.3584408621848	1.0
602	713.5595072997811	431.9137155021697	606.0347609396206	1199.2147287961475	459.80070664013493	667.3955965964674	1.0
363	735.0853028645995	445.15434717397835	623.9571233068415	1190.9672290327512	454.38114347521554	617.7162814419755	1.0
367	1022.4009342183157	698.1166457463294	818.7777614614816	1114.5496997016712	727.9690899984272	883.8210606099942	0.68075478845144
135	927.6533655939196	513.4945169132574	781.9573890456729	1379.1930072651971	391.9088109010835	673.0981223737583	0.843858212814768
397	896.7511944255326	465.9733123822819	765.9517859167614	1344.4911586803605	421.63011608921977	534.3569822638626	0.843858212814768
271	864.1985792498233	451.3102391933029	755.5274448839621	1297.2253292111955	376.57632572375064	580.735150277445	0.843858212814768
396	893.502710624384	574.7408597799223	694.3582645663797	1055.1620965527934	553.6955267724255	677.1071446777227	-0.49901177664292
552	1338.7333448726447	812.4607730512749	1094.2471663957326	1803.4535983350852	764.2057713235994	953.4100921672058	0.493150590278539
518	1362.9166160949408	829.0172998566845	1152.9213118684734	1875.0866424897943	730.2604982261961	982.9004586967088	0.493150590278539
54	1331.0882468926216	812.2621643039265	1128.9099988660623	1768.544528877777	791.0807236294559	973.6649654530712	0.493150590278539
344	682.0047328791285	433.6583017010704	600.4050531371417	1127.058734478332	386.96864559902747	511.1704472357268	1.0
329	739.2238930880245	339.8882020810873	680.6893331293951	1369.3443596417833	315.1624670171694	495.4583006444167	1.38177329067604
134	536.1260592188764	282.44256288756037	412.47962217271487	909.0256214374278	285.10009829876407	449.674244041203	-0.848872488540578
48	950.3882028263747	589.0903000702157	819.5405002919066	1381.0914870011484	485.12791455902675	679.5526118325944	0.843858212814768
73	896.7185865522894	641.3771210258185	700.9818342224933	1071.9872747215968	573.1734942497956	749.5228035759632	-0.49901177664292
98	930.3659894984188	473.1910636187329	798.5564630708503	1328.3077121933927	472.04071258945964	669.1689576857062	0.843858212814768
229	879.5932163727965	661.5562402085997	681.6515426480163	1016.5658365826444	579.8216755210864	792.4114399782491	-0.49901177664292
570	1373.7078019422752	859.9992385485472	1137.0246532594251	1811.2059153566968	785.878327024065	1015.5433466350423	0.493150590278539
548	709.5688426851907	391.07003837767115	625.7739376192619	1387.9649533326278	282.80318657171983	451.75513772863536	1.38177329067604
169	539.5618388329681	358.73870080353623	445.8378877075611	953.9537487860983	340.3546623978756	543.750070360435	-0.848872488540578
133	791.4893201182452	458.64531007014955	659.6784823618987	1494.7542628257452	299.6254645509639	600.7299557480843	1.38177329067604
89	749.6027771785799	346.6985148934356	646.068455896583	1286.1984963551918	229.5240200260669	433.45788233240194	-1.38309263996582
21	764.4530413786479	359.94744932139804	646.170140615978	1359.7082223654734	204.37795830657114	401.28119175618696	-1.38309263996582
100	872.9642766791088	598.5157975595416	825.7588123633196	1407.480452398925	559.0021915871237	730.6187788204721	1.0
256	972.3408435233641	478.6939333157675	868.1806357523706	1482.4882576487942	423.32393884829406	586.6278709421156	1.41088885306209
95	1182.8249061580198	668.8323566943515	890.1237399552276	1504.368087577464	643.1176143799076	790.6873251530501	-0.49901177664292
568	760.818209204819	531.0542274882274	680.2049497006493	1288.7807087561855	465.96365027247435	733.4457873911915	1.0
189	1149.891801387019	690.0569094596942	928.0660470152972	1840.7660861478591	543.5121341383852	806.4048814896579	-0.675262089199912
198	997.8020914123834	511.57742706329265	856.3084590254152	1500.4814453584083	437.29319023500756	607.6209790864755	1.41088885306209
612	852.2279196450153	595.918672380774	699.0152451873045	1391.066931654501	504.3224182507975	910.6257753521342	-0.848872488540578
556	1167.0770600029605	689.917996427113	979.9493712961838	1879.483488142797	565.970715506946	949.9088346549307	-0.675262089199912
609	1147.7143027879686	635.335111343855	932.7090969827385	1848.4258878384064	553.2002326005583	827.4630602425352	-0.675262089199912
475	957.1230257566061	488.7376595913292	825.0510620004774	1458.344851045082	444.95949016574025	617.290168087631	1.41088885306209
467	1426.6318180473033	875.6981914604434	1147.4452771957322	1890.8846983912404	799.6252803156857	1098.9158451776684	0.493150590278539
65	1208.2470019448563	671.3091226162107	952.949243803283	1881.2161498305607	623.540729111877	920.3095278137777	-0.675262089199912
97	1027.0555371730686	751.8725454776761	924.7726043795948	1261.6973118511785	735.4021158651835	914.3980306247769	0.68075478845144
378	1196.1478704526128	681.6480832678272	962.2047679192589	1885.730187146823	601.8093431034165	923.4261599248124	-0.675262089199912
335	613.5097721566254	372.9462038166457	475.01427863612594	1063.2791428924293	345.64881450555225	638.2204178851689	-0.848872488540578
562	1356.8854256205211	872.5951427583302	1152.1512142684712	1864.7257959069532	799.8735249025115	1057.1152556424518	0.493150590278539
295	767.1055798666434	337.2047172289777	683.1167870944889	1717.4122699700326	185.32685954232645	539.4378580190329	-1.41044611617154
326	777.919159173935	552.7114567751278	549.7445767746078	1108.5041251340535	475.94934737712185	607.5954691191213	-0.848872488540578
195	1141.9822242462672	675.3425195006628	966.5345267732257	1582.1701116125946	595.7013803701707	840.980827099542	0.843858212814768
446	665.6933539581232	323.995054536399	586.217021512963	1212.573116270016	182.2732456079829	388.8104627509833	-1.38309263996582
251	964.3115473946037	560.6688333271472	806.5407666231188	1740.5626923001817	441.6558223329753	759.235875333864	1.38177329067604
338	790.2647380297964	347.7777032704829	673.716767369397	1365.0255392716465	217.4126957864192	404.97968932884453	-1.38309263996582
285	1240.2080191714178	744.4846803363146	1022.8827934215108	1647.3054488110138	717.9201722162697	962.535661010211	-0.49901177664292
171	984.7314982704644	533.1992174464478	868.1758787272048	1509.6053160584886	448.8251279659134	589.0955305148306	1.41088885306209
201	742.0058657644432	288.035027261729	674.3554585939092	1625.4240524422116	201.98954806713462	440.2046042768761	-1.41044611617154
297	860.0157827682938	428.7093172221035	779.2162515406428	1836.0662512935648	245.8778130329097	694.8318426331007	-1.41044611617154
61	1013.0019180707109	477.5458391732938	877.7536960217742	1758.2542560870966	423.4566518644175	712.4947865504844	1.38177329067604
125	1370.1689681438338	850.7923641485512	1124.31216402267	1716.3639221645105	838.0020402743257	1008.9772052226709	0.68075478845144
243	1025.0786773332109	678.0520925021661	822.3322130187831	1583.0057509425303	601.6781918682364	900.4531917473631	-0.848872488540578
245	742.8840650266858	305.5157958443187	627.1455143983352	1680.4945510850148	245.60792129425965	541.9711334809386	-1.41044611617154
430	1174.264946742314	676.1555697067126	883.9437323684726	1767.986564811753	650.5344653685224	1006.415050520486	-0.848872488540578
521	1008.0102543731158	487.15906553920047	872.2556607105035	1562.1458163313916	386.0177353583059	686.6249425815151	1.41088885306209
385	1304.0784923209894	773.5978796251537	1021.0531053067755	1687.692726532441	678.4107948174777	933.5825722872883	-0.49901177664292
283	1177.9496843882598	736.6234616854061	939.3049440806569	1511.3403090083573	689.7956982832699	940.9824914528767	-0.49901177664292
406	1220.6059219050055	784.8886468116408	1073.7986068196774	1734.8984080330522	674.9189256703157	917.2613843284205	0.843858212814768
119	812.0874283469959	580.0144428042489	703.4311302193626	1319.4147277775319	521.6964778879787	793.968214461782	-0.848872488540578
597	795.1291735587029	344.5332306505841	706.0804287276509	1361.6810851837793	207.34438687921573	417.2381496010968	-1.38309263996582
196	1013.6455574927564	500.06132220861986	863.5141293809885	1739.3394312926023	417.78644643408046	667.8830231895945	1.38177329067604
187	1022.8126752115952	617.1850286763157	840.1139772115575	1592.9816755732163	589.1143770531286	897.8646040302644	-0.848872488540578
543	992.3088649433258	463.4231988847158	887.8547020246796	1675.204329925492	419.9216546427812	592.4571640855231	1.38177329067604
539	1294.8946345456527	795.0172835178354	1068.4938061588302	1769.9174822958028	708.6191547244227	1005.7389693004045	0.843858212814768
223	940.0342362247662	537.137989581761	828.4212281695336	1475.5921394663599	428.6565885831451	625.2774572512002	1.41088885306209
535	838.7901679474344	519.2404782211206	721.5816245290346	1359.433929982934	531.1650805259552	704.0325937662815	1.0
249	971.4582592427163	472.91777177638977	848.4902194631564	1607.56124122822	439.0961910559099	597.3011307148784	1.38177329067604
191	1182.461308630718	683.8280242521962	917.7341179404292	1756.7324157700916	587.5223154457956	816.1520988821284	-0.675262089199912
628	745.0718831275931	423.1384731352499	641.1274645620306	1139.5136495296072	469.28086369466024	576.3284858795271	1.0
393	785.706390462299	373.3325638973462	680.9213974427525	1396.8187960318114	212.31531964800112	429.9933981739996	-1.38309263996582
70	994.1852693963128	528.0011918718733	860.9691444029004	1508.1172984122866	398.4448158672403	610.373668061935	1.41088885306209
341	819.062031545534	394.5538878975166	662.6945070293832	1375.066825156413	229.20728936015618	403.621562660441	-1.38309263996582
142	1440.1310194791963	890.9707886778369	1220.2439562640964	1962.146911494934	842.9448585788882	1073.237874809728	0.493150590278539
180	830.0446820463779	512.5016118002115	726.4620318389053	1361.5420387429604	523.9707881900385	820.2079139312755	1.0
498	857.7024010979254	379.7727612058894	789.6478480843783	1331.727200534718	375.49292954524395	566.3069938918426	1.41088885306209
90	762.354472506304	317.91074607088075	659.638693755829	1335.68425390939	216.7786186328289	367.0880018854876	-1.38309263996582
439	691.6291639550717	355.4110395836502	658.4692018327593	1627.801851561589	190.92924937499015	490.12780634362207	-1.41044611617154
574	737.5731979853998	319.98378746099746	633.8141655086359	1550.9255553942257	228.87015783513795	411.7835046754238	-1.41044611617154
257	930.4698104308542	457.78362382831483	765.8977299877164	1809.2684608156758	311.8548357602954	682.1910562562172	-1.41044611617154
304	1068.2794758565806	518.5524757216427	915.85609369655	1751.524512381557	465.51740468199534	662.8626358147922	1.38177329067604
124	911.105985755156	451.6717814393046	808.0946979957785	1851.027398658207	274.41598937741065	665.6305332842758	-1.41044611617154
547	884.0200165137538	384.7083926256827	783.6630393634322	1827.4663359425633	278.7241400278333	616.2766353877577	-1.41044611617154
356	1009.2134245795248	609.5070427775856	879.4904798574446	1534.100272752011	438.5982946357586	692.7571452184286	1.41088885306209
482	1353.5453705461332	800.1753812013364	1058.083894151055	2068.8198017527097	650.3838071783925	1021.0456127158747	-0.675262089199912
384	1481.1430729725153	914.1718603090244	1248.4308156956374	2031.2198363756154	836.3194929771253	1124.5363375304398	0.493150590278539
419	1415.2136627287105	877.5562284137496	1150.9120218028472	1862.354802146984	789.5579803187561	1035.1373530794665	0.493150590278539
116	905.968331173615	648.2031116298173	708.0099292972511	1117.458992074073	566.88105540437	711.9105120467993	-0.49901177664292
571	773.6272975182612	496.14418266052917	624.1000266811702	1142.859906000487	472.0966455352548	650.6552645074333	-0.848872488540578
603	1351.3021762181154	813.3714121206102	1118.7372524581515	1867.7962188393096	791.4269699848845	1039.9160052376815	0.493150590278539
138	730.149821421126	410.0675705293979	700.7340492995841	1510.1974135032847	325.22939115727263	611.664543426517	1.38177329067604
311	1078.0800458736646	642.966510268497	924.1838878576292	1521.7920130507193	574.045478252948	844.446510488254	0.843858212814768
140	1136.819010824115	633.9885960324278	930.7551699586896	1811.2891196984258	565.0538618882484	911.8483140305482	-0.675262089199912
168	916.9513074800487	579.3550503892691	716.7878939739355	1076.8690887957298	618.5808614363804	761.043313027983	-0.49901177664292
247	773.396829909336	363.0085544480006	662.9712129051453	1423.958713578914	294.86836731261434	501.08578453628223	1.38177329067604
16	703.4882190793398	327.4529057311296	614.7817178523887	1256.668283710894	175.33445327694045	330.2346644691442	-1.38309263996582
327	1364.4970663054594	846.5209529816233	1101.5627815044513	1853.436948847082	788.2777843820479	1081.520688440742	0.493150590278539
630	808.2501299703058	313.2152233978503	721.3473124818735	1731.46835010288	195.11518186861488	547.8631042150286	-1.41044611617154
558	964.5689253342251	628.3927353262808	770.1038797938559	1493.0222309628698	569.1402208064404	870.2726949089986	-0.848872488540578
40	917.4334230160451	588.5709535605423	719.767712784838	1421.8481220027097	565.7594236022292	930.1249963174544	-0.848872488540578
350	1270.4399413582812	727.3246460632931	1014.8325312745413	1683.9953788781927	699.3547867415322	938.7785407855795	0.843858212814768
262	1076.98457138441	694.4208601196601	904.2636821963314	1516.1001193484726	556.0070755146419	849.3010876086323	0.843858212814768
76	702.5872724134337	432.99867131146635	541.4904094571954	1037.8492705334959	417.67798946445913	532.2946341917407	-0.848872488540578
590	1097.7227099450574	724.5228057854929	904.0749192264582	1247.8626929081977	790.4280285086687	944.7994806066182	0.68075478845144
179	1043.6614691538305	753.9500198968065	924.5561739734512	1255.1883840343492	737.8877126154497	962.762851685702	0.68075478845144
301	1383.7550465558193	821.6854018965471	1103.1582994295443	1824.083628226055	770.9164941013804	1073.5634574754622	0.493150590278539
553	1334.4501677125502	849.1162804727659	1090.6890512118284	1839.7488335928415	777.5910415884618	1088.5696184360102	0.493150590278539
479	1034.545595438937	764.509734762223	820.8844024183192	1147.39855244804	757.4524193687328	953.7220078489335	0.68075478845144
429	740.776036353504	311.98223978534975	596.4772434938769	1609.7975828284486	172.22067536802533	448.323734046947	-1.41044611617154
592	786.6352587255266	335.1160433312539	654.491855338161	1711.5487188870056	194.11692335632367	553.9929875933336	-1.41044611617154
225	1060.213952844554	717.7316370562522	917.4143646474016	1236.1481761718003	756.2960426092584	910.1293059915597	0.68075478845144
457	661.6727429900117	338.21960105942287	653.2555870051842	1577.3011005968299	146.1400727927513	453.39718204812067	-1.41044611617154
317	798.9478406170899	471.27147453030085	767.4961945573308	1276.3210187545524	485.48100558579074	680.9308546236082	1.0
267	694.0752375773076	381.18761411474145	603.911456610132	1605.2084617942892	197.90369404824733	508.3728943307588	-1.41044611617154
328	763.1616553094315	347.6583634554279	664.918575855879	1712.664900356256	228.3657932731725	539.8637443613993	-1.41044611617154
154	1366.7556439436864	870.7208024549884	1123.7765321999746	1899.9470667192197	746.0654866322748	1062.8237898975137	0.843858212814768
131	871.8205265067821	542.5590734888087	724.1706811984667	1397.3475532950515	522.3900221572197	740.5452713218035	1.0
584	1173.7763743494222	750.5817381836808	893.086548849071	1813.7429766507182	607.1348128165924	940.7766778989762	-0.675262089199912
27	1037.7899933649803	782.9220396393663	829.3995321389435	1207.3925808827262	755.3081788312682	942.372287299606	0.68075478845144
600	887.0498641137406	626.7060975392236	744.9981119681406	1080.425085205045	656.7744250479949	814.0072968270853	-0.49901177664292
523	700.3625739189586	432.2960569161086	595.1485053199149	1103.2693793365283	424.4896355508257	567.1700204549575	1.0
529	986.3729474246953	586.1433377377529	820.4259395308148	1387.5608273934777	504.42083521996983	724.2956758730245	0.843858212814768
38	906.158769881964	626.3703364313659	701.4035194239771	1077.3297334115784	608.8180473381807	772.6786198914664	-0.49901177664292
45	716.7907609314168	378.12344629742313	655.9083922875766	1450.7728611315176	304.6666247223746	595.0083437425131	1.38177329067604
557	789.5121348978606	328.6123561489852	620.0177124542948	1614.6716030496414	163.9560952172645	445.7198612537654	-1.41044611617154
349	811.277319545473	534.5855552374287	713.0316280340702	1224.8788820831974	507.1376366200947	622.8207010100139	1.0
346	756.8219662090661	340.2950973900603	607.6763247989544	1585.3060287119986	177.48008590976852	399.7307525047063	-1.41044611617154
489	1209.9811455120584	725.6032455114524	940.0439264304307	1875.1867285137587	609.0195223852542	902.4247173248707	-0.675262089199912
598	787.1837767504709	339.98709263911354	659.9940681795449	1381.6770084020197	207.31167290755914	442.0657675985363	-1.38309263996582
263	798.5459545394211	354.5726438052448	622.4547387078186	1597.8465872225834	214.58408478474064	459.65706740748135	-1.41044611617154
226	1286.8068631286762	772.9393203529314	1040.5001573968732	1754.4123971359604	656.5747886006691	870.5074338213897	-0.49901177664292
321	1229.821731623781	743.0921572550352	1006.4752775114122	1473.9216078176485	798.24676872473	943.7813646595911	0.68075478845144
629	748.0005866399318	324.6129909114739	601.4135276927899	1572.4593219137837	188.064506604118	390.04591250969787	-1.41044611617154
126	1019.7224205292335	635.7068065626129	819.2987685327478	1473.8427712370803	616.9666135446363	785.9436828073007	1.0
91	1002.9554366320274	645.3657982948199	811.6169636939288	1603.4305930066328	547.6251383906243	875.8434887574732	-0.848872488540578
265	928.9342511981384	483.48477472352266	759.3991273357108	1384.470277217745	427.2619493898423	614.13690067471	1.41088885306209
544	985.9540618561653	529.3872882199335	816.1263865156043	1711.9152848322183	442.7598111067426	753.0367288426215	1.38177329067604
459	891.0615070890789	499.49251506532346	867.8089170161811	1746.5432791963212	436.68221573670394	711.9651052725097	1.38177329067604
621	1235.8742872717323	741.8142404888366	950.6471646748664	1570.8689334401279	654.5952342030471	879.7266819147166	-0.49901177664292
266	1147.6753454776826	699.8437069820383	894.958181526974	1375.5143574861581	642.5244239014329	906.4914743276581	-0.49901177664292
217	1166.8568740812204	713.736985413615	910.2915761236255	1803.3340533593082	581.0503754202075	838.9967018096888	-0.675262089199912
401	989.9609396000254	516.9003618137808	844.3913851514963	1500.6722688978139	391.08411682973593	627.936502136651	1.41088885306209
324	1180.6750845908664	721.1763972666811	994.6137779904561	1836.166201906537	588.0857449551881	919.5414133378985	-0.675262089199912
417	771.6216465391531	346.4329209075657	653.4247213476513	1367.387963237152	202.6314294517591	443.68545958202833	-1.38309263996582
308	1143.2106625919832	779.2511573052244	914.5666204947321	1322.4136651786532	787.4971904787228	971.1869463058804	0.68075478845144
445	1031.8003560410475	743.9486151966175	835.3730906182577	1146.4393620002963	746.1774471882114	868.1274583534109	0.68075478845144
458	1396.1845486793027	849.2091161301568	1133.3779573138645	1813.0280605337884	785.711072022145	1037.6577157810632	0.493150590278539
376	610.6119799749748	394.03278076763286	468.44554950763757	1064.0286969695298	385.83699426326194	675.3187378929484	-0.848872488540578
371	1389.7362649455652	816.4826630907515	1139.859028289503	1865.4746100204563	776.7962578762721	1048.362936811552	0.493150590278539
312	915.3317849233937	635.5900908562703	657.5135104105813	1070.8697135739233	620.0146964772374	804.6723429913802	-0.49901177664292
545	831.1521768885449	353.7805857965831	694.1350885219964	1479.9841804888488	313.1331656608078	525.5533078947749	1.38177329067604
504	690.7325766324253	467.14775718561253	553.1533226875817	1111.7262852234176	402.050986915573	653.9262955735097	-0.848872488540578
404	769.3732187388787	500.1728485569795	599.8083557261415	1230.451946613459	474.90026045319104	797.5538300682522	-0.848872488540578
246	1065.3930333869548	572.3043870825552	897.3293585227229	1526.318339228233	567.1726594531729	747.072265356181	0.843858212814768
420	649.7421679935815	299.82855824487365	532.0022681611534	1082.9120536725832	172.3979570991529	400.5464514804591	-1.38309263996582
206	677.3550414190292	319.6895849155249	606.5417678742713	1540.44482712049	205.21793541305382	399.83252515951307	-1.41044611617154
231	998.267423968456	465.80375396488716	871.3094092330749	1735.0516338153736	409.0528776961183	605.7627279491195	1.38177329067604
546	924.2454110803828	476.4710973432283	840.0992704960264	1486.485110441417	403.16174977131357	653.1895390048968	1.41088885306209
490	1245.3221101144063	770.8179897468916	1008.82560439924	1931.6436254827065	629.3361643484923	902.8867612192145	-0.675262089199912
25	645.3019422390269	247.27556487045737	553.9863957205862	1505.6758507313148	160.12900118006436	370.0896474126406	-1.41044611617154
320	874.3867941224854	441.68266222175504	705.3736945199377	1446.8191636851927	222.4545598074624	470.31765908418936	-1.38309263996582
62	1402.7969699499502	885.0314635985076	1121.96097418334	1781.6375783673548	829.3748642066371	1101.5425536269886	0.68075478845144
77	1261.1544733294625	709.4908113322927	1015.2990851710757	1922.4129113616164	608.1834875014023	846.8135607878831	-0.675262089199912
455	1098.4841722128367	710.7306155986975	850.7303429834666	1387.540958730709	610.1388041990898	797.5278025211478	-0.49901177664292
626	1012.9622156165933	469.7113133254261	896.8221360106911	1728.6167166099	393.6753770300467	619.5086715302218	1.38177329067604
216	1072.3926316423165	626.4146978689511	902.1157058055686	1409.1333557638466	646.9223393353317	880.9825432962222	-0.49901177664292
438	1416.5352897115943	894.7250952766091	1154.3178458695413	1857.3938189195665	802.1451768591276	1017.450599415043	0.493150590278539
581	777.3550650648081	376.4649830437084	621.224451901258	1318.57915271256	214.2080025012498	423.13590200827156	-1.38309263996582
47	965.2318637793053	637.2433596550377	772.7447612785376	1243.4747203280663	616.0879060096541	795.0115348697361	-0.49901177664292
83	952.5737386647696	435.3837416789169	832.8966729366975	1466.6364118699216	383.9250027542611	538.397824653117	1.41088885306209
580	922.5329124607691	466.0438235475206	822.3055185371468	1760.0618347523455	390.9851201468671	654.1814134570972	1.38177329067604
78	996.2217658774485	564.8151672048186	822.4500503552678	1671.4835623653985	404.65484382792533	626.310554219227	1.38177329067604
391	1113.8104909137367	753.3611606510459	954.3029489770767	1323.375606406676	784.2686009713426	944.5731586319962	0.68075478845144
585	843.6247700605882	402.3197772544746	835.2569876659109	1537.5726007866074	356.19103983510314	542.9366771930161	1.38177329067604
468	1171.4056838862691	777.9265109076679	911.5378248604508	1333.5957629023296	773.9727353921313	963.3908149611236	0.68075478845144
525	768.2851453493935	306.41359148886806	615.7735682826342	1604.8276215400213	144.6968151712273	424.278979577819	-1.41044611617154
333	1308.75937446027	785.0994015584665	1078.5509231388858	1766.262924454935	728.0730137962091	980.0994555700856	0.843858212814768
147	840.2773545097928	405.16843940305023	756.9936257074885	1396.5750076855015	349.18886791860774	597.7796577256812	1.41088885306209
382	1040.5743606977799	678.4052914981496	792.048027208771	1302.429907863006	661.5011593022911	805.3802243591871	-0.49901177664292
306	993.8667064617216	683.0805637337592	730.7807491144785	1144.8362463312853	647.8905532557073	798.8402809870502	-0.49901177664292
555	1024.5569796707598	756.3033330452245	856.7244845660488	1170.2397166176988	740.9755294964224	870.8365353771896	0.68075478845144
192	706.5389402082029	292.97961644219544	565.3754749835579	1290.6875465541632	169.1247036080401	339.9121460950025	-1.38309263996582
594	1224.9945230213589	712.0867883992269	955.1322542002598	1861.1657408070646	596.3682764969564	908.4609294151425	-0.675262089199912
71	973.9105030064433	616.7398138226758	769.5065055942936	1139.1132279443832	605.6185574460811	786.1862185335583	-0.49901177664292
209	1042.4053108546511	773.9908290485142	867.1761325917892	1219.5984507707144	753.9289929435113	941.69564244089	0.68075478845144
286	911.5898835362613	662.1355077913953	733.2924036619337	1051.9671152331246	628.4107628402875	842.9248426972343	-0.49901177664292
92	707.882026495089	290.0890491565852	594.9925169274459	1202.7272586206898	183.28868675238365	372.1056229351527	-1.38309263996582
63	1393.4358396894304	833.0719015802983	1122.681595984613	1894.5979256086496	764.9596444050205	1094.866621677838	0.493150590278539
101	745.0222919958794	347.25209221568565	644.5764507648552	1725.0226942845825	186.13896729791998	479.48787698988644	-1.41044611617154
157	1410.7602197179026	867.5652808037744	1156.1501835199797	1902.8296830122274	773.0024566240751	1096.0601790014734	0.493150590278539
279	760.1876091161608	335.3100661473889	619.6898409895273	1362.7205563153152	176.14748214636944	423.02483160516584	-1.38309263996582
579	1170.3053154605218	665.1438951898127	942.4996772964904	1825.841908849332	584.7389629574492	845.3932750977018	-0.675262089199912
473	956.73759184287	517.2735251127268	838.294239739282	1714.6938989445462	395.3818589602747	706.2067173012389	1.38177329067604
182	1373.1037826271595	872.5926522393032	1112.4960376945867	1855.3232870680042	781.4508004418748	1068.6650094540346	0.493150590278539
240	1139.279089916208	724.634511937634	951.1854759866435	1877.771813394757	567.2431303055872	838.0725759620902	-0.675262089199912
565	964.7622675161924	437.377341726099	799.6978691498032	1465.3182073095174	343.2470216296596	576.2743461454514	1.41088885306209
128	1171.3218805520091	711.1499092071537	1031.446046455681	1947.7540235357717	614.4524304724746	1018.90431701455	-0.675262089199912
534	754.3745923249193	434.94752819846775	640.8203363455925	1268.6070882655501	435.428377491128	712.8271660370045	1.0
233	1055.3046044695582	724.1521804492525	878.2538397326447	1189.1243366594688	758.2667408305421	971.3492960089297	0.68075478845144
450	1403.1462084783693	873.1593779922779	1128.43680763546	1873.6120843280696	761.2295783946373	1080.9181859541634	0.493150590278539
441	524.6606241939801	329.7130369112828	471.32416122698913	955.2854911669166	262.97543234424506	501.2002717443376	-0.848872488540578
32	611.7373227288042	388.4718147778713	498.31855775481336	1068.9781532207678	297.6457264784186	532.839315238813	-0.848872488540578
537	992.6932535936069	594.4286832176989	853.3226047461062	1467.4216096616303	486.14582906922897	690.3173572992348	0.843858212814768
160	868.4842833504327	446.22578344952933	787.4722592271132	1347.7861656212494	347.9601305942283	548.5852580089387	1.41088885306209
200	745.8418013192254	354.11664380556937	613.9100445329332	1685.9565929384146	175.27451990338332	532.7017761357639	-1.41044611617154
395	1011.8559202934125	457.59924596216007	841.1090279359531	1693.594490101033	412.8597342404307	628.3032791559601	1.38177329067604
163	1153.0193332053655	744.7256553356641	915.0535886936226	1324.4921724979006	761.9848504493729	904.692002958313	0.68075478845144
305	1388.8822603246733	838.0170149335466	1132.0551602565654	1852.8616930932023	814.271311093511	1069.5566889769127	0.493150590278539
541	813.4684706899062	467.09333172432093	725.0754737082135	1556.2485527673628	308.76050356921326	614.8763881386204	1.38177329067604
13	1046.5698271317758	604.496776579883	859.093888710253	1444.5246632480273	524.3543474960832	702.1064423474535	0.843858212814768
299	805.8974568982161	329.61868991282114	642.5368488502057	1625.165044339591	198.5632501583226	457.69998312382734	-1.41044611617154
162	968.6230255268745	584.4723798292555	750.7078781626147	1167.5468904089328	570.2363470313778	675.126278568716	-0.49901177664292
106	1107.7399352563007	668.132904398634	936.9011385145443	1537.3717929263842	531.7498720020766	771.2873957599655	0.843858212814768
51	822.959891490736	365.1502646137689	751.1068371276257	1546.3256127828333	293.7008946707076	572.9258684366686	1.38177329067604
161	819.2016018267778	528.3633681568115	632.8428711181006	1262.7068050907558	456.56112957788673	777.5916388156714	-0.848872488540578
244	1178.8002256429838	714.8604896732294	937.8499948934381	1800.5749131477132	581.8606543265375	886.2102814169208	-0.675262089199912
415	1080.0135695253546	609.4261271059324	900.4663374687336	1517.2259040509061	567.7734591118771	768.054700524806	0.843858212814768
502	1058.0099513107339	749.557289998314	850.9758334460666	1243.6178630768973	777.4088423467523	965.5034955647984	0.68075478845144
493	985.4551645580468	691.3872324154779	860.486420593682	1091.5922296475608	722.603820368203	848.3217951705591	0.68075478845144
277	847.4035163440022	540.661722812839	603.9155214798373	936.8417360666344	551.1040225849691	649.6035390287559	-0.49901177664292
447	536.4525592961688	311.52762452808565	443.2933130412058	951.6647852923596	284.60856654029755	478.87020583212575	-0.848872488540578
222	637.4295443305559	265.0323047350949	575.2832782449874	1196.522798166172	167.73706423465464	397.9980101547022	-1.38309263996582
52	1388.3397240985782	847.7982244764366	1151.5002197019496	1891.0952232189416	774.53258301247	1051.6543879000967	0.493150590278539
464	782.5226924050344	316.7836906911981	672.8699364055805	1349.6211732078257	251.48795467837544	440.8442338597388	-1.38309263996582
588	902.8173315357283	636.4203846987948	724.8072357914311	1337.7784126320996	532.6884940201899	848.9325781355019	-0.848872488540578
599	1162.9646706352153	694.1883321572036	968.9180081643113	1851.6872388751124	620.2347459378602	863.4586773459235	-0.675262089199912
623	928.8795785662545	623.6481887773879	737.1420943561246	1139.428824801373	615.9945915751958	763.3904770649712	-0.49901177664292
59	1161.2043096485415	695.8603064753532	946.7865537471903	1900.182473762418	560.9608022412234	858.8385809035315	-0.675262089199912
620	670.703107500116	438.6953808471076	589.2838101203722	1187.9031670907966	405.2995489977841	631.5567522368076	1.0
476	712.2165980887432	545.4560997684268	569.9334627892279	1204.2218776955929	382.42669281647653	689.5276338144705	-0.848872488540578
122	653.7245154870425	281.75580278389475	548.6565163104541	1158.5722901016907	171.91197842727934	354.4833585275526	-1.38309263996582
474	1239.2407250948218	718.6884001336244	1051.0411291654239	1720.3536214120593	665.7901683144419	964.7423917403967	0.843858212814768
440	790.4545184454164	287.6089936032829	727.6883892694299	1771.9903341077465	212.5018704388745	566.890793238679	-1.41044611617154
466	1108.8112126959072	639.1064054367737	870.9148096416283	1394.6286027054468	664.3346440919663	915.8143080118627	-0.49901177664292
211	1178.833387459081	694.4941708695717	1020.0971577521693	1639.501007486907	610.1540731736576	884.2430719467902	0.843858212814768
46	1062.2381984646852	775.382345346757	843.8914853859382	1211.9442335785004	774.6898476370384	910.448118156674	0.68075478845144
510	977.3277271961888	703.039516205784	835.0189365114006	1119.4435461652795	718.9098428214911	840.6743091857231	0.68075478845144
6	636.8077074865191	363.4051979878497	636.6167641273532	1099.2172994982493	405.87437475899276	534.2806200512316	1.0
381	918.5991636939061	646.1881168002424	708.6532252479732	1012.9839533996736	600.5732216859402	778.5510006740434	-0.49901177664292
23	725.6265090531622	306.59099237459003	612.263999222545	1638.1229923710316	157.94060016717947	534.415180068547	-1.41044611617154
472	918.1921441984186	439.2069082761184	768.0845571541363	1595.3606112084503	353.9046185551351	614.965207262873	1.38177329067604
141	1248.7413924524712	722.5414512603982	914.5629176135348	1868.228996576212	588.5159749397076	915.4925676184884	-0.675262089199912
618	924.5532190929449	419.0541284646488	825.7049329466929	1601.985571858381	379.5456967077859	552.4426033428654	1.38177329067604
615	794.2796582614328	371.67227521338896	676.7574079679883	1408.851477880544	227.86043311662075	459.91807997758946	-1.38309263996582
362	1329.7596480148716	820.6679445408821	1090.1561181243487	1789.3278206744121	728.0961270383402	953.4765597463643	0.843858212814768
374	1184.1711331059703	665.0206401497712	965.46550462739	1852.5344866240407	574.8056371822577	874.2426085954036	-0.675262089199912
508	1121.1936376936378	628.8960174448906	917.1625368428403	1794.7577722322403	524.1409633807306	743.8410831267602	-0.675262089199912
186	1405.461025136043	877.1292502194925	1137.345439733866	1854.388803103272	788.2913751093496	1037.6852958789077	0.493150590278539
369	610.3115780744204	243.91762566724807	544.8483782829829	1067.6294269200853	162.3025657567654	292.9502241492823	-1.38309263996582
41	1094.4243505732902	786.4534727687325	940.4638748722906	1232.2912291309233	799.6478564223971	943.6101366739115	0.68075478845144
416	637.670688063871	423.4738477742025	629.4175190623325	1102.5190062329611	414.4205816649933	539.7173447340709	1.0
442	848.0520428467476	450.3233301521597	816.5581735604242	1477.2390055450733	385.1424006515963	681.8125333833362	1.41088885306209
281	967.3876271917312	451.73194727109103	850.3491364621727	1579.044291131721	388.59137462328505	617.9659103112216	1.41088885306209
292	1189.5016005728744	724.6991122917325	1028.5011277368753	1677.020899100676	622.1546161385328	884.9465783314663	0.843858212814768
422	754.8887534159192	470.3518066306131	595.707781617617	1105.390397030176	472.87093386564516	600.7743602704588	-0.848872488540578
400	795.730238382123	533.4282485905247	612.2578526029624	1266.878511349037	493.2489082887961	706.4579906654479	-0.848872488540578
300	975.7424916889745	445.98188902492194	786.2636336765235	1527.62910589325	314.09064904832013	585.3541253230753	1.41088885306209
314	1219.0103483274036	759.3985374900693	1037.9918083244506	1669.607518792793	631.206247951393	899.6778458190274	0.843858212814768
342	750.6691207776423	312.38529086536903	656.117320405395	1366.8947706410977	173.8332548731038	387.5358145203863	-1.38309263996582
343	814.3650846026304	376.70290756760795	724.0437058362663	1774.5176970407533	208.56337269381586	550.2922657735959	-1.41044611617154
427	1010.4695346983552	527.6481450881975	856.2496501511603	1663.1504199849653	431.2627995804422	603.4698175306517	1.38177329067604
75	974.3013385397561	624.7824219149505	806.9510281955847	1475.3924980495276	595.8701281217191	856.1165526187825	1.0
366	1416.2813610348614	784.2575381626957	1178.461900408777	1828.6222840006833	806.9720815407649	1030.3312089594892	0.493150590278539
37	666.9760385460177	284.4178700610138	633.8973760023155	1302.4128299311237	173.74017996631179	367.81592301018895	-1.38309263996582
208	951.8356502850866	489.7379016177854	798.8852090744975	1773.5851477663437	346.793034201373	696.9352530053088	1.38177329067604
357	1408.3160209030366	868.493517227404	1181.1350275441105	1915.3817915629386	788.7119322955822	1030.108542967893	0.493150590278539
434	1100.2449366906471	764.6050872403423	877.7196144345547	1243.9385056978094	795.6535887815782	962.2547482899292	0.68075478845144
389	1391.0117406271079	850.3125470893496	1128.2318988878853	1842.0925260021063	773.3156507595108	1002.7047604453144	0.493150590278539
282	786.9969853406117	365.961000723038	738.7726051861125	1492.738779199007	326.55975034979815	559.0423085164585	1.38177329067604
595	1109.6121617642236	745.010830815252	914.4882392328117	1213.8645582749125	757.6679333163829	929.695227093302	0.68075478845144
522	705.1414102366538	324.03096759649634	587.2398354321965	1291.0426558709155	194.0366887727495	392.4980001731765	-1.38309263996582
250	933.2626085202796	526.2397061965983	851.0590284841409	1515.0973752875564	392.1807796275107	577.1399322542409	1.41088885306209
309	962.5786472418754	458.4868117236445	831.4068245511722	1510.75043601063	365.6406262004591	618.6408200263562	1.41088885306209
485	985.1337252603041	649.700700148261	762.966641162231	1499.5296969045635	582.3421668156416	937.0934008231272	-0.848872488540578
149	745.9319652661031	529.3886556094142	641.1488428559504	1171.8148302291538	464.1640017776048	648.7190689544443	1.0
481	881.8124221827845	605.3958288928427	627.9900095307856	1380.4766586837181	565.3747125853455	828.1848693177028	-0.848872488540578
611	1365.4772567368843	888.6028260548417	1131.4509882628295	1875.370179415708	782.6764547619108	1071.512102861571	0.493150590278539
372	1351.584741196742	867.3741169908099	1101.358580502868	1875.9688292056796	771.0331251425728	1046.8541915535823	0.493150590278539
188	616.6730561912993	309.8620112935273	482.6059898622991	1008.591077172572	164.4911723733709	323.987184449014	-1.38309263996582
495	905.8332737009524	430.91913007980645	853.5523357457929	1527.6576123323923	337.39093244023036	585.8192114307933	1.41088885306209
453	1128.0169107301626	690.4217071995381	896.1340541032018	1797.324260131997	555.5937247779743	870.6217455705133	-0.675262089199912
307	822.933848312601	549.0682485313531	678.4313542921899	1342.440564093869	480.0743279706491	809.8029454485753	-0.848872488540578
170	1155.5959444405569	703.3568729898116	898.4802951973547	1240.7872105234562	775.4674231614817	908.2338037832515	0.68075478845144
505	942.4238563015579	505.7371105052418	826.522098473038	1553.6639551196697	339.7636917982753	612.8246128419526	1.41088885306209
370	1195.9111955544465	725.41335630509	959.8942507871365	1856.34389644876	547.0292739891007	867.2371292337936	-0.675262089199912
542	1116.3928567202047	604.2934071443905	930.5471022486582	1583.783280762583	546.0270964333166	839.7941282043676	0.843858212814768
497	885.40465350566	563.7688260449665	649.4195337961274	979.1615831941823	539.2487718031393	674.667728976262	-0.49901177664292
563	769.5277622703004	324.24879396890657	621.7842481343705	1635.6676930647823	157.17362498785766	387.5166571897851	-1.41044611617154
68	938.495621464985	643.3105493847902	731.6555915835868	1160.9760345769632	561.4508695354257	708.7826751420669	-0.49901177664292
43	789.3133272525162	347.3820740263492	695.2017431806203	1431.3637035891231	196.42662338287198	484.0039496202668	-1.38309263996582
20	1194.2743947179852	739.1673135838437	992.8527116864378	1946.1979796274136	554.0812268071647	937.5672568662558	-0.675262089199912
515	885.2803595869647	552.1777328961921	706.0542060089929	1291.4531339037874	539.1450428612998	827.3077630568855	-0.848872488540578
633	811.664534108384	363.8432212301287	716.8261201627265	1402.2882025473796	235.06318039667363	419.51369743277024	-1.38309263996582
619	1115.5980629582682	626.5875205443004	905.7492368971083	1544.3753997825545	595.1636755547279	822.5277672571506	-0.49901177664292
575	838.1427849184522	345.0007449132512	734.7164957807847	1437.458642631692	260.61982799440915	462.4145487344304	-1.38309263996582
273	1116.1005624608458	578.3589412075196	891.4241241233765	1706.8753310023706	545.1979646718627	788.6591565639841	-0.848872488540578
351	1248.5458189239644	735.7457068975274	1064.6894052953464	1985.3321096436184	611.9915574521035	944.1004252157596	-0.675262089199912
500	810.8111006425463	332.2500482839973	667.8442670777237	1391.0628053408095	221.58236234467162	444.797401184674	-1.38309263996582
280	1005.9333486004097	477.3752698682214	881.7625557632541	1739.9231028887743	419.1808782423324	588.2909149580105	1.38177329067604
583	1292.2800370328118	840.158216314107	1070.525610259092	1654.971463654899	790.6227147547473	1053.7550605676552	0.68075478845144
49	1133.078767483662	769.8163919791307	911.3955739788125	1323.4605968150593	777.5300522628653	1009.0395465759055	0.68075478845144
394	745.3943527632033	497.160367223072	669.4320376999344	1204.3072865891208	472.6252013732607	611.939262211783	1.0
136	919.4303090634146	450.2975458628127	843.5352470735538	1574.7454511111735	320.9508436326225	624.2306076065717	1.41088885306209
109	1259.5432378350833	724.6983157682224	1025.9462737965755	1679.9454078886304	671.60811937747	932.2991149985991	0.843858212814768
219	1070.981245864023	584.873440512244	904.024743347086	1521.0219691385082	528.1225916143542	720.0766872605295	0.843858212814768
173	778.883688373981	279.8482967666641	662.4300202542925	1674.9020639242945	160.0790154692249	472.18730620601286	-1.41044611617154
69	1220.0966872338895	705.8708918655497	926.7030351854893	1868.9820646828507	574.0991464609288	868.4627356072318	-0.675262089199912
288	1425.2090282053105	835.7233691274232	1132.2493638424723	1836.3045970792289	799.3972787470865	1069.8512845188757	0.493150590278539
564	1253.123192256757	711.2596141418343	983.6759898291793	1925.3141244970761	576.855196269801	956.2545828157947	-0.675262089199912
405	720.7482477016774	348.7533764327109	663.3568018884565	1365.4719566050953	314.05486257953675	502.7233042085228	1.38177329067604
80	952.7520383680625	417.6360213145852	830.7722247191518	1580.4360229316605	345.0327650011549	638.3315809106136	1.41088885306209
461	750.8968297049527	362.87373971994793	577.5256865707557	1325.2593629730873	159.44410548737972	385.4734573197802	-1.38309263996582
144	1182.619585755144	681.8038333052492	896.0193232933776	1470.8278734327873	614.0317177147231	801.5951828019752	-0.49901177664292
205	1037.5355808566394	503.1523613517826	865.4158202354043	1750.3383746163147	440.7663643707073	701.6333774110317	1.38177329067604
313	727.33861022821	360.5642915122389	665.675702444351	1372.8299418286945	184.88922043014838	446.0741080574977	-1.38309263996582
166	1048.6343532292008	541.5002593455329	851.813107762838	1556.705467690442	410.1845460177894	635.5226657352224	1.41088885306209
8	1297.4045689434934	739.8984766924787	1033.8127367749973	1958.728465125498	604.0118450219062	900.1127594323325	-0.675262089199912
255	941.3422630902264	477.5278620712236	811.720486188678	1759.8448714694725	368.9026895192495	701.4460571495731	1.38177329067604
258	969.4588114461172	493.7897869376567	816.2908422335423	1570.8515466129022	329.2020175773688	618.3712478920777	1.41088885306209
151	1283.5947237440791	796.412141502567	1089.482350444846	1844.9437681955683	668.6409544984319	997.7620942584239	0.843858212814768
199	974.4613476711478	679.4737622214521	781.8469976708268	1239.5926871083377	619.4786748469495	823.8463007901104	-0.49901177664292
587	790.9559736672992	354.2521218401337	686.2592024792792	1783.246571146916	181.00994600521219	508.2959005217516	-1.41044611617154
53	836.7207569273562	360.7837435620208	688.3677633197126	1424.676163931558	212.7022434588704	415.5306933077741	-1.38309263996582
252	1424.7471916332267	879.7924047251817	1161.8822606131707	1912.4779826185343	779.338267076963	1028.9481017051698	0.493150590278539
99	1165.1643404352983	691.7462638277475	949.9567021395485	1879.724395863607	587.2357522667621	889.0040108299148	-0.675262089199912
410	940.5537376308386	514.2865976468885	798.882243975768	1541.700270520114	332.84408218144176	622.7303426633521	1.41088885306209
465	987.640165728233	665.2921937534027	782.9593596827352	1240.214161308371	614.328418678417	880.5798180651994	-0.49901177664292
437	880.0621828379229	645.0428234877356	685.8338639059918	1089.3616754478005	583.2559088911862	762.6287457511205	-0.49901177664292
293	1213.3842596836212	709.4279470628716	954.6807911599915	1900.8465909169158	591.659811230027	959.1080195594807	-0.675262089199912
105	756.6430987862617	470.6216937166902	569.9863657856478	1197.2739058754182	428.7008945184005	701.3430034706756	-0.848872488540578
50	765.4021726565229	337.5044935660415	664.1656737851849	1740.4343701149814	146.49741540278822	503.13521386800676	-1.41044611617154
572	1037.2593391692328	444.4655332843674	822.484917296611	1701.0880028681424	448.03446956534776	715.8198663655132	1.38177329067604
591	1089.4071576077893	641.4852339547903	855.4985268283702	1416.6711712615902	644.5935087798142	816.6702216813513	-0.49901177664292
193	1232.6716274759995	687.3054592986903	1006.4774570352821	1631.4240213109658	631.3560451773436	856.3354642849167	0.843858212814768
435	792.5559769664978	531.650382740686	701.5006882177215	1286.1015099988167	461.4371865296698	779.3290855376275	-0.848872488540578
260	754.8991837569138	286.89130345917175	622.242963927214	1342.0229572195897	165.5098843894375	337.6315861600739	-1.38309263996582
318	997.5536228792026	592.272432524178	779.6249426215754	1593.1141732872775	583.6621363821089	867.7370925342705	-0.848872488540578
454	1370.1157960343457	864.9133730128264	1124.0324386353145	1844.5987936474048	765.6815596081811	1000.8004601177764	0.493150590278539
624	895.3836012967664	665.2091284837253	701.0037858188097	1101.8975787310717	587.6172156763453	796.3675848948271	-0.49901177664292
87	917.2855036609498	623.7938084835214	731.5783458636344	1053.2422907488049	594.5287414845003	795.9417549672507	-0.49901177664292
601	794.053832909411	561.5838688710564	665.1257794538415	1301.1564721335083	463.57951014783526	786.1368934238458	-0.848872488540578
291	1009.0953897495012	740.3185203324725	874.0571270953237	1145.2219047915926	733.9300297826622	845.6004584232384	0.68075478845144
111	742.1449545070045	289.25718606251985	662.9601076053278	1735.376488373984	148.81979178195186	491.96077677963234	-1.41044611617154
302	960.2751109410503	648.0095912208711	784.7105009941395	1215.1467322464375	611.3296895731523	847.7752613489772	-0.49901177664292
19	1101.6870478416276	742.9326540948069	838.7856674128224	1210.6725449203673	760.9753993728497	928.024147579429	0.68075478845144
287	1051.5015664576918	553.6955991287718	874.345774588631	1513.8811320256984	476.1552442995444	744.7218389080846	0.843858212814768
4	923.6418474193083	415.7248921069493	811.9971934929576	1522.5532955242868	357.9354037229085	547.9019415662447	1.41088885306209
66	782.7148042668047	334.23229273624025	655.6495894727898	1401.2019949187388	186.9664828154104	386.9142362419999	-1.38309263996582
471	1084.006190599782	745.7033788907933	835.2313118699884	1229.6310952763026	777.4603220000172	872.4703948944049	0.68075478845144
289	871.5873781369874	430.38463521919005	778.7885027349573	1452.953141603844	372.7449497861084	609.7811336292312	1.41088885306209
213	1033.1904491356825	676.805116560073	854.1117584377038	1331.4385835645494	622.1842129592843	843.8121070155147	-0.49901177664292
528	787.2765089126266	361.6948794203149	634.8643576229214	1378.7576411261332	175.71391001287316	425.2197577189838	-1.38309263996582
380	1194.103051706646	747.6283657886656	943.6343108388785	1597.126517849489	646.7118435468329	936.2936205378608	-0.49901177664292
428	895.0342953264401	578.9214142148289	721.0541807460181	1314.4246433374637	519.5632933297239	767.1371582690394	-0.848872488540578
158	760.156193985162	469.79007448914086	630.2873412340933	1159.5980584313186	511.6742164216047	652.9096662483225	1.0
39	1057.4627666203774	738.0174606375452	816.6238713537418	1193.0635837427303	758.7404717302799	865.02774181467	0.68075478845144
36	1376.0180474487127	846.4769823115754	1127.151032111482	1819.6003570549417	782.7028500754461	965.2278387497905	0.493150590278539
156	664.5054459259688	396.49263930093804	551.1323350106703	1047.601161214413	382.18267494617817	565.7414506974254	-0.848872488540578
24	696.7598979247605	300.87348997297806	636.339000985654	1320.7634121015446	158.47170640447044	387.29881540017135	-1.38309263996582
108	1178.4550817230825	698.3509695425028	1027.7687683603997	1953.0881199513478	572.7547171845864	954.7697909403017	-0.675262089199912
635	1201.8409447703293	738.7391414869016	1005.4770617106919	1967.1734303647206	616.9165660447719	1006.0540903690027	-0.675262089199912
152	921.723011163643	456.0446602025629	814.53880603084	1460.2736639580726	382.03220495166147	549.9487726100572	1.41088885306209
377	771.9851697333013	445.7728811433381	653.1502159993646	1200.8540260433379	424.9280358013058	642.6410784568051	1.0
559	1072.5931549661868	632.8708362772684	881.1122156091615	1422.131500363828	538.2968159716903	767.3966141611414	0.843858212814768
451	850.2196947842251	585.1666095097854	612.8475314798504	974.0505683722039	541.6083665511617	693.5644644520505	-0.49901177664292
323	786.6232113919802	359.0673595350643	681.7415226983671	1410.8297468361461	307.11332458638014	533.4195838326423	1.38177329067604
337	1102.350048558554	669.854238761209	824.0110255149906	1719.8189760327573	527.0201912211797	837.9349230895524	-0.675262089199912
484	960.9614417883123	505.3220022012938	823.5050598748219	1347.7443033050752	452.57967190940053	666.9274783524684	0.843858212814768
411	611.3205928755264	386.54589200260654	464.44717526863815	960.9605451341164	345.76840592116287	579.8419072653854	-0.848872488540578
294	904.3653153570071	463.99526834486494	711.1846970417027	1363.1288184378304	307.44861803078356	520.0638024753482	1.41088885306209
345	788.8853994832001	523.8720370545774	613.3811129267824	1084.6304049441858	456.69930077165867	644.1633660100472	-0.848872488540578
202	712.1720755235117	277.1281161308149	583.9479998786098	1477.1798827477462	171.5257144107522	332.6196382838881	-1.41044611617154
15	931.655980609092	605.692436870539	737.3041481101608	1479.5793821491636	497.5298650159257	802.7043263428102	-0.848872488540578
332	1193.3240799141283	723.285413384776	966.8078289583418	1643.7190682593375	616.6712801536879	932.3208813962249	0.843858212814768
268	1062.8173782662675	599.362115985374	873.491336619174	1702.8763935997724	495.80787877524114	717.2213309178605	-0.675262089199912
114	848.6315205921995	368.6900527096821	696.3576101825249	1351.337332607366	328.85950640942013	496.0416782043879	1.38177329067604
230	720.1837203707179	423.1529939150966	660.9007030811321	1164.0447379455688	442.55458862968754	574.6992500296183	1.0
264	861.3559235848093	598.0053032730542	680.9161407677634	1032.0851715043316	581.1899962114146	753.3508025493408	-0.49901177664292
355	663.0758917394495	279.69614078632236	578.3312906687935	1229.4056180694777	129.53819269662608	340.08388237396025	-1.38309263996582
503	878.8654536934687	528.8408229922453	693.6985352229495	1383.8880194043006	489.25381361658117	807.7414827334073	-0.848872488540578
322	1023.0166457829366	695.4699778591266	793.5730736767509	1154.903664283142	719.8729757732116	910.6032765760701	0.68075478845144
112	1118.1186027370368	717.9544238169167	929.1100911796075	1552.6635985884934	571.9718031053185	847.5727727166183	0.843858212814768
593	782.1273655422988	372.68073152078705	703.4855097945164	1366.771666058043	321.25264246209304	512.5381049498238	1.38177329067604
278	1157.0581198685768	647.0247370078805	900.0680236429661	1719.4793730511822	523.0912234699642	800.1395589200387	-0.675262089199912
218	1010.0467141381008	538.3424806013926	824.9877776860911	1404.5484481768196	530.3294285398679	719.677241914775	0.843858212814768
347	1251.3021061058846	807.0559623278722	1047.4176542882706	1759.2999481647319	730.680465004143	1015.0901507460617	0.493150590278539
259	553.4689430689621	206.4188898426839	479.64374752076696	1371.6879668366971	140.52649441163925	289.8881833216415	-1.41044611617154
360	911.4573215201682	648.3887615560826	703.8557855101894	1044.1353956960675	594.1018424609142	783.6104646748759	-0.49901177664292
228	1311.9373600267104	816.2208987091342	1058.6954154609455	1751.4433836209648	722.6594548899216	977.1582402577963	0.493150590278539
82	790.4040381870536	347.8012164974503	713.4988482741393	1288.1050921598353	277.76658656209065	492.78849686101023	1.41088885306209
368	734.8649248242659	461.7041592806491	562.4435966175868	1137.4136623864624	463.7872935601485	659.3567883929159	-0.848872488540578
18	829.2278134065946	586.4880717631765	705.7643219748162	1040.5108953024885	567.4146028854984	784.8046202359225	-0.49901177664292
74	692.1693390905391	425.7121542414423	626.0283134673742	1120.856320241689	420.2565382286037	607.4750653943497	1.0
203	1304.226840754663	796.6853674779583	1058.2045411131824	1685.896526969374	708.9832829461843	962.5042131509902	0.493150590278539
610	1326.4708695901068	833.7982292608673	1088.6316619446516	1765.3889497879477	724.4093752289538	1037.320749267217	0.493150590278539
115	653.2084945146529	360.6110639053509	603.8206236154999	1272.8473596811978	265.0478602617488	493.26565635828314	1.38177329067604
10	738.559748737481	379.9238918598794	681.4549699924792	1464.83149217873	297.56082517892435	557.2149920159894	1.38177329067604
418	806.3571491266833	415.8521929379376	700.7514411400074	1262.31510179686	370.37422780024053	570.0172973834526	1.41088885306209
608	693.4914124129094	278.62508466729815	582.9472491384374	1495.8696243299307	136.5960954563006	352.5640840135365	-1.41044611617154
636	634.3451429466614	294.5174716568072	565.2456020322498	1208.3246342861007	197.04099534208785	389.0612729506771	-1.38309263996582
107	1233.4296373292043	759.5987245022341	970.282224611965	1536.2077616657707	751.802080590017	996.1379692899892	0.68075478845144
530	726.1371204808136	355.0878880665002	689.0757876379107	1662.8253741966926	158.43511143125016	523.3750501261953	-1.41044611617154
532	1323.6380001738946	823.4468650250797	1056.3849987219983	1732.268335520239	732.7897761530088	994.321297705981	0.843858212814768
631	695.938384093529	342.8027191445557	614.2715643395597	1616.3581603935295	172.08663124505782	504.4298808739357	-1.41044611617154
129	861.5564954508658	538.933607913269	715.8813502801806	1321.9481456611484	499.1229392883099	712.2898151895131	1.0
55	892.5499765460354	599.0089121194545	662.4471405425788	1358.0797680200446	520.0103327845541	876.0402115633507	-0.848872488540578
538	869.9450480809538	588.2777362863809	721.9276452218005	1395.4246737196927	534.2008329149888	922.2054197828716	-0.848872488540578
627	1100.8568681399295	674.3533025235415	896.818784876592	1713.0313220637743	618.2788067401352	825.6018784938188	-0.675262089199912
407	1089.0534746929197	671.5130313621494	940.3460321271647	1527.4761909598008	577.1533899923545	799.8400488915428	0.843858212814768
215	761.9050656153238	392.8961165716386	733.4241806296689	1424.2360435966243	324.5873692813307	576.8156493239351	1.38177329067604
175	749.9815581233535	501.22544474046833	596.219484561921	1144.3004995643116	463.9553596153806	731.8699642956817	-0.848872488540578
197	847.69819585132	552.8585981240636	662.7739439065341	1084.7147537222545	481.15489152534803	633.9979543629784	-0.49901177664292
159	1326.127928702132	749.8657788680543	1062.1783012157525	1751.5968298153011	741.0081405572838	1038.1879274178395	0.493150590278539
550	1131.4284509251638	671.499660246259	909.9372815238696	1749.1140172708483	563.0615334014855	818.3389433655908	-0.675262089199912
58	1009.9322366056153	687.6956941480287	833.60509681771	1138.5274239205544	677.6339406996053	884.5697137685448	0.68075478845144
242	621.1715365727237	346.88025138971466	552.5714883924575	1069.8635502894992	398.10913177959196	554.4505619985034	1.0
254	869.2070194023374	471.77685809341347	777.6445495309664	1318.4124632949051	354.6192470732727	616.5183786551851	0.843858212814768
164	409.28658700365975	195.1177507789925	337.2272929926664	795.7161048754804	141.82359405061737	244.30407348076747	-1.38309263996582
359	727.2997779369708	263.98655124957634	580.9743333809707	1565.4220441969708	185.99778882198132	430.3397648856357	-1.41044611617154
551	976.1806964663227	624.2354702943084	790.0960935904224	1247.2357992618606	620.0526309193618	829.7127088830974	-0.49901177664292
150	704.8603582093727	311.9440495999201	617.0609008422413	1282.3032076219174	179.46867269591252	376.31378093052626	-1.38309263996582
364	1109.646810804597	730.4044384341404	897.6732607037354	1278.0890009506147	718.172719521942	930.4506079161087	0.68075478845144
331	1153.972403093894	712.7319645495705	971.1175487676915	1573.5882902685246	597.5434488238724	834.9899649326114	0.843858212814768
139	769.5522241973584	472.60345923854567	564.3405105239543	1077.2585422622446	430.2190606909587	635.3746606439897	-0.848872488540578
336	640.29429986098	394.3483654071437	627.8289716366336	1170.694378557816	418.8461487726051	610.206141284567	1.0
86	1307.9315941226666	800.5333073937693	1101.8761402172972	1734.4630920838715	735.688254069944	979.2792564490069	0.493150590278539
487	753.4262252642753	411.4750180573534	626.9490985845517	1376.8573603786297	305.7820744417765	578.538954435223	1.38177329067604
270	648.899529621156	402.24208968179636	601.068895312058	1033.562911697454	405.5029690163018	544.9244187239026	1.0
130	1299.360047688635	828.3424521647737	1070.7147299056949	1716.2453319796032	735.2744187564454	973.0819107436541	0.493150590278539
81	1055.3597464931272	646.3795449351081	821.9823285529366	1130.70658473314	734.4088725226874	829.0900273359697	0.68075478845144
513	1259.4072688661795	824.4291691961276	1041.3896443508675	1671.3268956859406	708.9042861605244	977.338796650987	0.493150590278539
577	1155.8793238083376	691.7648793747417	871.1403458812964	1722.4192878268443	526.7553899566597	788.4288883607649	-0.675262089199912
148	646.5163006895804	275.07717806200674	527.3667169345769	1457.2836238137786	138.80721251940514	426.43941071212305	-1.41044611617154
176	603.7503187803513	292.0345803379339	508.708811497028	1088.1211926776668	144.06971716387503	347.20597337482775	-1.38309263996582
94	1104.9492816307404	595.6043076563911	878.9427901904045	1731.8042535487136	525.6647291572895	807.3154951965898	-0.675262089199912
319	675.4231305859583	245.64204171143555	609.7158275576077	1239.8096244446886	144.21280609634368	356.34790473208943	-1.38309263996582
408	1185.07401710953	681.3054841478347	959.7785048700924	1820.3191163916474	599.1069691074787	859.7958713020032	-0.675262089199912
56	888.5312429290279	412.0463023259073	749.0262847652883	1398.0584300448197	336.80908598460655	521.4050122476933	1.41088885306209
637	701.129984107823	273.85080377953494	629.7213070825536	1261.8619631964766	168.95287797673245	342.486397947439	-1.38309263996582
127	1369.6104723398132	864.4036850241318	1097.749282374444	1843.6720454656497	736.9159619987761	1051.933098311216	0.493150590278539
143	879.7338291561814	491.7414636439555	796.3044848566701	1593.6595223371664	355.5885692957325	622.2542107673224	1.38177329067604
509	738.4643639208691	303.3255510183862	597.5887884590235	1264.5628622555748	185.96975557609412	356.02222943544655	-1.38309263996582
386	987.9760822791488	562.9020928452505	810.5169491714312	1651.7942542728904	529.5704916517795	867.1492708171788	-0.848872488540578
7	1152.881018186129	709.4386084018097	953.1886515165877	1441.3632512224808	739.3693146815784	956.7579781077576	0.68075478845144
463	718.7174248568788	426.9798133059786	635.9150148888086	1115.6664810997854	473.3269117881566	573.8107913075617	1.0
17	795.0865853311716	508.86701605201756	595.8560336651393	1137.373455818557	463.9614545355318	658.419414080182	-0.848872488540578
85	795.8492402917523	572.2639299496919	577.2196600076276	1285.765732215866	501.705118508525	735.8271637102613	-0.848872488540578
72	818.2032649875318	548.769609910994	699.4873740053717	1279.9385178106927	491.7255366315384	799.9126320718784	-0.848872488540578
33	1122.8550434253993	680.2869427580026	938.943371050138	1812.686272708835	560.5702615766935	832.5275899876643	-0.675262089199912
634	889.2055962444307	387.6595893909612	725.8746505271466	1387.2577723281186	303.8845602698645	511.85458054498713	1.41088885306209
93	1065.9665662843356	633.6499030450789	867.8173206973584	1757.686654427074	500.9858737428283	827.7032549143715	-0.675262089199912
185	982.4977830400721	714.3523694597795	858.5993492395343	1172.4652251862026	714.9050690314886	875.1154141744387	0.68075478845144
181	644.1172975983952	408.64909060503936	561.5281331116378	1109.0840229613111	401.94728771424224	628.6715005783495	1.0
235	1305.9313570352049	796.2306376343746	1061.0557189521073	1724.746809188814	737.0597543703841	969.5345908368358	0.493150590278539
28	630.283301449221	367.11676126318054	496.1791841809696	1105.6680912611505	390.58261778501395	607.7940071317959	1.0
469	856.8982455100589	377.5268196412245	684.8824337719019	1342.8005704751788	313.99987026935366	461.3335513384818	1.41088885306209
339	669.331694169755	461.0929960090258	516.8370677368437	1076.0196752679565	434.30647481033793	636.086895950126	-0.848872488540578
1	800.4175842130932	426.21652330884837	747.3744300978435	1491.1469985480805	335.86054178970113	588.4528612667266	1.38177329067604
354	887.8349995399866	552.8066615521135	648.3694527539518	1064.3446884613604	545.441965229771	700.3209230070029	-0.49901177664292
573	660.55888948679	386.5521786431832	571.8194743073094	1162.3366770750154	420.0768835874926	586.0454507705697	1.0
365	1099.4469412974313	683.5165950815666	842.0028384571651	1151.199822947279	703.3700680996923	909.6917969303025	0.68075478845144
496	836.2861577133377	556.6207226113006	659.6352351051356	942.595742884726	595.6248769528839	732.4421301026906	-0.49901177664292
423	616.655837785815	348.80385490683676	558.0201017707599	1032.478026142179	372.7974375590285	501.8646129553859	1.0
516	864.230164696558	482.7149401776767	758.6266829686052	1380.418713891128	318.4668487673418	554.6865034092089	1.41088885306209
549	589.3781321682897	372.6649850461657	545.8510334781731	1005.6875315105523	377.2056227910205	486.1345560167942	1.0
373	542.4035156437296	280.8261146890037	479.9272561060323	1027.8325528608093	153.32156405483263	283.2764506335824	-1.38309263996582
492	646.5996977075253	261.3104859800473	527.0118077541218	1194.0569299885794	154.8101656204336	312.4658057091619	-1.38309263996582
57	1144.2159349653095	651.0625943099332	911.0166771195876	1781.4031905919344	574.2781294842468	920.4842713808432	-0.675262089199912
436	1040.567863548686	704.5571465780312	823.1201524437536	1190.6778728676798	732.1853728508747	919.7982908649872	0.68075478845144
210	1103.3960450986672	661.5286882867684	914.3506892110533	1763.9062849390666	522.1432228606345	789.2415768562566	-0.675262089199912
531	762.2661623684893	515.6065613273645	612.6867800730831	1202.0526890187646	465.6962696386581	695.41515976409	-0.848872488540578
132	694.0968146419297	279.7503827853884	574.1057574937947	1266.5412420740604	179.86896145977585	361.6100007148643	-1.38309263996582
524	1161.2000627088262	665.4046742873032	910.4883836328179	1747.2793893115459	538.5009232299025	766.5365350550259	-0.675262089199912
392	717.7213397460268	450.0666421137133	669.2377552772211	1191.3892809756387	455.66517358821267	577.2790916806413	1.0
5	618.9002761172592	278.0914894229904	545.785409236127	1179.7861621269135	153.31251731693285	345.68727483164145	-1.38309263996582
275	721.6835697996523	312.9626791880117	643.1032814888439	1557.2701140492206	193.0629947342044	395.940190533756	-1.41044611617154
596	1164.439559796501	679.5886689031504	971.2355429079158	1851.724433668366	582.8544418795346	843.7801572832872	-0.675262089199912
361	1242.7386522204931	740.1330627691456	990.1004023059451	1671.4112650326247	635.1249997189348	963.0108615711487	0.843858212814768
352	1101.3798580012299	636.403205234743	890.7749882605166	1512.5696807821066	558.7789671585778	841.5230197150811	0.843858212814768
526	824.4354325400975	602.1052504476049	648.6370231425645	980.9628876463316	532.0783287050443	648.1739539743808	-0.49901177664292
414	790.9111768387893	451.39598948890045	711.1500900870276	1332.1608269965845	309.24549362469054	543.4869810676861	1.41088885306209
237	1049.1991373281205	625.9973322161413	867.7813388119948	1442.1159408508722	542.2863558548236	731.3493501944565	0.843858212814768
204	870.0562749556483	457.096284209413	722.7698874931122	1342.1574505524245	376.0974525184512	573.961974597775	1.41088885306209
12	959.8786090364663	666.4861602710365	775.9093188146292	1083.958851327126	718.8313582886184	885.5547843628032	0.68075478845144
232	840.326049672446	576.0710325208238	630.830325627863	991.0024874496382	559.4971436897135	696.899707213583	-0.49901177664292
514	642.5230699601123	419.23931926671713	590.5350460029192	1144.897904186838	385.88887009638955	563.8035308811792	1.0
172	900.4898130060996	526.8972223291648	776.5495954003811	1303.452923359567	411.46351110673703	648.6425614528121	0.843858212814768
174	508.59085990384517	320.88829841433534	371.95095917843275	867.2817844944097	245.32267834269865	456.54916056803677	-0.848872488540578
403	564.8494653767359	367.99460182881285	425.8168002306445	982.9024483636188	309.19173557875246	554.2259304825435	-0.848872488540578
315	608.9299903698727	247.38299478916844	517.3521183205943	1103.9507411001593	156.86740420495047	369.1824846625266	-1.38309263996582
44	869.7278899825105	468.30660296522615	743.4216971207755	1366.5643392462064	341.22732008178804	539.0233518824894	1.41088885306209
480	1327.025312929116	811.3855317882133	1108.9918303290738	1832.6008183509216	741.2486428962	1002.0808958165304	0.493150590278539
30	679.5603249871218	275.5503257393166	580.4760924861862	1230.9479127813029	165.77492222929922	336.4342449953859	-1.38309263996582
501	1191.0023198844954	692.2322346477865	933.2942161607598	1615.6092544290998	636.1817283689071	875.5490682414056	0.843858212814768
379	697.1735417082027	267.48027915207535	603.832010789629	1246.166134233416	152.71961309412427	331.9027230520756	-1.38309263996582
578	1194.0309242465646	707.074522358972	1024.1121594401388	1679.4099757839529	624.804515236469	970.2927881358744	0.843858212814768
533	702.995279420876	294.7042006698334	595.9737135601354	1301.1008449116403	142.67529870499678	418.088974032654	-1.38309263996582
167	847.6327567238175	416.68304092328	753.8499249259914	1623.0743393322407	332.9838523124923	623.1730562196337	1.38177329067604
110	1113.242888959649	650.8932248190844	937.4127556701416	1833.1861929292447	553.8137310766697	859.6663271745413	-0.675262089199912
520	852.4841680678113	388.0101426167661	745.9482839317649	1504.6654742592334	386.07214925331397	525.3104276253982	1.38177329067604
449	814.8431882236233	499.5195180156249	713.3645929867308	1388.772345408286	500.59061696834425	767.3625727153307	1.0
88	1126.8036030617384	655.6476005206151	951.4798856210214	1553.2345782160867	569.5085248301555	821.3720698321875	0.843858212814768
383	832.355511471079	372.46933955403	693.8340510371196	1398.114685024341	328.0440075513154	472.05590014102177	1.38177329067604
561	706.9303605861472	295.8933322467679	635.121695985264	1608.7599755441668	172.6630132577102	437.4951634191361	-1.41044611617154
375	1050.7801035301154	592.6541434619171	792.883219847524	1367.9586016736832	509.1287747943395	717.564617696011	-0.49901177664292
177	837.717636412799	377.5549678327255	734.3273544628557	1608.3807339574435	323.22130022235945	619.6647949935963	1.38177329067604
424	723.131974123012	251.65126726505366	587.0553575115392	1514.0929129702618	163.36281715789005	409.2860126559951	-1.41044611617154
413	776.4318324321139	306.5150335777816	650.8417454005141	1603.2572217624213	238.43164708473174	465.46005732483127	-1.41044611617154
248	1366.2480192641356	757.2394339652719	1138.764258024783	1850.5022189683857	769.119143582311	1016.9660001363657	0.493150590278539
491	785.2993408522526	394.49104722998635	760.0356586326336	1508.9526132949075	332.52063142709824	548.7862240424621	1.38177329067604
35	949.7724663215639	509.6368318156592	773.7125355609356	1482.5634542993018	490.43642936577123	685.3523876707402	-0.848872488540578
402	875.2623238906193	568.600670134242	776.3938021360924	1458.0936557881162	565.0638200192441	825.4991731767994	1.0
517	867.1144567493083	391.1090067650426	765.6860901534209	1623.2702793925746	315.0272627739355	608.3086232050036	1.38177329067604
511	718.2185075737152	341.2192208443837	603.9687587442872	1584.383945791993	152.60223739669163	494.4975125741817	-1.41044611617154
290	1244.2577588878607	742.4593515236246	945.7281369660612	1486.4134595075673	759.890740468629	949.8129439614938	0.68075478845144
310	776.0007704436011	459.6300013016671	696.2873777688695	1228.5002432476658	469.2744326779108	642.7455941398852	1.0
194	1304.7145803053393	771.364454797422	1078.4192673087234	1759.6849833936817	740.6546663574836	948.5011851527175	0.493150590278539
519	663.4489960036093	238.83375963520464	572.4362666459576	1221.1119989632004	123.00476067473741	302.86077728445304	-1.38309263996582
607	1069.0789066687073	619.6258685507552	787.8961974142061	1364.8394093606494	624.1571947304026	831.1894290335368	-0.49901177664292
512	1321.5762526441194	812.5969983416944	1066.1694042657773	1808.1998152366637	728.613768330321	1039.0828746440654	0.493150590278539
340	712.6182522205412	420.0990572733112	613.7448483079878	1157.026973096715	416.37850792518543	555.1423996354517	1.0
123	1270.0345542605328	784.6825019925285	1079.5906686494636	1759.1538882624536	716.6686184244036	983.5886929137295	0.493150590278539
303	1257.3633289717654	791.7500632570942	1004.2052044562972	1723.596576477171	728.9410593440667	1006.0600762541899	0.493150590278539
190	735.1153216118703	298.8321590643008	585.643559446501	1590.4651696688052	157.16497475759456	483.16648605623215	-1.41044611617154
102	828.2098709935989	416.08007465343667	690.2457559500757	1457.1992006610233	324.0308000246422	513.8772020353854	1.38177329067604
569	649.5361299508036	246.8719844001235	531.9657310118697	1510.2475560804437	113.26391942035413	407.65297774795556	-1.41044611617154
426	853.4814482271491	422.59462518219283	776.1709990286967	1643.5218253973612	335.28166328171005	669.2821858015142	1.38177329067604
613	1039.0111710790811	617.1827945778557	812.5145806945795	1323.0259388524712	647.3541855658312	790.5185615973223	-0.49901177664292
296	1056.7099545727692	665.846879217099	817.8807619301131	1171.9074670311556	721.9802765307613	842.2714698938347	0.68075478845144
470	882.6121319076574	383.3867400077864	746.3527635390138	1576.7770707037544	363.23269330791453	601.1391689533433	1.38177329067604
224	665.4152612006162	390.4326947845734	566.6705222979023	1094.4506631434024	365.9745580855533	522.2828083372456	1.0
236	1027.2993648454367	591.5307429943927	875.5967824064304	1508.3134356449912	526.1633067012085	811.3617716483465	0.843858212814768
353	840.3247404313861	597.0149803593679	627.0371964519766	973.788354457327	597.8883166466939	688.6077348124314	-0.49901177664292
238	911.4838798450494	484.0393105803834	765.5476331717196	1440.6538045901368	322.6965268825479	567.8515114346067	1.41088885306209
566	698.7687789690655	294.7680927293553	569.0870456066884	1261.7154208315471	140.69618595648913	358.84277998878275	-1.38309263996582
632	1174.7409981277676	726.6593443306303	976.1689724568694	1653.652787818257	619.1748178374024	938.6022610177358	0.843858212814768
448	981.7274562466013	711.6152189984184	762.7447431215959	1115.2512918301877	707.3346691796608	881.571262124728	0.68075478845144
227	590.3753291596935	269.0678587827844	587.9317077846032	1501.8396100461691	121.27219097306104	423.17518255582826	-1.41044611617154
540	1288.8287321674732	744.8979418461115	1056.0660225314252	1704.9960521136072	720.3249391807888	934.352373974465	0.493150590278539
625	1104.07347245454	712.5930432952189	828.9377070938558	1210.8698537188377	738.10136271947	891.3126430136273	0.68075478845144
432	651.9058555893959	383.0315745174446	528.1411132086358	1025.1106196671074	410.02925527512747	598.7600043344922	-0.848872488540578
221	875.9156946656653	429.3692172449707	726.9489139940997	1413.7438398002057	329.63479072748794	538.4611163403213	1.41088885306209
390	914.3298134747058	628.2161226655003	702.4391372701601	1069.2823668362348	587.0915520264206	760.9746575340587	-0.49901177664292
9	683.7057417276151	431.6808521236823	600.0487125476561	1192.6873866191852	409.8934687628591	620.7322586981356	1.0
554	606.3678139715554	279.63486623669206	597.1795818583377	1564.951274047022	179.03785232609044	500.0472435380343	-1.41044611617154
26	696.8999771399442	295.8384795879766	574.939267097409	1264.9928324437358	134.23460069790337	367.6582726473126	-1.38309263996582
22	909.5478107624873	418.10841345171076	763.5766214478087	1388.5597415947516	376.53523952366334	522.5971508356818	1.41088885306209
31	921.4763879877743	478.69654871793193	840.920318804661	1718.2141499770566	360.8153228566026	697.13525457834	1.38177329067604
325	1108.9211889404062	733.8120764925769	888.3043234639238	1349.0894650864986	757.3034657466333	923.5599103737645	0.68075478845144
104	1193.3392146763042	720.797842071275	980.740235552342	1628.514650534831	636.513920626436	895.4912785264528	0.843858212814768
605	787.18732084265	543.0288304219257	639.6333577442557	1233.3552659792474	466.51302987403693	736.5558714656883	-0.848872488540578
234	909.1505336179576	478.48924091932116	798.6055169305162	1470.7505156235113	359.4546766239776	594.454531719605	1.41088885306209
272	718.9867036056694	317.20866187629184	630.134142703753	1616.0620996929742	175.55897867110951	481.5096403948805	-1.41044611617154
456	1158.6113914695654	637.7570426008444	863.5610979924475	1773.445032470025	555.4108228267252	860.940053950205	-0.675262089199912
2	1070.5743652717983	705.1200440031242	859.2896973062095	1165.429336780791	712.7273228880991	843.6904824388083	0.68075478845144
622	607.9994591310318	304.5185982762439	549.2630070472155	1212.2616574495908	153.16154501623328	326.28605193703106	-1.38309263996582
443	1068.271102362757	669.1016675873775	832.1386652150073	1461.7558070893995	584.7642239514804	776.4982792595241	-0.49901177664292
399	990.532011479968	604.4166761810457	785.3503589603786	1299.5005280518217	549.8910658595535	748.6129233971363	-0.49901177664292
29	887.7973447104794	397.6352682225467	782.7843377129532	1497.9413554748066	359.6827202203446	604.9773169843738	1.41088885306209
499	1178.8630180741213	721.6528569479767	1001.207646158957	1591.2618135325397	600.8271664569437	898.9379190688421	0.843858212814768
96	800.2166070887164	402.4634426220462	713.9892708801092	1611.3749811618247	325.0796888686141	613.5938871928286	1.38177329067604
214	857.3664773583279	358.7042943485352	810.9042829682647	1557.9263661226069	342.331774917714	551.7665523428127	1.38177329067604
388	728.0261497251299	323.79197989844545	615.7130141496249	1289.529981707637	167.84607630074234	346.6108087093311	-1.38309263996582
483	1393.13846550352	868.1736155591897	1135.7915726125846	1858.0372357880995	755.2921005815608	1073.4576284447417	0.493150590278539
460	1130.9378934473357	662.3307839920109	948.8338367093131	1558.822572852549	611.0874008868407	849.9672504905344	0.843858212814768
507	955.4065950100163	491.0680608520856	813.0369233680924	1424.6801123189252	472.4691289222208	668.8799987928126	0.843858212814768
120	562.4741369031215	193.38558636826363	458.43328486445307	969.1742325254966	116.37285733765587	292.3693506466255	-1.38309263996582
261	1135.4556272365335	641.9200165485297	963.7873698224747	1537.4823108637768	587.8095438822264	794.1517185592106	0.843858212814768
64	845.8817532676924	425.93654994352096	765.1095347908231	1414.1727749907266	341.5781715851569	561.6791223418364	1.41088885306209
582	697.5696107036498	424.3093714366343	587.0879318878051	1158.54149781836	394.8949519049633	608.4351487525407	1.0
137	1008.2162242516532	536.3726263166491	822.5706547449817	1422.1656218148032	499.0215333856908	696.0730760405102	0.843858212814768
