Epoch	Explore_Iteration	MacroPopSize	MicroPopSize	Accuracy_Estimate	RuleCount	TreeCount	AveGenerality	ExpRules	Time(min)
1	100	995	1000	0.9403371316250467	512	483	0.6805384615384616	0.0	2.218707096576691
2	200	986	1000	0.9360555746842212	528	458	0.6826923076923073	0.0	2.8842042843500773
3	300	977	1000	0.9473266588002288	546	431	0.6846153846153836	0.0	3.5413413008054095
4	400	970	1000	0.9508774104608884	561	409	0.6848461538461523	0.0	4.1430696169535315
5	500	957	1000	0.9604265259977994	578	379	0.6872307692307678	0.0	4.738865399360657
6	600	953	1000	0.9388171241243519	596	357	0.6879999999999982	0.0	5.243002800146739
7	700	949	1000	0.9487071068977848	613	336	0.6879230769230745	0.0	5.755785365899404
8	800	940	1000	0.9456247479766577	623	317	0.6894615384615354	0.0	6.239166951179504
9	900	933	1000	0.9486818846994247	635	298	0.6893076923076891	0.0	6.698832786083221
10	1000	922	1000	0.9491667190001983	643	279	0.690307692307689	0.0	7.118094801902771
11	1100	911	1000	0.9381598351460347	648	263	0.6917692307692274	0.0	7.561839230855306
12	1200	901	1000	0.918273869017723	653	248	0.6919999999999964	0.0	7.95916911760966
13	1300	885	1000	0.9379573968363494	655	230	0.6933846153846119	0.0	8.342149249712627
14	1400	869	1000	0.9366519412622827	661	208	0.6945384615384584	0.0	8.721285053094228
15	1500	860	1000	0.9366713311257141	667	193	0.6953076923076893	0.0	9.075195316473643
16	1600	853	1000	0.9256161102884495	680	173	0.6975384615384581	0.7678780773739742	9.165435981750488
17	1700	846	1000	0.8945263599227705	696	150	0.6986153846153812	0.7576832151300237	9.245735247929892
18	1800	837	1000	0.8816034214118292	699	138	0.6999999999999967	0.7610513739545998	9.3284379641215
19	1900	837	1000	0.9102683430868131	711	126	0.7003846153846119	0.7514934289127837	9.420255931218465
20	2000	824	1000	0.9147969450745513	715	109	0.7036923076923043	0.7572815533980582	9.505196166038512
21	2100	823	1000	0.9367463364135699	720	103	0.7037692307692273	0.7569866342648846	9.577472718556722
22	2200	825	1000	0.8893238144652422	726	99	0.7066153846153811	0.7563636363636363	9.649906615416208
23	2300	828	1000	0.9046091940596215	730	98	0.707769230769227	0.7608695652173914	9.723195417722065
24	2400	822	1000	0.9210979379069997	728	94	0.7086153846153809	0.7591240875912408	9.80136978228887
25	2500	824	1000	0.9124011536001119	735	89	0.7103076923076882	0.758495145631068	9.874755847454072
26	2600	820	1000	0.9228316258745537	728	92	0.7133076923076881	0.7560975609756098	9.960235234101614
27	2700	815	1000	0.9027549393165901	729	86	0.7160769230769188	0.750920245398773	10.041450949509938
28	2800	808	1000	0.9135390068732859	722	86	0.7210769230769187	0.745049504950495	10.117878663539887
29	2900	800	1000	0.9282569788944014	717	83	0.7215384615384574	0.7475	10.199265484015147
30	3000	793	1000	0.8977978492358042	713	80	0.7236923076923034	0.7452711223203027	10.31041589975357
31	3100	791	1000	0.9339112835365525	710	81	0.7289999999999953	0.7471554993678887	10.389974665641784
32	3200	785	1000	0.9162503017625073	709	76	0.7331538461538416	0.7528662420382166	10.452154167493184
33	3300	780	1000	0.9129258636716295	704	76	0.735692307692303	0.7551282051282051	10.512244749069215
34	3400	778	1000	0.9295873164181497	703	75	0.7379230769230727	0.7686375321336761	10.569657882054647
35	3500	774	1000	0.929859939270147	700	74	0.7413846153846111	0.7713178294573644	10.625565115610758
36	3600	771	1000	0.9201962514133981	700	71	0.7431538461538415	0.7769130998702983	10.673011314868926
37	3700	770	1000	0.9280298954595062	699	71	0.7456923076923031	0.7779220779220779	10.71912188132604
38	3800	764	1000	0.9197747621791925	693	71	0.7503076923076873	0.7774869109947644	10.765092833836873
39	3900	759	1000	0.9284404946364596	691	68	0.7519999999999952	0.7799736495388669	10.810228363672893
40	4000	757	1000	0.9327981625801233	688	69	0.7543076923076872	0.7793923381770145	10.854484530289968
41	4100	757	1000	0.9225252667745949	690	67	0.7563846153846103	0.7780713342140027	10.897678617636362
42	4200	751	1000	0.9090915504733033	684	67	0.7583846153846104	0.7922769640479361	10.938201848665873
43	4300	743	1000	0.9162910445913381	677	66	0.7619999999999952	0.7927321668909825	10.984357798099518
44	4400	743	1000	0.9234285219373887	678	65	0.7657692307692259	0.7833109017496636	11.029802763462067
45	4500	738	1000	0.9166096418276216	674	64	0.7699230769230723	0.7845528455284553	11.07415150006612
46	4600	735	1000	0.9302977576185847	671	64	0.7741538461538414	0.8	11.116573250293731
47	4700	726	1000	0.926965460123054	664	62	0.7776923076923029	0.7975206611570248	11.166783249378204
48	4800	725	1000	0.9181841514603428	665	60	0.7798461538461492	0.7944827586206896	11.210377566019694
49	4900	728	1000	0.9241052733026275	668	60	0.7809999999999951	0.7994505494505495	11.25623843272527
50	5000	731	1000	0.9376857366175245	671	60	0.7830769230769179	0.7948016415868673	11.304375465710958
51	5100	729	1000	0.9191620720919411	668	61	0.7836153846153794	0.8010973936899863	11.346376951535543
52	5200	730	1000	0.9184413908323933	671	59	0.7853846153846098	0.8068493150684931	11.386080185572306
53	5300	726	1000	0.9157042360744977	665	61	0.7874615384615329	0.8168044077134986	11.426741933822631
54	5400	727	1000	0.9292463931903281	667	60	0.7879230769230713	0.8198074277854195	11.466029183069866
55	5500	721	1000	0.9367619756719072	660	61	0.7899999999999947	0.8196948682385575	11.506611915429433
56	5600	723	1000	0.9244058176632346	660	63	0.7919999999999948	0.8160442600276625	11.552257565657298
57	5700	719	1000	0.8962025679661223	657	62	0.7939230769230715	0.8136300417246175	11.595499181747437
58	5800	718	1000	0.921257339133093	653	65	0.7941538461538409	0.8147632311977716	11.644758133093516
59	5900	717	1000	0.9197177313373216	653	64	0.7969230769230716	0.8172942817294282	11.698055100440978
60	6000	716	1000	0.9153204046570573	651	65	0.798769230769225	0.8156424581005587	11.749122834205627
61	6100	723	1000	0.9285850271643323	658	65	0.7995384615384558	0.8077455048409405	11.804134130477905
62	6200	723	1000	0.9273390466414247	659	64	0.8008461538461481	0.8049792531120332	11.860288568337758
63	6300	722	1000	0.9217137024113762	660	62	0.8019999999999945	0.8047091412742382	11.915275299549103
64	6400	720	1000	0.9301866636861118	658	62	0.803538461538456	0.8194444444444444	11.97054455280304
65	6500	723	1000	0.9290377851186232	659	64	0.8048461538461482	0.8257261410788381	12.02402756611506
66	6600	714	1000	0.9260126865470102	653	61	0.8056923076923024	0.8235294117647058	12.074703582127889
67	6700	713	1000	0.9337077032965279	653	60	0.8067692307692259	0.8260869565217391	12.127196033795675
68	6800	710	1000	0.9428142262761563	649	61	0.807153846153841	0.8253521126760563	12.183556214968364
69	6900	707	1000	0.9206430224498621	648	59	0.8088461538461487	0.8246110325318247	12.234553349018096
70	7000	704	1000	0.9373120245964449	647	57	0.8099999999999948	0.8295454545454546	12.28612913688024
71	7100	712	1000	0.937286154894587	655	57	0.8109999999999946	0.827247191011236	12.33412793080012
72	7200	707	1000	0.920746009487316	650	57	0.8116923076923024	0.826025459688826	12.379214866956074
73	7300	710	1000	0.9362687604359944	653	57	0.8128461538461483	0.8225352112676056	12.425225031375884
74	7400	711	1000	0.931882715828351	654	57	0.8150769230769176	0.8171589310829818	12.469241301218668
75	7500	708	1000	0.933813312833496	651	57	0.8160769230769176	0.8234463276836158	12.512314029534657
76	7600	704	1000	0.9318227230932883	648	56	0.8171538461538405	0.8338068181818182	12.55409638484319
77	7700	700	1000	0.9282240900567769	643	57	0.8169999999999946	0.8414285714285714	12.598952114582062
78	7800	692	1000	0.93212428255135	639	53	0.8192307692307639	0.8497109826589595	12.641136666138967
79	7900	691	1000	0.9305111842512646	639	52	0.8199999999999945	0.849493487698987	12.684327316284179
80	8000	692	1000	0.9385436233233545	638	54	0.8216153846153791	0.846820809248555	12.726405231157939
81	8100	692	1000	0.9307002997295271	640	52	0.8214615384615328	0.8526011560693642	12.765614819526672
82	8200	687	1000	0.9289649632634743	637	50	0.8231538461538404	0.8500727802037845	12.804917883872985
83	8300	691	1000	0.9438701568456551	640	51	0.8230769230769169	0.8422575976845152	12.84461008310318
84	8400	694	1000	0.9278044437484724	644	50	0.8233076923076861	0.8386167146974063	12.884316651026408
85	8500	696	1000	0.9343352010877913	645	51	0.8242307692307629	0.8333333333333334	12.92050918340683
86	8600	696	1000	0.9296831007094093	646	50	0.8246923076923015	0.8390804597701149	12.957688550154367
87	8700	700	1000	0.9174541346945321	649	51	0.8243846153846092	0.8371428571428572	12.993954082330069
88	8800	699	1000	0.9271418936260928	648	51	0.8249230769230707	0.8369098712446352	13.035925368467966
89	8900	697	1000	0.9228041513668153	647	50	0.8254615384615324	0.836441893830703	13.079865698019663
90	9000	694	1000	0.9276767812262989	645	49	0.8269999999999937	0.8371757925072046	13.138998917738597
91	9100	696	1000	0.9103709312742773	646	50	0.8280769230769167	0.8247126436781609	13.183952883879344
92	9200	693	1000	0.9204883732600406	643	50	0.8282307692307629	0.8268398268398268	13.225565099716187
93	9300	679	1000	0.9075615707253142	633	46	0.8295384615384553	0.833578792341679	13.265436851978302
94	9400	677	1000	0.9245612409387424	630	47	0.8315384615384551	0.8345642540620384	13.305021433035533
95	9500	680	1000	0.9272772219841281	632	48	0.8322307692307627	0.8338235294117647	13.34496443271637
96	9600	673	1000	0.9256667654628976	628	45	0.8338461538461474	0.8380386329866271	13.382355280717213
97	9700	675	1000	0.9201980654540292	629	46	0.8349999999999934	0.8325925925925926	13.437106851736704
98	9800	678	1000	0.9293202166939116	630	48	0.8339999999999935	0.8333333333333334	13.480564268430074
99	9900	677	1000	0.9280777999623794	629	48	0.8344615384615319	0.8286558345642541	13.526494065920511
100	10000	676	1000	0.9322500434026384	629	47	0.8356923076923014	0.8357988165680473	13.570763452847798
101	10100	669	1000	0.9274035309255153	622	47	0.8359999999999939	0.8490284005979073	13.614042047659556
102	10200	671	1000	0.9195030917176212	626	45	0.8365384615384552	0.849478390461997	13.656082963943481
103	10300	671	1000	0.9278813556572584	624	47	0.8368461538461474	0.8509687034277198	13.708825782934825
104	10400	669	1000	0.9267427345121173	622	47	0.8385384615384549	0.8490284005979073	13.761515367031098
105	10500	665	1000	0.9308328635327334	618	47	0.8385384615384551	0.8511278195488722	13.809404083093007
106	10600	668	1000	0.9247433789355426	622	46	0.8404615384615322	0.8458083832335329	13.855116800467174
107	10700	673	1000	0.9290559753438775	627	46	0.8419999999999938	0.8335809806835067	13.899024816354116
108	10800	675	1000	0.9315771636638124	627	48	0.8430769230769171	0.8251851851851851	13.943992952505747
109	10900	672	1000	0.9307678152010881	626	46	0.8435384615384557	0.8273809523809523	13.993249313036602
110	11000	677	1000	0.9322604591440263	631	46	0.8458461538461478	0.8183161004431314	14.051361882686615
111	11100	676	1000	0.9240412739482327	631	45	0.8481538461538403	0.8121301775147929	14.103689150015514
112	11200	672	1000	0.9253861807132943	627	45	0.8483846153846094	0.8169642857142857	14.157880616188049
113	11300	661	1000	0.926696306793657	616	45	0.8489999999999941	0.8290468986384266	14.20851749976476
114	11400	664	1000	0.92506386772872	619	45	0.8494615384615323	0.8313253012048193	14.253799732526144
115	11500	666	1000	0.9371631914300876	621	45	0.8508461538461475	0.8303303303303303	14.308464936415355
116	11600	673	1000	0.9386722185036817	628	45	0.851461538461532	0.8187221396731055	14.364370048046112
117	11700	668	1000	0.9191163580291348	623	45	0.8518461538461476	0.8218562874251497	14.42308798233668
118	11800	666	1000	0.936287657693732	622	44	0.853076923076917	0.8258258258258259	14.479459436734517
119	11900	661	1000	0.9313934457879661	617	44	0.8543846153846091	0.8305597579425114	14.521933750311534
120	12000	660	1000	0.9358474114078058	617	43	0.8547692307692245	0.8303030303030303	14.567155933380127
121	12100	658	1000	0.9296433035513049	614	44	0.8551538461538398	0.8419452887537994	14.60777751604716
122	12200	653	1000	0.9353851834883684	610	43	0.8556923076923016	0.8560490045941807	14.64551526705424
123	12300	656	1000	0.9376125716803692	612	44	0.8564615384615324	0.8597560975609756	14.685438330968221
124	12400	655	1000	0.9353112438695849	612	43	0.8573076923076862	0.8580152671755725	14.728041084607442
125	12500	658	1000	0.9252965006894623	614	44	0.8569230769230709	0.8632218844984803	14.778051447868346
126	12600	652	1000	0.9253889305881781	610	42	0.85715384615384	0.8711656441717791	14.815597033500671
127	12700	651	1000	0.9278486580201292	610	41	0.8569999999999939	0.869431643625192	14.852311380704244
128	12800	651	1000	0.9281331775806205	610	41	0.8576923076923018	0.8632872503840245	14.89511415163676
129	12900	646	1000	0.9217710769736294	606	40	0.858923076923071	0.8653250773993808	14.933862646420797
130	13000	648	1000	0.9252653256800919	608	40	0.8594615384615326	0.8626543209876543	14.970226617654165
131	13100	645	1000	0.9390256652156843	605	40	0.8605384615384556	0.8713178294573644	15.010492781798044
132	13200	645	1000	0.9191785282637581	606	39	0.8616153846153787	0.8635658914728682	15.04475359916687
133	13300	645	1000	0.9346412369627037	606	39	0.8629999999999939	0.8573643410852713	15.080268466472626
134	13400	642	1000	0.9291746786295236	604	38	0.8638461538461477	0.8504672897196262	15.115110119183859
135	13500	645	1000	0.9325216343922682	606	39	0.8636923076923012	0.8403100775193798	15.151141432921092
136	13600	649	1000	0.9344845975216335	610	39	0.8639999999999932	0.8335901386748844	15.189312736193338
137	13700	643	1000	0.9364413648222363	603	40	0.8668461538461468	0.8258164852255054	15.228154683113098
138	13800	645	1000	0.9306315442624896	604	41	0.8667692307692235	0.8263565891472868	15.273409819602966
139	13900	641	1000	0.9169792655396252	601	40	0.8672307692307624	0.828393135725429	15.316967713832856
140	14000	640	1000	0.9129783844124572	600	40	0.8687692307692237	0.8328125	15.363431866963705
141	14100	640	1000	0.9171707351203052	600	40	0.8693076923076853	0.8265625	15.40688621600469
142	14200	644	1000	0.9251879236403794	604	40	0.8699999999999929	0.8260869565217391	15.455646347999572
143	14300	646	1000	0.9199141084594966	606	40	0.8703846153846082	0.8235294117647058	15.497732849915822
144	14400	644	1000	0.9260827434155197	602	42	0.8708461538461462	0.827639751552795	15.547352449099224
145	14500	646	1000	0.9343361303379112	606	40	0.8717692307692236	0.8312693498452013	15.591595280170441
146	14600	640	1000	0.930425910883136	600	40	0.8726153846153776	0.834375	15.636636781692506
147	14700	643	1000	0.9091592316422522	603	40	0.8731538461538391	0.8398133748055988	15.67941859960556
148	14800	645	1000	0.923495389084998	605	40	0.8730769230769163	0.8434108527131783	15.72554516394933
149	14900	648	1000	0.9204047271460408	609	39	0.8733846153846085	0.8379629629629629	15.778145531813303
150	15000	652	1000	0.932584385189858	612	40	0.8733076923076852	0.8420245398773006	15.82612838347753
151	15100	648	1000	0.9321727019466864	608	40	0.8733846153846085	0.8425925925925926	15.871523316701253
152	15200	644	1000	0.9378238611645654	604	40	0.8733076923076857	0.8509316770186336	15.910710601011912
153	15300	649	1000	0.9377105896528485	609	40	0.8739999999999933	0.8489984591679507	15.950337680180867
154	15400	650	1000	0.9363194921917882	611	39	0.8747692307692239	0.8492307692307692	15.989885413646698
155	15500	658	1000	0.9332031792457843	618	40	0.8757692307692236	0.8358662613981763	16.03204559882482
156	15600	656	1000	0.9324218347788353	615	41	0.8756923076923008	0.836890243902439	16.073071432113647
157	15700	657	1000	0.9222332003581581	616	41	0.8762307692307627	0.837138508371385	16.116299200057984
158	15800	655	1000	0.9352151786871028	615	40	0.8768461538461473	0.8473282442748091	16.158425084749858
159	15900	646	1000	0.9145994973407124	606	40	0.878692307692301	0.8436532507739938	16.20100371837616
160	16000	649	1000	0.9292732070540025	610	39	0.8791538461538393	0.8459167950693375	16.243653066953023
161	16100	653	1000	0.9238125892026017	614	39	0.8795384615384548	0.8376722817764165	16.285845534006754
162	16200	649	1000	0.917912260451356	611	38	0.8797692307692242	0.8351309707241911	16.327054516474405
163	16300	647	1000	0.927235986194455	611	36	0.8800769230769167	0.8408037094281299	16.367683533827464
164	16400	650	1000	0.9277773684018896	615	35	0.8808461538461474	0.84	16.406863117218016
165	16500	647	1000	0.9253461513950668	613	34	0.8812307692307628	0.8438948995363215	16.449853098392488
166	16600	648	1000	0.9232737440438052	614	34	0.8818461538461472	0.8395061728395061	16.49516053199768
167	16700	642	1000	0.9261209566141672	609	33	0.8828461538461474	0.8364485981308412	16.550596102078757
168	16800	644	1000	0.92511528020805	611	33	0.882692307692301	0.843167701863354	16.595826780796052
169	16900	646	1000	0.926380905287747	614	32	0.8829999999999936	0.848297213622291	16.63839316368103
170	17000	646	1000	0.9209608082111758	613	33	0.8832307692307628	0.8544891640866873	16.681686480840046
171	17100	648	1000	0.923608341361629	616	32	0.8830769230769164	0.8533950617283951	16.729936997095745
172	17200	652	1000	0.9185008911678928	620	32	0.8836153846153777	0.8558282208588958	16.776797318458556
173	17300	643	1000	0.9226530537759646	611	32	0.8836153846153778	0.8569206842923794	16.822701919078828
174	17400	640	1000	0.923542753924887	608	32	0.8836153846153778	0.85625	16.866971683502197
175	17500	636	1000	0.9306549336090622	604	32	0.8832307692307625	0.8569182389937107	16.909711198012033
176	17600	643	1000	0.93174234872574	611	32	0.882999999999993	0.8553654743390358	16.952271564801535
177	17700	645	1000	0.9154518556468598	613	32	0.88392307692307	0.8542635658914729	16.999476365248363
178	17800	641	1000	0.9245732783816883	609	32	0.8839999999999931	0.8549141965678627	17.043089067935945
179	17900	641	1000	0.9272697799632432	610	31	0.8842307692307626	0.8533541341653667	17.087286818027497
180	18000	637	1000	0.9266989140737656	606	31	0.8843076923076856	0.8555729984301413	17.12844786643982
181	18100	637	1000	0.9221061143535425	606	31	0.8849999999999929	0.8508634222919937	17.16884345213572
182	18200	641	1000	0.9241542468060469	610	31	0.8849999999999929	0.8455538221528861	17.212011086940766
183	18300	643	1000	0.9199503619090907	612	31	0.8848461538461468	0.8413685847589425	17.263721748193106
184	18400	645	1000	0.9236214164511758	613	32	0.8853846153846084	0.8403100775193798	17.307548364003498
185	18500	636	1000	0.9142295855094505	605	31	0.8856923076923011	0.85062893081761	17.349162650108337
186	18600	640	1000	0.9212518860894288	609	31	0.8858461538461473	0.846875	17.394640068213146
187	18700	640	1000	0.9144297110043269	610	30	0.8864615384615318	0.846875	17.43992866675059
188	18800	641	1000	0.9193408535354404	611	30	0.8872307692307626	0.8424336973478939	17.488026467959084
189	18900	640	1000	0.9167581707141536	610	30	0.8873846153846088	0.846875	17.53438829978307
190	19000	642	1000	0.9294253871171269	611	31	0.8877692307692239	0.839563862928349	17.583829867839814
191	19100	641	1000	0.9255898208432043	610	31	0.8874615384615316	0.8502340093603744	17.627068916956585
192	19200	642	1000	0.9179157142514116	610	32	0.8884615384615316	0.8489096573208723	17.668010850747425
193	19300	641	1000	0.9186142499540523	611	30	0.888615384615378	0.8502340093603744	17.714418947696686
194	19400	642	1000	0.9305556435734477	612	30	0.8892307692307626	0.8520249221183801	17.75899711449941
195	19500	641	1000	0.9175438552700319	611	30	0.8896923076923011	0.8486739469578783	17.80377153158188
196	19600	638	1000	0.9186382690134368	609	29	0.8902307692307626	0.85423197492163	17.860944616794587
197	19700	640	1000	0.9346703102481898	611	29	0.8902307692307627	0.8546875	17.90670553048452
198	19800	635	1000	0.932003190949665	607	28	0.8904615384615321	0.8535433070866142	17.95598074992498
199	19900	637	1000	0.9238137666066047	610	27	0.8904615384615319	0.8524332810047096	18.007238018512727
200	20000	636	1000	0.9343912073379547	609	27	0.890846153846147	0.8474842767295597	18.060443766911824
201	20100	633	1000	0.930567932259689	606	27	0.8910769230769164	0.8499210110584519	18.10706411600113
202	20200	630	1000	0.9152871132076517	603	27	0.8923076923076856	0.8523809523809524	18.15697809855143
203	20300	629	1000	0.9237494418401169	603	26	0.8936923076923008	0.8600953895071543	18.204739967981975
204	20400	627	1000	0.9129063579279537	601	26	0.8936923076923013	0.8580542264752791	18.250759851932525
205	20500	631	1000	0.9281334858256713	605	26	0.8937692307692242	0.8573692551505546	18.30168689886729
206	20600	631	1000	0.9262946510041021	605	26	0.8931538461538397	0.8526148969889065	18.34802210330963
207	20700	632	1000	0.9227491982805798	606	26	0.8930769230769161	0.8623417721518988	18.39081401824951
208	20800	633	1000	0.9266833676285726	606	27	0.8929230769230699	0.8609794628751974	18.438865915934244
209	20900	631	1000	0.9290095832126777	604	27	0.8933076923076858	0.8637083993660856	18.48682460387548
210	21000	636	1000	0.9339287403588855	609	27	0.8935384615384551	0.8679245283018868	18.532915918032327
211	21100	634	1000	0.9201343293520259	607	27	0.8943076923076858	0.861198738170347	18.584095533688863
212	21200	633	1000	0.9285109175432383	607	26	0.8943076923076857	0.8609794628751974	18.6305747350057
213	21300	627	1000	0.9327234732310515	604	23	0.8948461538461472	0.8628389154704944	18.673949229717255
214	21400	623	1000	0.9335066066195313	600	23	0.8944615384615319	0.8667736757624398	18.715949900945027
215	21500	623	1000	0.9286905313690426	600	23	0.8944615384615319	0.8715890850722311	18.760076347986857
216	21600	625	1000	0.9279111579370073	602	23	0.8943846153846086	0.872	18.808614567915598
217	21700	617	1000	0.9225414915697638	595	22	0.89492307692307	0.8768233387358185	18.85043351650238
218	21800	615	1000	0.9308118325646997	593	22	0.8952307692307625	0.8796747967479674	18.89350358247757
219	21900	616	1000	0.9155292645280343	594	22	0.8956153846153778	0.8733766233766234	18.933974619706472
220	22000	620	1000	0.9341349172115571	598	22	0.8951538461538394	0.8709677419354839	18.97499828338623
221	22100	621	1000	0.94091356604765	599	22	0.8955384615384545	0.8679549114331723	19.016684051354726
222	22200	617	1000	0.9286509521995004	595	22	0.8949230769230698	0.8687196110210696	19.0563423315684
223	22300	619	1000	0.9288082514058676	597	22	0.8953076923076854	0.8675282714054927	19.097660100460054
224	22400	623	1000	0.938025839677388	601	22	0.8955384615384543	0.8667736757624398	19.14029649893443
225	22500	622	1000	0.9301707172560285	600	22	0.8956153846153773	0.8745980707395499	19.18268051544825
226	22600	620	1000	0.9235938920288217	598	22	0.8955384615384543	0.8758064516129033	19.22605980237325
227	22700	624	1000	0.9400212289970384	602	22	0.8960769230769159	0.8733974358974359	19.26950041850408
228	22800	622	1000	0.938521373651909	600	22	0.8959999999999928	0.8713826366559485	19.30991324981054
229	22900	621	1000	0.9374353212614622	599	22	0.8959230769230697	0.8663446054750402	19.35193291505178
230	23000	623	1000	0.9376439807423825	601	22	0.8963846153846083	0.8603531300160514	19.402235515912373
231	23100	627	1000	0.9335220054914967	606	21	0.8966923076923003	0.8564593301435407	19.44576703310013
232	23200	623	1000	0.9257635967163838	602	21	0.8971538461538389	0.8603531300160514	19.48984128634135
233	23300	631	1000	0.9341652312541211	610	21	0.8969999999999927	0.8510301109350238	19.53271904786428
234	23400	636	1000	0.9275784055078384	614	22	0.8966923076923	0.8474842767295597	19.578856114546458
235	23500	640	1000	0.9378581933414185	619	21	0.8969230769230692	0.8453125	19.625977714856464
236	23600	644	1000	0.9412766916125436	624	20	0.8972307692307613	0.8462732919254659	19.67687471707662
237	23700	646	1000	0.931426038363499	626	20	0.8976923076922994	0.8405572755417957	19.722100949287416
238	23800	650	1000	0.9271431789841817	630	20	0.8977692307692228	0.8446153846153847	19.765320448080697
239	23900	650	1000	0.9337200335251116	629	21	0.8986923076922998	0.8446153846153847	19.8104554494222
240	24000	649	1000	0.9237396277522271	628	21	0.898769230769223	0.8459167950693375	19.85654436747233
241	24100	643	1000	0.9121164379083598	623	20	0.8990769230769153	0.8413685847589425	19.903801135222118
242	24200	649	1000	0.9198924452507495	629	20	0.8988461538461463	0.8397534668721109	19.949066563447317
243	24300	647	1000	0.9222451313873188	627	20	0.8986923076923004	0.8423493044822257	19.99488481680552
244	24400	645	1000	0.9181279665658199	625	20	0.8996153846153772	0.8465116279069768	20.043913682301838
245	24500	647	1000	0.9248232363346893	627	20	0.8999230769230694	0.8516228748068007	20.092866333325706
246	24600	646	1000	0.9090262582267339	626	20	0.9000769230769153	0.8544891640866873	20.137429551283518
247	24700	646	1000	0.9194335360590776	626	20	0.9002307692307615	0.8513931888544891	20.18221756617228
248	24800	650	1000	0.9225002065491748	631	19	0.9000769230769151	0.8492307692307692	20.229092435042062
249	24900	647	1000	0.9222802418011937	628	19	0.9006923076922999	0.8562596599690881	20.27828378677368
250	25000	647	1000	0.933482906900213	628	19	0.9010769230769156	0.8624420401854714	20.33322994709015
251	25100	653	1000	0.9278856451986048	634	19	0.9012307692307618	0.8545176110260337	20.38434146642685
252	25200	649	1000	0.9103182552032887	630	19	0.9012307692307618	0.864406779661017	20.430809700489043
253	25300	652	1000	0.9206992197874413	633	19	0.9010769230769158	0.8634969325153374	20.477257231871288
254	25400	655	1000	0.9324477901780672	635	20	0.9008461538461464	0.8595419847328244	20.519895152250925
255	25500	652	1000	0.9302093818012506	632	20	0.9008461538461463	0.8634969325153374	20.56315995057424
256	25600	653	1000	0.9198063168270175	633	20	0.9010769230769157	0.8606431852986217	20.60623459815979
257	25700	648	1000	0.9240186221951956	628	20	0.9009230769230695	0.8688271604938271	20.64839291969935
258	25800	646	1000	0.9277098690857276	627	19	0.9010769230769157	0.8668730650154799	20.699773816267648
259	25900	645	1000	0.923350271979706	626	19	0.9010769230769159	0.8666666666666667	20.747776647408802
260	26000	644	1000	0.9292724570331491	625	19	0.9007692307692237	0.8664596273291926	20.799784131844838
261	26100	650	1000	0.9186567708036784	632	18	0.9008461538461466	0.8553846153846154	20.848886183897655
262	26200	655	1000	0.916597316709415	637	18	0.9009230769230697	0.850381679389313	20.897769117355345
263	26300	651	1000	0.9304371054461208	633	18	0.9009230769230696	0.8540706605222734	20.941188383102418
264	26400	646	1000	0.927532711764783	628	18	0.901230769230762	0.8560371517027864	20.992820346355437
265	26500	645	1000	0.9383486082577752	626	19	0.9010769230769158	0.8589147286821706	21.04244703054428
266	26600	642	1000	0.9354336544442526	624	18	0.9008461538461463	0.8707165109034268	21.089510452747344
267	26700	648	1000	0.9220166270459323	630	18	0.9009999999999925	0.8611111111111112	21.13591911792755
268	26800	653	1000	0.9258626423182146	634	19	0.9009999999999923	0.8606431852986217	21.186187366644543
269	26900	645	1000	0.9376799750694955	627	18	0.9011538461538385	0.8744186046511628	21.24165858030319
270	27000	643	1000	0.9289194920723923	625	18	0.9012307692307618	0.8755832037325039	21.29041071732839
271	27100	639	1000	0.924196153958707	621	18	0.9016923076923002	0.8748043818466353	21.33347233136495
272	27200	638	1000	0.9294903006195735	621	17	0.9021538461538388	0.8761755485893417	21.387063002586366
273	27300	642	1000	0.929453409989037	625	17	0.9021538461538389	0.8753894080996885	21.432122135162352
274	27400	643	1000	0.9255030187479786	626	17	0.9021538461538391	0.8786936236391913	21.48577776749929
275	27500	642	1000	0.9281370387524026	625	17	0.9023076923076856	0.881619937694704	21.53442983229955
276	27600	637	1000	0.9176435613708372	621	16	0.9029999999999928	0.8948194662480377	21.580848681926728
277	27700	640	1000	0.9222693817436819	625	15	0.902999999999993	0.8875	21.624475049972535
278	27800	643	1000	0.9286354621479503	628	15	0.90292307692307	0.880248833592535	21.6696808497111
279	27900	645	1000	0.9190817629163432	630	15	0.903076923076916	0.8775193798449612	21.713047583897907
280	28000	647	1000	0.933651587814485	632	15	0.9033076923076855	0.8778979907264297	21.761726299921673
281	28100	654	1000	0.9373971475504268	639	15	0.9033846153846085	0.8700305810397554	21.804727268218993
282	28200	652	1000	0.9240794297929223	637	15	0.9038461538461469	0.8726993865030674	21.847645298639932
283	28300	649	1000	0.9282574310823519	634	15	0.9039230769230703	0.8767334360554699	21.89041304985682
284	28400	652	1000	0.9373571319894729	637	15	0.9040769230769168	0.8680981595092024	21.931169513861338
285	28500	655	1000	0.9300396206334437	640	15	0.9042307692307626	0.8641221374045801	21.973198250929514
286	28600	657	1000	0.9243185619585114	643	14	0.9043846153846082	0.863013698630137	22.01479613383611
287	28700	655	1000	0.9303694711857083	641	14	0.9046153846153776	0.8625954198473282	22.063714667161307
288	28800	659	1000	0.9277352091450379	645	14	0.9046923076923005	0.858877086494689	22.108576035499574
289	28900	661	1000	0.9210642045794891	648	13	0.9043846153846083	0.8577912254160364	22.153757798671723
290	29000	660	1000	0.9237487946334463	647	13	0.9044615384615312	0.8560606060606061	22.196821316083273
291	29100	661	1000	0.9121547022742109	647	14	0.9046153846153773	0.8472012102874432	22.238038249810536
292	29200	658	1000	0.9179793242910492	645	13	0.9044615384615312	0.8525835866261399	22.28014521598816
293	29300	661	1000	0.9258681878020256	648	13	0.9042307692307618	0.8547655068078669	22.320622249444327
294	29400	658	1000	0.912901116768209	646	12	0.9045384615384544	0.8586626139817629	22.361405301094056
295	29500	660	1000	0.9276975494970873	649	11	0.9046923076923004	0.8621212121212121	22.403072770436605
296	29600	663	1000	0.9322681555182253	652	11	0.9049230769230694	0.8597285067873304	22.456286752223967
297	29700	664	1000	0.9180920592707819	653	11	0.9046153846153773	0.8614457831325302	22.506694666544597
298	29800	668	1000	0.9190621734089707	657	11	0.9046153846153773	0.8502994011976048	22.55262586673101
299	29900	666	1000	0.9301761626940112	655	11	0.9043846153846081	0.8603603603603603	22.613249615828195
300	30000	665	1000	0.9225490845280482	654	11	0.9044615384615312	0.8631578947368421	22.657356532414756
301	30100	663	1000	0.9142621739179249	653	10	0.904384615384608	0.8672699849170438	22.701050500075024
302	30200	667	1000	0.9208123004200979	656	11	0.904153846153839	0.8605697151424287	22.743919750054676
303	30300	664	1000	0.9236925884803747	654	10	0.9043076923076855	0.8674698795180723	22.78680696884791
304	30400	660	1000	0.9176231784453186	650	10	0.9043846153846087	0.8787878787878788	22.84337858359019
305	30500	666	1000	0.9229191560325287	656	10	0.9042307692307627	0.8768768768768769	22.88706324895223
306	30600	662	1000	0.9075345726001187	652	10	0.9041538461538396	0.8836858006042296	22.92879566748937
307	30700	666	1000	0.9109581115910591	656	10	0.9043076923076858	0.8798798798798799	22.971358799934386
308	30800	666	1000	0.9147483683577191	657	9	0.9044615384615319	0.8753753753753754	23.013259649276733
309	30900	664	1000	0.9096588511399716	655	9	0.9051538461538395	0.8734939759036144	23.055927650133768
310	31000	665	1000	0.9258403909433374	656	9	0.904999999999993	0.8721804511278195	23.09952158530553
311	31100	662	1000	0.9279897487223232	653	9	0.9049999999999933	0.8761329305135952	23.142546919981637
312	31200	664	1000	0.9114952365072206	655	9	0.9048461538461469	0.875	23.18684220314026
313	31300	663	1000	0.9192379537239626	654	9	0.9046923076923006	0.8838612368024132	23.24062526623408
314	31400	667	1000	0.9312406899812542	658	9	0.9044615384615311	0.8785607196401799	23.29084196885427
315	31500	668	1000	0.9251571686705776	660	8	0.9047692307692233	0.8772455089820359	23.33905344804128
316	31600	673	1000	0.9171547696162434	665	8	0.904615384615377	0.8722139673105498	23.397346433003744
317	31700	671	1000	0.9215120623477815	663	8	0.9042307692307616	0.8718330849478391	23.446725018819173
318	31800	665	1000	0.9216456704685609	657	8	0.9047692307692233	0.8751879699248121	23.50097476641337
319	31900	668	1000	0.9193967440354921	660	8	0.9049230769230695	0.8637724550898204	23.54880923430125
320	32000	671	1000	0.9200670042601624	663	8	0.9049230769230697	0.8688524590163934	23.61343244711558
321	32100	671	1000	0.9109277581380628	663	8	0.9048461538461465	0.8599105812220567	23.674006549517312
322	32200	671	1000	0.9172938613743777	663	8	0.9050769230769156	0.856929955290611	23.723478285471597
323	32300	669	1000	0.9223175451355229	661	8	0.9053076923076846	0.8609865470852018	23.768350700537365
324	32400	669	1000	0.9098071848886561	661	8	0.9052307692307614	0.8579970104633782	23.811176431179046
325	32500	669	1000	0.9326490465779268	661	8	0.9054615384615308	0.8624813153961136	23.859163935979208
326	32600	671	1000	0.9290670192685494	663	8	0.9056153846153769	0.8599105812220567	23.909721716245016
327	32700	667	1000	0.9190907964396315	659	8	0.9056923076923001	0.8665667166416792	23.95713991721471
328	32800	668	1000	0.91796176224142	660	8	0.9056923076923002	0.8682634730538922	24.00775173107783
329	32900	669	1000	0.9301076183828139	661	8	0.9057692307692232	0.8684603886397608	24.055959765116373
330	33000	671	1000	0.9257203862505731	663	8	0.9057692307692231	0.8688524590163934	24.110401650269825
331	33100	671	1000	0.9200673179803394	663	8	0.9059999999999925	0.8733233979135618	24.159350899855294
332	33200	670	1000	0.9173339390820543	662	8	0.9061538461538384	0.8746268656716418	24.214859465758007
333	33300	666	1000	0.9191757594960555	658	8	0.9063846153846079	0.8753753753753754	24.266119031111398
334	33400	666	1000	0.921211071532991	658	8	0.9064615384615309	0.8783783783783784	24.313643165429433
335	33500	666	1000	0.9194207045336202	658	8	0.9066153846153769	0.8768768768768769	24.367397816975913
336	33600	661	1000	0.9131534306659306	653	8	0.9066153846153772	0.8850226928895613	24.426986483732858
337	33700	654	1000	0.9209179008417224	647	7	0.9067692307692233	0.8929663608562691	24.476926132043204
338	33800	651	1000	0.9222958492097676	644	7	0.9069999999999928	0.8924731182795699	24.52170971632004
339	33900	650	1000	0.9154471028026074	643	7	0.906846153846147	0.8984615384615384	24.570101352532706
340	34000	652	1000	0.9332382901033354	644	8	0.9069230769230698	0.8941717791411042	24.618323814868926
341	34100	654	1000	0.9280663680887704	647	7	0.907076923076916	0.8914373088685015	24.664294985930123
342	34200	658	1000	0.9119109802738059	651	7	0.90692307692307	0.8829787234042553	24.712920916080474
343	34300	663	1000	0.9168065819217048	656	7	0.9070769230769159	0.8763197586726998	24.76267263094584
344	34400	662	1000	0.9280438081742659	655	7	0.9076923076923007	0.8761329305135952	24.80998059908549
345	34500	669	1000	0.9196424483685337	662	7	0.90792307692307	0.8729446935724963	24.85766786734263
346	34600	667	1000	0.9143058759417829	660	7	0.9079230769230701	0.8710644677661169	24.90301541487376
347	34700	671	1000	0.9159892477019581	664	7	0.9083076923076855	0.8673621460506706	24.94924601713816
348	34800	667	1000	0.9203948645612371	660	7	0.9085384615384547	0.8695652173913043	24.997620336214702
349	34900	664	1000	0.9235968110458892	657	7	0.9085384615384546	0.8734939759036144	25.04375568230947
350	35000	660	1000	0.9227270466249337	653	7	0.9084615384615317	0.8742424242424243	25.090999833742778
351	35100	661	1000	0.9149369159764893	654	7	0.9085384615384549	0.869894099848714	25.146471750736236
352	35200	662	1000	0.9172738290246215	656	6	0.9086153846153776	0.8655589123867069	25.2062393506368
353	35300	658	1000	0.922197400825675	652	6	0.9086153846153776	0.8677811550151976	25.249590436617535
354	35400	660	1000	0.914525458240264	654	6	0.90892307692307	0.8636363636363636	25.29261163075765
355	35500	656	1000	0.930732838336985	650	6	0.9087692307692239	0.8658536585365854	25.336279964447023
356	35600	652	1000	0.9265713574995825	646	6	0.9091538461538393	0.8726993865030674	25.387838049729666
357	35700	651	1000	0.9156719792317696	645	6	0.9093846153846086	0.8725038402457758	25.43426436583201
358	35800	655	1000	0.9167418643625446	649	6	0.9094615384615318	0.8778625954198473	25.478144681453706
359	35900	650	1000	0.9284022285623417	644	6	0.9094615384615317	0.8846153846153846	25.520292301972706
360	36000	650	1000	0.9279176156188643	644	6	0.9093846153846085	0.8953846153846153	25.56259358326594
361	36100	648	1000	0.9153041844097375	642	6	0.9098461538461469	0.8981481481481481	25.60440529982249
362	36200	654	1000	0.9152052916509767	648	6	0.9101538461538393	0.900611620795107	25.645403814315795
363	36300	653	1000	0.9193734242054009	647	6	0.9103076923076858	0.9019908116385911	25.687047600746155
364	36400	649	1000	0.9212092408486248	643	6	0.910384615384609	0.8998459167950693	25.729651216665903
365	36500	648	1000	0.9159640860633013	642	6	0.9104615384615319	0.8996913580246914	25.772984051704405
366	36600	652	1000	0.9134359276844868	646	6	0.9103076923076859	0.897239263803681	25.814430149396262
367	36700	652	1000	0.9172087421901918	646	6	0.9099999999999936	0.8926380368098159	25.857062049706776
368	36800	651	1000	0.9190521154134763	645	6	0.9101538461538399	0.8924731182795699	25.90059891541799
369	36900	651	1000	0.9116497324697034	645	6	0.9098461538461475	0.8940092165898618	25.94301305214564
370	37000	648	1000	0.930133508043175	642	6	0.9098461538461474	0.8996913580246914	25.986813569068907
371	37100	649	1000	0.9276525440426172	643	6	0.9099230769230702	0.8921417565485362	26.02833173274994
372	37200	649	1000	0.9166524439358864	643	6	0.9098461538461471	0.8875192604006163	26.069226467609404
373	37300	645	1000	0.9179032942633073	639	6	0.909846153846147	0.8930232558139535	26.110591169198354
374	37400	645	1000	0.9268399228628632	639	6	0.9098461538461469	0.8868217054263566	26.151039417584737
375	37500	647	1000	0.9235658850781147	641	6	0.9095384615384545	0.8778979907264297	26.19301855166753
376	37600	651	1000	0.9184271998473489	645	6	0.9096153846153774	0.8678955453149002	26.23411588271459
377	37700	651	1000	0.9165568337212546	645	6	0.9096923076923006	0.8663594470046083	26.275248885154724
378	37800	653	1000	0.9236641281469312	647	6	0.9096153846153774	0.8621745788667687	26.31739131609599
379	37900	655	1000	0.9213766383169343	649	6	0.9095384615384544	0.8625954198473282	26.36006328264872
380	38000	654	1000	0.9199197208954282	648	6	0.9096923076923006	0.863914373088685	26.403556334972382
381	38100	650	1000	0.9160436309028153	644	6	0.9098461538461466	0.8676923076923077	26.445380783081056
382	38200	653	1000	0.9191678265757168	647	6	0.910153846153839	0.8683001531393568	26.487344113985696
383	38300	649	1000	0.9225217472139584	643	6	0.9100769230769159	0.8705701078582434	26.528775914510092
384	38400	652	1000	0.9100955233744237	646	6	0.9103076923076853	0.8634969325153374	26.570549301306407
385	38500	657	1000	0.930673760542164	651	6	0.9103076923076853	0.8569254185692542	26.613747533162435
386	38600	650	1000	0.9312080506694475	644	6	0.9104615384615314	0.8661538461538462	26.655880467096964
387	38700	650	1000	0.9215276546097922	644	6	0.9105384615384544	0.8661538461538462	26.696952080726625
388	38800	652	1000	0.9208044863858951	646	6	0.9108461538461469	0.8588957055214724	26.73866093158722
389	38900	650	1000	0.9316045489096468	644	6	0.9109230769230698	0.8569230769230769	26.779584248860676
390	39000	650	1000	0.9323633833275841	644	6	0.9108461538461466	0.8630769230769231	26.8217214345932
391	39100	655	1000	0.9232255577234845	649	6	0.9109999999999928	0.8641221374045801	26.898039599259693
392	39200	656	1000	0.9194508575344894	650	6	0.9110769230769159	0.8689024390243902	26.93839995066325
393	39300	653	1000	0.9249080605107067	647	6	0.9112307692307622	0.8683001531393568	26.979042450586956
394	39400	652	1000	0.9249291667999862	646	6	0.9113076923076855	0.8650306748466258	27.020935730139414
395	39500	655	1000	0.9223640062847562	649	6	0.9109230769230698	0.8641221374045801	27.06416306893031
396	39600	662	1000	0.9204278334569348	656	6	0.9111538461538387	0.8549848942598187	27.105440934499104
397	39700	658	1000	0.9213931377747161	652	6	0.9114615384615309	0.8617021276595744	27.14743786652883
398	39800	654	1000	0.9213910953039028	648	6	0.9116923076923007	0.8623853211009175	27.215240331490836
399	39900	651	1000	0.9145091353831266	645	6	0.9117692307692237	0.8678955453149002	27.29156058629354
400	40000	648	1000	0.9337704769606464	642	6	0.9118461538461469	0.8719135802469136	27.33349519968033
401	40100	649	1000	0.9303306200144031	642	7	0.9120769230769158	0.8674884437596302	27.374674665927888
402	40200	651	1000	0.9145310405671282	645	6	0.9120769230769159	0.8709677419354839	27.41537018616994
403	40300	649	1000	0.9122169984202531	643	6	0.912153846153839	0.8751926040061633	27.456662917137145
404	40400	649	1000	0.9210224537584508	643	6	0.9123076923076849	0.8798151001540832	27.526449716091157
405	40500	648	1000	0.922137777481041	642	6	0.9124615384615313	0.8780864197530864	27.596607502301534
406	40600	648	1000	0.9148425274973495	642	6	0.9123076923076849	0.8842592592592593	27.678157114982604
407	40700	646	1000	0.9191957283537633	640	6	0.9126153846153773	0.8854489164086687	27.726386964321136
408	40800	649	1000	0.9265135236312281	643	6	0.912384615384608	0.8767334360554699	27.826466417312623
409	40900	651	1000	0.9234230694772506	645	6	0.9123076923076848	0.880184331797235	27.934821101029716
410	41000	655	1000	0.924654716279986	649	6	0.9123076923076847	0.8824427480916031	27.985596517721813
411	41100	655	1000	0.9184510617985377	649	6	0.9122307692307617	0.8824427480916031	28.058009600639345
412	41200	657	1000	0.9212711586239134	651	6	0.9120769230769157	0.882800608828006	28.146171951293944
413	41300	658	1000	0.923662262786846	652	6	0.9120769230769156	0.8829787234042553	28.199641784032185
414	41400	658	1000	0.9099467025309401	652	6	0.9121538461538387	0.8768996960486323	28.250495115915935
415	41500	654	1000	0.9298099121786549	648	6	0.9123076923076849	0.8807339449541285	28.343411751588185
416	41600	654	1000	0.924884662650226	648	6	0.9126153846153771	0.8807339449541285	28.432400234540303
417	41700	655	1000	0.9129152164614305	649	6	0.9124615384615309	0.8763358778625954	28.51975293556849
418	41800	654	1000	0.9178565212217785	648	6	0.9123076923076846	0.8746177370030581	28.582360780239107
419	41900	650	1000	0.9277457589153306	644	6	0.9119230769230694	0.88	28.623305384318034
420	42000	653	1000	0.9274778994509836	647	6	0.9120769230769153	0.8805513016845329	28.706225049495696
421	42100	658	1000	0.9136662993042411	652	6	0.9119999999999924	0.8768996960486323	28.792219833532968
422	42200	657	1000	0.9137216355702875	651	6	0.9121538461538384	0.878234398782344	28.876347053050996
423	42300	656	1000	0.9234421819338317	650	6	0.9122307692307615	0.8795731707317073	28.960622084140777
424	42400	654	1000	0.9213987619468266	648	6	0.912384615384608	0.8807339449541285	29.046839118003845
425	42500	654	1000	0.9219006419236361	648	6	0.9125384615384541	0.882262996941896	29.135192263126374
426	42600	654	1000	0.9168346343640981	648	6	0.9123846153846081	0.8853211009174312	29.220419466495514
427	42700	655	1000	0.9119084625481123	649	6	0.912384615384608	0.8809160305343512	29.30715763171514
428	42800	652	1000	0.9216104269847912	646	6	0.9123846153846082	0.8819018404907976	29.39152423143387
429	42900	649	1000	0.9137556029476279	644	5	0.9125384615384544	0.8875192604006163	29.481570748488107
430	43000	649	1000	0.9315514889312759	644	5	0.9126923076923006	0.8828967642526965	29.57017846504847
431	43100	652	1000	0.9307657088796261	647	5	0.9128461538461468	0.8757668711656442	29.65525248448054
432	43200	652	1000	0.9150041522376273	647	5	0.91292307692307	0.8711656441717791	29.742200569311777
433	43300	652	1000	0.9196567632963236	647	5	0.9129230769230696	0.8711656441717791	29.82810020049413
434	43400	653	1000	0.9297174749160956	648	5	0.9128461538461466	0.8652373660030628	29.91199471950531
435	43500	654	1000	0.9254110590946102	649	5	0.9128461538461466	0.863914373088685	29.998821115493776
436	43600	659	1000	0.9141150882057582	654	5	0.9128461538461465	0.8649468892261002	30.08443755308787
437	43700	658	1000	0.9133537131528021	653	5	0.9127692307692233	0.8617021276595744	30.168123733997344
438	43800	660	1000	0.9208871419856871	655	5	0.9129999999999926	0.8606060606060606	30.25352200269699
439	43900	663	1000	0.9184472228472886	658	5	0.9129999999999924	0.8582202111613876	30.34301894903183
440	44000	661	1000	0.9182257233081218	656	5	0.9129230769230695	0.8562783661119516	30.432061501344045
441	44100	657	1000	0.9086507734232336	652	5	0.9129999999999925	0.8645357686453576	30.518002553780875
442	44200	659	1000	0.9059067726983734	654	5	0.9128461538461465	0.8649468892261002	30.60481666723887
443	44300	663	1000	0.9181995243426219	658	5	0.9127692307692238	0.8582202111613876	30.69020536740621
444	44400	665	1000	0.9082608990112458	660	5	0.9129999999999926	0.8526315789473684	30.77813306649526
445	44500	659	1000	0.9247831239758487	654	5	0.9128461538461465	0.8619119878603946	30.867119816939034
446	44600	659	1000	0.9263112073224733	654	5	0.9128461538461468	0.8634294385432474	30.954013097286225
447	44700	654	1000	0.9122237112856493	649	5	0.9128461538461469	0.8730886850152905	31.039123733838398
448	44800	652	1000	0.9190078203679864	647	5	0.912846153846147	0.8788343558282209	31.12469861507416
449	44900	648	1000	0.9303316031724087	643	5	0.9129999999999932	0.8873456790123457	31.207981634140015
450	45000	648	1000	0.9196996701780757	643	5	0.9130769230769162	0.8888888888888888	31.293733386198678
451	45100	641	1000	0.9079882606048855	636	5	0.9129230769230703	0.8939157566302652	31.37816148598989
452	45200	642	1000	0.9113063876326544	637	5	0.9128461538461472	0.8909657320872274	31.459909816582996
453	45300	643	1000	0.9170490012967275	638	5	0.9127692307692243	0.9004665629860031	31.542350165049235
454	45400	649	1000	0.9184027427517326	644	5	0.9126923076923011	0.8952234206471494	31.628118550777437
455	45500	653	1000	0.9164499618639057	648	5	0.9125384615384549	0.885145482388974	31.716544632116953
456	45600	654	1000	0.9090932727163457	649	5	0.9126923076923007	0.8792048929663608	31.801876084009805
457	45700	647	1000	0.9129023797927343	642	5	0.9126923076923007	0.8887171561051005	31.887473583221436
458	45800	649	1000	0.9195501941365312	644	5	0.912846153846147	0.8936825885978429	31.971158015727998
459	45900	649	1000	0.9068448652998533	644	5	0.9126153846153776	0.8983050847457628	32.05681758324305
460	46000	648	1000	0.9234878682465237	643	5	0.9125384615384546	0.8950617283950617	32.14365743398666
461	46100	646	1000	0.9248906307763584	641	5	0.9126923076923009	0.8962848297213623	32.22924818595251
462	46200	644	1000	0.9080733698113365	639	5	0.9127692307692237	0.8928571428571429	32.312485186258954
463	46300	644	1000	0.913930911178642	639	5	0.9126923076923005	0.8881987577639752	32.39701640208562
464	46400	644	1000	0.9277157406191766	639	5	0.9127692307692237	0.8819875776397516	32.48065290053685
465	46500	642	1000	0.9205701623256597	637	5	0.9126153846153776	0.881619937694704	32.565998033682504
466	46600	646	1000	0.9140549605111324	641	5	0.9129230769230697	0.8746130030959752	32.6507115483284
467	46700	648	1000	0.9134718073950991	643	5	0.9131538461538391	0.8688271604938271	32.733174832661945
468	46800	650	1000	0.9196561193391085	645	5	0.9130769230769162	0.8661538461538462	32.81915494998296
469	46900	649	1000	0.9166628393447118	644	5	0.9131538461538393	0.8721109399075501	32.90552706718445
470	47000	649	1000	0.9215933733197532	644	5	0.9131538461538393	0.8705701078582434	32.99371378421783
471	47100	649	1000	0.9146157568063847	644	5	0.9130769230769165	0.8736517719568567	33.07819793621699
472	47200	647	1000	0.9185581897114733	642	5	0.9129230769230705	0.8701700154559505	33.16360576550166
473	47300	644	1000	0.9266390362867214	639	5	0.9129999999999934	0.8726708074534162	33.24651915232341
474	47400	651	1000	0.9099402916518434	646	5	0.9128461538461472	0.8648233486943164	33.33181515137355
475	47500	644	1000	0.9265735588313214	639	5	0.9133076923076855	0.8695652173913043	33.41973651647568
476	47600	645	1000	0.9301881260784071	640	5	0.9131538461538392	0.8651162790697674	33.50503281354904
477	47700	653	1000	0.9155690440201645	648	5	0.9130769230769159	0.8575803981623277	33.58919330040614
478	47800	656	1000	0.919626641934429	651	5	0.9128461538461469	0.8536585365853658	33.675257833798725
479	47900	656	1000	0.9314020242396309	651	5	0.91292307692307	0.8597560975609756	33.76060266892115
480	48000	658	1000	0.9212607426823846	653	5	0.9129999999999927	0.8541033434650456	33.84790068467458
481	48100	654	1000	0.9196233963770227	649	5	0.9129230769230697	0.8577981651376146	33.93501693407695
482	48200	656	1000	0.9219298780174765	651	5	0.9130769230769158	0.864329268292683	34.03014428218206
483	48300	655	1000	0.9274835991927626	650	5	0.9129999999999927	0.867175572519084	34.16344426870346
484	48400	661	1000	0.9161924729116477	656	5	0.9128461538461463	0.8577912254160364	34.269809599717455
485	48500	658	1000	0.9197172409766305	653	5	0.9126923076923001	0.8647416413373861	34.37624716758728
486	48600	653	1000	0.9122123181445795	648	5	0.9129230769230691	0.8698315467075038	34.486222831408185
487	48700	653	1000	0.9156033651486177	648	5	0.9128461538461459	0.8744257274119449	34.59081828196843
488	48800	652	1000	0.9194061715991692	647	5	0.9127692307692231	0.8726993865030674	34.691219449043274
489	48900	656	1000	0.9061375338375541	651	5	0.9127692307692233	0.875	34.795685867468514
490	49000	655	1000	0.9203656918344977	650	5	0.9128461538461464	0.8732824427480916	34.89949956734975
491	49100	652	1000	0.9231834788984046	647	5	0.9128461538461463	0.8773006134969326	35.00076946814855
492	49200	654	1000	0.9083639998526004	649	5	0.9126923076923003	0.882262996941896	35.101654680569965
493	49300	655	1000	0.9093556997709991	650	5	0.9126923076923	0.8778625954198473	35.202992816766105
494	49400	659	1000	0.9214800671607629	654	5	0.9126153846153772	0.8755690440060698	35.302867416540785
495	49500	656	1000	0.9149319219463524	650	6	0.9125384615384541	0.8780487804878049	35.408417916297914
496	49600	656	1000	0.9076224158571232	650	6	0.9127692307692232	0.875	35.5132838845253
497	49700	660	1000	0.9147559192457345	654	6	0.9129230769230692	0.8727272727272727	35.616888070106505
498	49800	660	1000	0.9157649161970628	655	5	0.9129999999999924	0.8727272727272727	35.72162011861801
499	49900	657	1000	0.9203456750773455	652	5	0.9129230769230694	0.8797564687975646	35.82520089944204
500	50000	660	1000	0.9210285585910488	655	5	0.9129230769230692	0.8742424242424243	35.929989182949065
501	50100	660	1000	0.9090865125962507	655	5	0.9126153846153772	0.8681818181818182	36.716775767008464
502	50200	659	1000	0.9103841716948415	654	5	0.9126923076923005	0.8694992412746586	36.82758921782176
503	50300	658	1000	0.9117961845391145	653	5	0.9125384615384543	0.8723404255319149	36.92087363402049
504	50400	662	1000	0.9050708586954218	657	5	0.9126153846153774	0.8731117824773413	37.009792248408
505	50500	663	1000	0.9233257201331371	658	5	0.9126923076923006	0.8672699849170438	37.10039618015289
506	50600	662	1000	0.9216016806758311	657	5	0.9129999999999928	0.8685800604229608	37.18918311595917
507	50700	659	1000	0.9079971584589387	654	5	0.9132307692307621	0.8694992412746586	37.27685878276825
508	50800	662	1000	0.9055724888116763	657	5	0.9133076923076848	0.8731117824773413	37.36539491812388
509	50900	662	1000	0.9241238730160936	657	5	0.9133076923076849	0.8761329305135952	37.452863081296286
510	51000	660	1000	0.908889765316478	655	5	0.9134615384615313	0.8863636363636364	37.54180861314138
511	51100	662	1000	0.9115777158684781	657	5	0.9135384615384543	0.8821752265861027	37.63068023522695
512	51200	659	1000	0.9156400907833926	654	5	0.9136923076923005	0.8846737481031867	37.71824855009715
513	51300	658	1000	0.9112753219185964	653	5	0.9137692307692235	0.8814589665653495	37.80433903535207
514	51400	660	1000	0.9109682468109319	655	5	0.9139230769230695	0.8772727272727273	37.89266836643219
515	51500	658	1000	0.9162701680234815	653	5	0.9139230769230695	0.8814589665653495	37.982809515794116
516	51600	654	1000	0.9014015957831676	649	5	0.9139999999999927	0.8837920489296636	38.06917971769969
517	51700	659	1000	0.9053449848713424	654	5	0.9139999999999927	0.8801213960546282	38.1568110982577
518	51800	657	1000	0.9142006529692038	652	5	0.9139230769230696	0.8767123287671232	38.24283864895503
519	51900	656	1000	0.8994901786578013	651	5	0.9139999999999924	0.8765243902439024	38.33025533358256
520	52000	652	1000	0.9200341468130958	647	5	0.9141538461538387	0.8819018404907976	38.418632900714876
521	52100	651	1000	0.9210728943643487	646	5	0.9143076923076848	0.880184331797235	38.504877948760985
522	52200	652	1000	0.9070344097368448	647	5	0.9143076923076848	0.8757668711656442	38.58971856832504
523	52300	648	1000	0.9099886612650132	643	5	0.9143846153846081	0.8796296296296297	38.67584088246028
524	52400	647	1000	0.9251856108011697	642	5	0.9144615384615312	0.8778979907264297	38.760583285490675
525	52500	644	1000	0.9084889659659153	639	5	0.9145384615384544	0.8804347826086957	38.84632728497187
526	52600	644	1000	0.9143350724077597	639	5	0.9146153846153774	0.8850931677018633	38.93565488258998
527	52700	641	1000	0.9152718314591387	636	5	0.9147692307692235	0.8861154446177847	39.01838928461075
528	52800	646	1000	0.9152507357837584	641	5	0.9149999999999926	0.8792569659442725	39.1026758035024
529	52900	646	1000	0.9215497041037461	642	4	0.915230769230762	0.8792569659442725	39.189283565680185
530	53000	653	1000	0.9217851026308446	649	4	0.9152307692307619	0.877488514548239	39.27741006612778
531	53100	654	1000	0.9047075657801744	650	4	0.9151538461538387	0.8715596330275229	39.36309058268865
532	53200	659	1000	0.9160850180912234	654	5	0.9151538461538385	0.866464339908953	39.45792489846547
533	53300	660	1000	0.9124062891521207	656	4	0.9151538461538384	0.8696969696969697	39.545014949639636
534	53400	662	1000	0.9035077318197808	658	4	0.9151538461538383	0.8716012084592145	39.63366933266322
535	53500	657	1000	0.9207656454043852	653	4	0.9151538461538385	0.8751902587519026	39.7230871518453
536	53600	655	1000	0.9239611448798581	651	4	0.9148461538461464	0.8748091603053435	39.81122485001882
537	53700	655	1000	0.9047615151317945	651	4	0.9147692307692233	0.8717557251908397	39.89669109980265
538	53800	657	1000	0.91685598137249	653	4	0.9146923076923004	0.8706240487062404	39.983400797843935
539	53900	656	1000	0.9137001249597698	652	4	0.9146153846153772	0.8719512195121951	40.06851700146993
540	54000	653	1000	0.9162281051441292	649	4	0.9146923076923003	0.8759571209800919	40.155463099479675
541	54100	651	1000	0.9126988299141259	647	4	0.9148461538461463	0.8755760368663594	40.24196778138479
542	54200	649	1000	0.9147486973631817	645	4	0.9151538461538385	0.8782742681047766	40.32720826466878
543	54300	653	1000	0.9151886335927492	649	4	0.9153076923076846	0.877488514548239	40.41161723534266
544	54400	657	1000	0.9193567700317211	653	4	0.9151538461538387	0.8751902587519026	40.499308248360954
545	54500	655	1000	0.916672481859494	651	4	0.9153076923076847	0.8809160305343512	40.58748293320338
546	54600	659	1000	0.8956188686159294	655	4	0.9152307692307616	0.8801213960546282	40.67634401718775
547	54700	658	1000	0.907167259611229	654	4	0.9153076923076847	0.8860182370820668	40.77149296601613
548	54800	654	1000	0.9124359518354115	650	4	0.9155384615384541	0.8883792048929664	40.882618117332456
549	54900	652	1000	0.9018645590929928	648	4	0.9154615384615311	0.8895705521472392	40.98339465061824
550	55000	652	1000	0.912180866992626	648	4	0.9153846153846079	0.8773006134969326	41.10163590113322
551	55100	650	1000	0.9246138071668644	646	4	0.9153846153846079	0.8784615384615385	41.207669734954834
552	55200	653	1000	0.9051889424295	649	4	0.9156153846153773	0.877488514548239	41.519305952390035
553	55300	652	1000	0.9180435734464877	648	4	0.9158461538461465	0.8819018404907976	41.68805163304011
554	55400	650	1000	0.9189309195835814	646	4	0.9159999999999928	0.8815384615384615	41.80705579916636
555	55500	643	1000	0.9155919594435994	639	4	0.9161538461538393	0.8864696734059098	41.907094617684685
556	55600	641	1000	0.9129070605941481	637	4	0.9161538461538392	0.8814352574102964	42.010123097896575
557	55700	644	1000	0.9209566005627714	640	4	0.9163846153846086	0.8726708074534162	42.10182376702627
558	55800	648	1000	0.9154892627473964	644	4	0.9163846153846087	0.8734567901234568	42.237741569677986
559	55900	644	1000	0.9176493694128112	640	4	0.9163846153846086	0.8866459627329193	42.448951947689054
560	56000	646	1000	0.9217463051824939	642	4	0.9163076923076854	0.8885448916408669	42.663109401861824
561	56100	647	1000	0.9038425690681454	643	4	0.916153846153839	0.8887171561051005	42.8430780172348
562	56200	645	1000	0.9160456866843829	641	4	0.9160769230769158	0.8883720930232558	43.025142800807956
563	56300	644	1000	0.9169180289314149	640	4	0.9159230769230698	0.8850931677018633	43.182381498813626
564	56400	644	1000	0.9038236796239567	639	5	0.9156923076923006	0.8819875776397516	43.33367671569189
565	56500	649	1000	0.9170236612566636	645	4	0.9158461538461466	0.8798151001540832	43.57548259894053
566	56600	652	1000	0.9265785548277252	648	4	0.9158461538461465	0.8773006134969326	43.775599984327954
567	56700	651	1000	0.9042986040770138	647	4	0.9158461538461465	0.8771121351766513	43.98016510009766
568	56800	652	1000	0.9186996397422995	648	4	0.9159999999999926	0.8742331288343558	44.232743914922075
569	56900	650	1000	0.9152029800797772	646	4	0.9160769230769156	0.8784615384615385	44.359041102727254
570	57000	655	1000	0.9078720286412324	651	4	0.9159999999999924	0.867175572519084	44.4708563486735
571	57100	657	1000	0.9026410332594985	653	4	0.9160769230769155	0.8691019786910198	44.566384784380595
572	57200	658	1000	0.9101416319772615	654	4	0.9159999999999925	0.8708206686930091	44.659196917215986
573	57300	652	1000	0.9095859524569542	648	4	0.9160769230769155	0.8788343558282209	44.75426495075226
574	57400	652	1000	0.9123222472551104	648	4	0.9160769230769156	0.8773006134969326	44.85034365256627
575	57500	656	1000	0.9132475836312763	652	4	0.9163076923076848	0.8704268292682927	44.9501209974289
576	57600	653	1000	0.8941021310751367	649	4	0.9164615384615311	0.8667687595712098	45.04536855220795
577	57700	650	1000	0.9042947460683755	646	4	0.9163846153846079	0.8692307692307693	45.14162604808807
578	57800	648	1000	0.9025529003712467	644	4	0.9164615384615312	0.8703703703703703	45.23609311580658
579	57900	645	1000	0.8929747745816745	641	4	0.9166923076923005	0.8728682170542635	45.33026166756948
580	58000	645	1000	0.9102567682925782	641	4	0.9166923076923005	0.8837209302325582	45.427444501717886
581	58100	650	1000	0.9099681870129591	646	4	0.9166153846153774	0.8784615384615385	45.52891100247701
582	58200	654	1000	0.8942559138532826	650	4	0.9166923076923005	0.8746177370030581	45.624003664652506
583	58300	650	1000	0.9051706702499491	646	4	0.9169230769230697	0.8784615384615385	45.71897826592127
584	58400	652	1000	0.9117645549862892	648	4	0.9169230769230696	0.8742331288343558	45.814735500017804
585	58500	648	1000	0.9013931373889098	644	4	0.9169999999999928	0.8858024691358025	45.909202150503795
586	58600	647	1000	0.8805149165669451	643	4	0.9170769230769161	0.8856259659969088	46.00435151656469
587	58700	643	1000	0.8915433293218465	639	4	0.9171538461538394	0.8895800933125972	46.09660656849543
588	58800	640	1000	0.8948428388649137	636	4	0.9171538461538395	0.8890625	46.188038750489554
589	58900	640	1000	0.9013312706852501	636	4	0.9171538461538394	0.8890625	46.28097730080287
590	59000	639	1000	0.8980921356913882	635	4	0.9169999999999933	0.8967136150234741	46.37688416639964
591	59100	634	1000	0.8840749637785963	630	4	0.9170769230769162	0.9006309148264984	46.46809461911519
592	59200	629	1000	0.8948374033774599	625	4	0.9170769230769162	0.904610492845787	46.588476383686064
593	59300	629	1000	0.8828615428859782	625	4	0.9173076923076853	0.8950715421303657	46.66903674999873
594	59400	630	1000	0.8861314842389442	626	4	0.9172307692307621	0.8920634920634921	46.75183543364207
595	59500	631	1000	0.9100911406489754	627	4	0.9170769230769159	0.8906497622820919	169.39306243658066
596	59600	634	1000	0.8969147442269997	630	4	0.9170769230769158	0.8958990536277602	169.50566806793213
597	59700	636	1000	0.8902204814091749	632	4	0.91692307692307	0.9009433962264151	169.56652016639708
598	59800	640	1000	0.893935752460386	636	4	0.9169230769230698	0.89375	169.643647869428
599	59900	643	1000	0.9005696034887818	639	4	0.9169230769230697	0.8942457231726283	169.7211778004964
600	60000	642	1000	0.9012924341903888	638	4	0.9169230769230695	0.8894080996884736	169.79762799739837
601	60100	637	1000	0.8824688303595134	634	3	0.9170769230769157	0.8916797488226059	169.86746341784794
602	60200	639	1000	0.8925610810315745	636	3	0.9170769230769156	0.8873239436619719	169.92858083645504
603	60300	639	1000	0.8978797090814737	636	3	0.9170769230769154	0.8888888888888888	169.99157796700794
604	60400	638	1000	0.9024335907039981	635	3	0.9170769230769155	0.8824451410658307	170.04791723092396
605	60500	637	1000	0.9019847620205708	634	3	0.9170769230769151	0.8869701726844584	170.10542433261872
606	60600	634	1000	0.8859422263935207	631	3	0.9170769230769152	0.8848580441640379	170.15343168576558
607	60700	637	1000	0.8955665359068774	634	3	0.9172307692307614	0.8775510204081632	170.1983483672142
608	60800	639	1000	0.8850686053025827	636	3	0.9171538461538384	0.8810641627543035	170.25290098587672
609	60900	642	1000	0.8892929844566442	639	3	0.9172307692307614	0.8769470404984424	170.3068844159444
610	61000	639	1000	0.9190565125784369	637	2	0.9173846153846078	0.8841940532081377	170.37467910051345
611	61100	640	1000	0.9021968920194596	638	2	0.9173076923076847	0.8859375	170.4226658463478
612	61200	637	1000	0.9005436910688057	635	2	0.9175384615384541	0.8791208791208791	170.465975968043
613	61300	633	1000	0.9035518789874472	631	2	0.9174615384615311	0.8925750394944708	170.5096201022466
614	61400	635	1000	0.9105730618390362	633	2	0.9175384615384542	0.8944881889763779	170.55153204997382
615	61500	640	1000	0.9058086264501174	638	2	0.9175384615384541	0.8890625	170.595614918073
616	61600	640	1000	0.891622271154121	638	2	0.9175384615384542	0.8890625	170.64290003379185
617	61700	635	1000	0.8956532044191111	633	2	0.9174615384615312	0.8929133858267716	170.68693693478903
618	61800	636	1000	0.9002617522010735	634	2	0.9174615384615313	0.8915094339622641	170.73117765188218
619	61900	638	1000	0.8987197728171303	636	2	0.9174615384615313	0.8887147335423198	170.77641186714172
620	62000	635	1000	0.9042583106858743	633	2	0.9173846153846081	0.8803149606299212	170.82532501618067
621	62100	639	1000	0.88967046261119	637	2	0.9173076923076849	0.8748043818466353	170.8745710968971
622	62200	642	1000	0.9041094830239773	640	2	0.9170769230769158	0.867601246105919	170.927363884449
623	62300	644	1000	0.8987908142042187	642	2	0.9171538461538385	0.8664596273291926	170.97978874842326
624	62400	647	1000	0.9062498023214721	645	2	0.9171538461538388	0.8624420401854714	171.02727874914805
625	62500	650	1000	0.9146690042157101	648	2	0.9171538461538389	0.8553846153846154	171.07524985074997
626	62600	651	1000	0.8999938379451757	649	2	0.9173076923076848	0.8540706605222734	171.1322461326917
627	62700	647	1000	0.8995814986690239	645	2	0.9173846153846082	0.865533230293663	171.18975106477737
628	62800	643	1000	0.9020538736040855	641	2	0.9174615384615313	0.8631415241057543	171.23499168554943
629	62900	642	1000	0.9087348402133776	640	2	0.9173846153846082	0.8598130841121495	171.27740506331125
630	63000	641	1000	0.8913454381369257	640	1	0.9175384615384546	0.8720748829953198	171.3279753526052
631	63100	641	1000	0.880712538919193	640	1	0.9176153846153778	0.8720748829953198	171.37880413532258
632	63200	643	1000	0.8841585503414244	642	1	0.9174615384615317	0.864696734059098	171.42100681861243
633	63300	645	1000	0.8799739313522846	644	1	0.9175384615384546	0.8604651162790697	171.47033675114315
634	63400	644	1000	0.8916427506635887	643	1	0.917692307692301	0.8633540372670807	171.51807961463928
635	63500	641	1000	0.8940278298669662	640	1	0.9179230769230702	0.8658346333853354	171.5799651145935
636	63600	645	1000	0.8788762916721088	644	1	0.9178461538461471	0.8682170542635659	171.63322576681773
637	63700	648	1000	0.890195763238391	647	1	0.9179230769230701	0.8734567901234568	171.6809615333875
638	63800	645	1000	0.8725349579661871	644	1	0.9179230769230701	0.8821705426356589	171.73051183223726
639	63900	647	1000	0.8869812509901532	646	1	0.9179230769230701	0.8871715610510046	171.7768715818723
640	64000	651	1000	0.889158449195512	650	1	0.9179999999999929	0.8863287250384024	171.82094830274582
641	64100	652	1000	0.8933157138710935	650	2	0.9178461538461468	0.8834355828220859	171.8636099497477
642	64200	651	1000	0.8862975263438791	650	1	0.9177692307692238	0.880184331797235	171.90614513556162
643	64300	649	1000	0.8809032964075669	648	1	0.9176923076923007	0.8813559322033898	171.9469599843025
644	64400	652	1000	0.8796491673068758	651	1	0.9176153846153776	0.8788343558282209	171.98672091960907
645	64500	659	1000	0.8854621479722047	658	1	0.9177692307692238	0.866464339908953	172.02799349625906
646	64600	658	1000	0.8729953964470415	657	1	0.9178461538461469	0.8723404255319149	172.0705844839414
647	64700	656	1000	0.8795609073631617	655	1	0.9179999999999929	0.8765243902439024	172.1108140508334
648	64800	657	1000	0.8742142865309452	656	1	0.9180769230769159	0.8797564687975646	172.1517109354337
649	64900	659	1000	0.8882869705970715	658	1	0.9182307692307622	0.8725341426403642	172.19415318171184
650	65000	656	1000	0.8927091426879575	655	1	0.9182307692307622	0.8734756097560976	172.23718936840694
651	65100	655	1000	0.8764589219423875	654	1	0.9183076923076853	0.8793893129770992	172.27790503501893
652	65200	660	1000	0.8935011409814839	659	1	0.9183076923076853	0.8772727272727273	172.319573533535
653	65300	659	1000	0.8703696521089842	658	1	0.9183846153846085	0.874051593323217	172.36071816682815
654	65400	658	1000	0.8910368888439949	657	1	0.9185384615384543	0.8768996960486323	172.4040518840154
655	65500	654	1000	0.8867985705029571	653	1	0.9186153846153776	0.8899082568807339	172.44700668255487
656	65600	656	1000	0.8917485451580494	655	1	0.9186923076923005	0.8810975609756098	172.4881466348966
657	65700	658	1000	0.8799709827317096	657	1	0.9187692307692236	0.8738601823708206	172.5297520518303
658	65800	665	1000	0.8801428832725152	664	1	0.9187692307692235	0.8646616541353384	172.5708718975385
659	65900	665	1000	0.8811198221416343	664	1	0.9186923076923003	0.8661654135338346	172.6114987651507
660	66000	664	1000	0.8870447744282107	663	1	0.9187692307692232	0.8719879518072289	172.65313266913097
661	66100	661	1000	0.8803477863377414	660	1	0.9186923076923003	0.869894099848714	172.69516044855118
662	66200	660	1000	0.8919328126165995	659	1	0.9186923076923003	0.8636363636363636	172.73548456430436
663	66300	658	1000	0.8856961480535714	657	1	0.9188461538461463	0.8677811550151976	172.77593564987183
664	66400	657	1000	0.8965341474959031	656	1	0.9187692307692233	0.8721461187214612	172.81769188245138
665	66500	659	1000	0.8974520876708726	658	1	0.9187692307692233	0.8694992412746586	172.86016215085982
666	66600	660	1000	0.8840675054942218	659	1	0.9188461538461464	0.8606060606060606	172.90081776777905
667	66700	654	1000	0.8979732568567639	653	1	0.9187692307692233	0.8700305810397554	172.9420089006424
668	66800	657	1000	0.8792988021455383	656	1	0.9187692307692235	0.8706240487062404	172.98211973110836
669	66900	652	1000	0.8995413827914946	651	1	0.9187692307692235	0.8711656441717791	173.02297228574753
670	67000	649	1000	0.8951246013983867	648	1	0.9187692307692235	0.8736517719568567	173.0658109307289
671	67100	647	1000	0.8962131201763265	646	1	0.9186923076923006	0.884080370942813	173.11144788662594
672	67200	646	1000	0.8902368007118269	645	1	0.9186923076923006	0.8885448916408669	173.1556589484215
673	67300	643	1000	0.8894151540360035	642	1	0.9187692307692235	0.8926905132192846	173.19767624934514
674	67400	644	1000	0.8887555691415062	643	1	0.9189230769230696	0.8928571428571429	173.23963511387507
675	67500	645	1000	0.8944612951510712	644	1	0.9189230769230698	0.8930232558139535	173.28052158355712
676	67600	644	1000	0.8852863414520223	643	1	0.9189999999999928	0.889751552795031	173.332040365537
677	67700	642	1000	0.8930192364013775	641	1	0.919153846153839	0.8925233644859814	173.38056185245514
678	67800	646	1000	0.8881173679636742	645	1	0.9191538461538389	0.8869969040247678	173.43063486814498
679	67900	641	1000	0.8951721598341078	640	1	0.9191538461538389	0.8939157566302652	173.47409483194352
680	68000	641	1000	0.8969980917836077	640	1	0.9192307692307616	0.8939157566302652	173.5215204000473
681	68100	639	1000	0.8835241727226585	638	1	0.9193076923076848	0.8998435054773083	173.56741511821747
682	68200	640	1000	0.8949969689302318	639	1	0.9193076923076849	0.89375	173.6143791993459
683	68300	640	1000	0.8776199878467047	639	1	0.9193076923076846	0.9	173.65973010063172
684	68400	643	1000	0.8961254929547803	642	1	0.9192307692307617	0.8942457231726283	173.70901486476262
685	68500	646	1000	0.8913815615385677	645	1	0.9193076923076846	0.8900928792569659	173.75459073384602
686	68600	650	1000	0.8957833246569535	649	1	0.9193076923076846	0.8846153846153846	173.80123974879584
687	68700	650	1000	0.8873829993936453	649	1	0.9193076923076844	0.8815384615384615	173.84129218260446
688	68800	649	1000	0.8839247152522374	648	1	0.9193846153846075	0.8767334360554699	173.88099029858907
689	68900	647	1000	0.8878870313725659	646	1	0.9194615384615306	0.8825347758887172	173.92079794804255
690	69000	650	1000	0.8883118833749966	649	1	0.9194615384615306	0.8830769230769231	173.97263793547947
691	69100	648	1000	0.881118608862045	647	1	0.9194615384615306	0.8842592592592593	174.014517001311
692	69200	647	1000	0.8930192364013775	646	1	0.9194615384615308	0.8763523956723338	174.05296110312145
693	69300	650	1000	0.8881664856494055	649	1	0.919538461538454	0.8769230769230769	174.09753861427308
694	69400	650	1000	0.9038578216959084	649	1	0.9194615384615306	0.8707692307692307	174.13843428293865
695	69500	658	1000	0.9092259361132631	657	1	0.9194615384615306	0.8632218844984803	174.18281265099844
696	69600	655	1000	0.8940074123135773	654	1	0.9195384615384536	0.8595419847328244	174.22220909992853
697	69700	654	1000	0.9067122596226765	653	1	0.9195384615384538	0.8593272171253823	174.26826386849086
698	69800	657	1000	0.8909371130741222	656	1	0.9195384615384539	0.8569254185692542	174.31138271490732
699	69900	656	1000	0.903652314575659	655	1	0.9195384615384539	0.864329268292683	174.35189971526464
700	70000	648	1000	0.8997126217862926	647	1	0.9195384615384539	0.8765432098765432	174.4017887155215
701	70100	642	1000	0.9022262367646015	641	1	0.9195384615384539	0.883177570093458	174.44666716655095
702	70200	646	1000	0.8977301757727938	645	1	0.9196923076923	0.871517027863777	174.48826359907787
703	70300	646	1000	0.8985691947245154	645	1	0.9196923076923	0.8730650154798761	174.53610828320186
704	70400	646	1000	0.8973062511789722	645	1	0.9196923076923001	0.8746130030959752	174.5821959177653
705	70500	648	1000	0.9015517573884452	647	1	0.9196923076923001	0.8719135802469136	174.63170323371887
706	70600	644	1000	0.8974079514249779	643	1	0.9196923076923003	0.8757763975155279	174.67638596693675
707	70700	643	1000	0.9030853892494206	642	1	0.9196923076923003	0.8755832037325039	174.72036561568578
708	70800	642	1000	0.8979272099831048	641	1	0.9196153846153773	0.8847352024922118	174.75915466547013
709	70900	641	1000	0.9068869756253971	640	1	0.9196153846153773	0.8829953198127926	174.80382953484852
710	71000	645	1000	0.9044787401097871	644	1	0.9196153846153772	0.8852713178294573	174.8509815533956
711	71100	643	1000	0.883837123765594	642	1	0.9196153846153773	0.8849144634525661	174.90462773243587
712	71200	644	1000	0.9013430751944056	643	1	0.9196153846153774	0.889751552795031	174.96847150325775
713	71300	641	1000	0.8811734910411214	639	2	0.9194615384615313	0.8954758190327613	175.01354536612828
714	71400	637	1000	0.8992331575851114	636	1	0.9196153846153772	0.8948194662480377	175.06479689677556
715	71500	637	1000	0.8946761788897919	636	1	0.9196153846153772	0.8885400313971743	175.1245251496633
716	71600	635	1000	0.9013868296151846	634	1	0.9195384615384542	0.889763779527559	175.1699705640475
717	71700	632	1000	0.8902104861991808	631	1	0.9196923076923004	0.8987341772151899	175.22908174991608
718	71800	634	1000	0.8923525047564249	633	1	0.9197692307692236	0.8927444794952681	175.27816079854966
719	71900	630	1000	0.8981456583283891	629	1	0.9197692307692236	0.8952380952380953	175.3219698826472
720	72000	629	1000	0.8986979560702634	628	1	0.9197692307692236	0.8982511923688394	175.3634137193362
721	72100	627	1000	0.8920359286585459	626	1	0.9197692307692237	0.8947368421052632	175.40226213137308
722	72200	628	1000	0.9040596441513432	627	1	0.9197692307692236	0.8964968152866242	175.44928239981334
723	72300	628	1000	0.9010414089856229	627	1	0.9197692307692233	0.8980891719745223	175.49032621781032
724	72400	622	1000	0.9077571898735816	621	1	0.9197692307692233	0.9003215434083601	175.5305071512858
725	72500	628	1000	0.9091344053997582	627	1	0.9197692307692233	0.8964968152866242	175.59486095110574
726	72600	626	1000	0.9025113848204944	625	1	0.9197692307692233	0.8945686900958466	175.65605626503626
727	72700	628	1000	0.9109994874284656	627	1	0.9198461538461467	0.89171974522293	175.70413384834924
728	72800	623	1000	0.8979908205164161	622	1	0.9199230769230697	0.8924558587479936	175.75667823553084
729	72900	619	1000	0.9028547534116872	618	1	0.919999999999993	0.8885298869143781	175.81799926757813
730	73000	618	1000	0.9032239075317515	617	1	0.919999999999993	0.8883495145631068	175.86858251492183
731	73100	616	1000	0.9039944663794225	615	1	0.91992307692307	0.887987012987013	175.91682436863582
732	73200	612	1000	0.8973411044581023	611	1	0.9199230769230697	0.8888888888888888	175.96067395210267
733	73300	612	1000	0.8971141576469661	611	1	0.9199230769230696	0.8921568627450981	176.00448466936749
734	73400	619	1000	0.9003645008900503	618	1	0.9197692307692236	0.8836833602584814	176.0449796319008
735	73500	615	1000	0.9000229412518557	614	1	0.9197692307692236	0.8894308943089431	176.09388248523075
736	73600	617	1000	0.902260609249073	616	1	0.9197692307692233	0.8897893030794165	176.16250501473743
737	73700	614	1000	0.9056578036736614	613	1	0.9197692307692233	0.8908794788273615	176.2113793651263
738	73800	612	1000	0.9010351554249282	611	1	0.9197692307692235	0.8921568627450981	176.25356253385544
739	73900	613	1000	0.9117863828367638	612	1	0.9198461538461465	0.8890701468189234	176.31688108444214
740	74000	614	1000	0.9133701341609357	613	1	0.9198461538461468	0.8925081433224755	176.35914855003358
741	74100	614	1000	0.9024961246686486	613	1	0.9198461538461469	0.8843648208469055	176.39979266722997
742	74200	614	1000	0.9110895000702811	613	1	0.9199230769230698	0.8859934853420195	176.44100016752878
743	74300	616	1000	0.8967927667619261	615	1	0.9199999999999927	0.8847402597402597	176.4828466653824
744	74400	618	1000	0.9031681814956536	617	1	0.9199230769230696	0.8786407766990292	176.5270923813184
745	74500	616	1000	0.902909832669602	615	1	0.9198461538461465	0.8798701298701299	176.58087993065516
746	74600	620	1000	0.905093627285519	619	1	0.9199230769230696	0.8774193548387097	176.62790798743566
747	74700	615	1000	0.8970068065460758	614	1	0.9199999999999927	0.8780487804878049	176.67197536627452
748	74800	617	1000	0.8966411374662481	616	1	0.9199999999999926	0.873581847649919	176.71548060178756
749	74900	616	1000	0.9003645008900503	615	1	0.9200769230769157	0.8814935064935064	176.7602320512136
750	75000	618	1000	0.8992979076780837	617	1	0.9201538461538387	0.8754045307443366	176.8019206484159
751	75100	618	1000	0.901535575675301	617	1	0.9200769230769155	0.8802588996763754	176.84745004971822
752	75200	614	1000	0.9049327700998895	613	1	0.9200769230769157	0.8843648208469055	176.8904944340388
753	75300	616	1000	0.9020667629351645	615	1	0.9200769230769155	0.8782467532467533	176.9355682651202
754	75400	617	1000	0.9111457384119871	616	1	0.9200769230769156	0.8784440842787682	176.9781755367915
755	75500	620	1000	0.9158883556091862	619	1	0.9200769230769157	0.8741935483870967	177.02689855098726
756	75600	620	1000	0.9048604575201464	619	1	0.9200769230769156	0.8774193548387097	177.07599124908447
757	75700	624	1000	0.913175079218504	623	1	0.9199999999999927	0.8782051282051282	177.1157722512881
758	75800	629	1000	0.8972657869426441	628	1	0.9199999999999927	0.8728139904610492	177.15833400090534
759	75900	629	1000	0.9066280208149482	628	1	0.9200769230769158	0.8728139904610492	177.2025569677353
760	76000	629	1000	0.9072337072004584	628	1	0.9200769230769161	0.8823529411764706	177.25067818164825
761	76100	626	1000	0.9048338735288394	625	1	0.91992307692307	0.889776357827476	177.30249954859417
762	76200	621	1000	0.9036562818715045	620	1	0.9198461538461471	0.8872785829307569	177.3580732345581
763	76300	626	1000	0.901677580362749	625	1	0.9199230769230701	0.8833865814696485	177.4067352493604
764	76400	631	1000	0.9012039080394671	630	1	0.9198461538461469	0.8779714738510301	177.45164878368377
765	76500	632	1000	0.9001373148275006	631	1	0.9198461538461469	0.8781645569620253	177.50173813501993
766	76600	631	1000	0.901535575675301	630	1	0.9197692307692238	0.873217115689382	177.55603930155436
767	76700	634	1000	0.904428942820404	633	1	0.9197692307692237	0.8643533123028391	177.6062255303065
768	76800	632	1000	0.900430799717551	631	1	0.9197692307692237	0.8670886075949367	177.65690816640853
769	76900	629	1000	0.9096342565735306	628	1	0.9198461538461468	0.8744038155802861	177.70416826407114
770	77000	627	1000	0.9097293904004098	626	1	0.9198461538461468	0.8771929824561403	177.75023608207704
771	77100	631	1000	0.8976205076962326	630	1	0.9199230769230696	0.8716323296354992	177.7979957342148
772	77200	631	1000	0.9072570391536658	630	1	0.9199230769230697	0.8763866877971473	177.84608813126883
773	77300	633	1000	0.8945940661466852	632	1	0.9199230769230696	0.8783570300157978	177.89426528612773
774	77400	632	1000	0.9018963506896109	631	1	0.9199999999999926	0.8765822784810127	177.93965824842454
775	77500	634	1000	0.8979071373704878	633	1	0.9199999999999926	0.8753943217665615	177.9833577354749
776	77600	637	1000	0.9025433599088027	636	1	0.9200769230769157	0.8728414442700158	178.02427470286688
777	77700	637	1000	0.8962345000872558	636	1	0.9201538461538387	0.8712715855572999	178.0667708516121
778	77800	639	1000	0.8956490611133954	638	1	0.9202307692307619	0.8732394366197183	178.115112666289
779	77900	637	1000	0.9003645008900503	636	1	0.9202307692307619	0.8712715855572999	178.15905791521072
780	78000	640	1000	0.900440500417317	639	1	0.9202307692307619	0.86875	178.20138764778773
781	78100	636	1000	0.9023146918630239	635	1	0.9203076923076849	0.8726415094339622	178.24075555006664
782	78200	634	1000	0.9077132274890325	633	1	0.9203076923076849	0.8785488958990536	178.2849139491717
783	78300	628	1000	0.9048384715355837	627	1	0.9203076923076849	0.8853503184713376	178.32833991845447
784	78400	628	1000	0.9110612569859327	627	1	0.9203076923076847	0.893312101910828	178.37076346476871
785	78500	623	1000	0.9182880023579791	622	1	0.9202307692307619	0.8956661316211878	178.41479586760204
786	78600	623	1000	0.9082540241167404	622	1	0.9203076923076849	0.9004815409309791	178.46043325265248
787	78700	619	1000	0.9157049439402364	618	1	0.9203846153846079	0.9063004846526656	178.5023885846138
788	78800	618	1000	0.8995630016032307	617	1	0.9203076923076849	0.912621359223301	178.54289538065592
789	78900	613	1000	0.9056677314952087	612	1	0.9203076923076849	0.9184339314845025	178.58429079850515
790	79000	612	1000	0.9070098318158689	611	1	0.920307692307685	0.9199346405228758	178.62582983175915
791	79100	608	1000	0.9070321953410324	607	1	0.920307692307685	0.9194078947368421	178.66794157028198
792	79200	605	1000	0.899919731998526	604	1	0.9203076923076852	0.9256198347107438	178.7083611170451
793	79300	601	1000	0.9012071527403118	600	1	0.9202307692307621	0.930116472545757	178.74831711451213
794	79400	607	1000	0.9015702950081661	605	2	0.9199999999999929	0.9225700164744646	178.7860960006714
795	79500	603	1000	0.9076697539452812	602	1	0.920076923076916	0.9253731343283582	178.83053951660793
796	79600	600	1000	0.9023881078115278	599	1	0.9200769230769162	0.9283333333333333	178.86871991554895
797	79700	603	1000	0.9037693217331411	602	1	0.9200769230769159	0.9270315091210614	178.90518844922383
798	79800	610	1000	0.9016200491283641	609	1	0.9200769230769158	0.9147540983606557	178.94196316798528
799	79900	612	1000	0.9110612569859327	611	1	0.9200769230769157	0.9084967320261438	178.98036073446275
800	80000	614	1000	0.9166091880591456	613	1	0.9199999999999926	0.8973941368078175	179.02600708405177
801	80100	615	1000	0.9044310256627108	614	1	0.9199230769230694	0.8926829268292683	179.0682628472646
802	80200	621	1000	0.9136914875020313	620	1	0.9199230769230692	0.8840579710144928	179.10976558128993
803	80300	618	1000	0.897884187304397	617	1	0.9199230769230693	0.883495145631068	179.1504150032997
804	80400	619	1000	0.9012712881546104	618	1	0.9199230769230692	0.877221324717286	179.19226823250452
805	80500	621	1000	0.9022214859061463	620	1	0.919846153846146	0.8711755233494364	179.23451925118763
806	80600	624	1000	0.9059704575559564	623	1	0.9196923076923	0.8685897435897436	179.27981153329213
807	80700	628	1000	0.8905366647163951	627	1	0.9197692307692231	0.8614649681528662	179.32394473552705
808	80800	629	1000	0.8961964761949298	628	1	0.9198461538461461	0.8569157392686805	179.36667724847794
809	80900	631	1000	0.90050855722309	630	1	0.9199230769230691	0.8573692551505546	179.41539848248163
810	81000	634	1000	0.9033627310057697	633	1	0.919999999999992	0.8533123028391167	179.4586020032565
811	81100	634	1000	0.9081587133947813	633	1	0.9199999999999922	0.8470031545741324	179.53220366636913
812	81200	638	1000	0.908903829907765	637	1	0.9199230769230692	0.8448275862068966	179.5771317680677
813	81300	637	1000	0.9088926899630414	636	1	0.9199230769230692	0.8508634222919937	179.6273205002149
814	81400	638	1000	0.9123976392476054	637	1	0.9199230769230692	0.8463949843260188	179.67251849969227
815	81500	641	1000	0.9136463053395768	640	1	0.9199999999999924	0.8471138845553822	179.71820948521295
816	81600	643	1000	0.9044507582533285	642	1	0.9200769230769155	0.8491446345256609	179.761339199543
817	81700	639	1000	0.9108699571553446	638	1	0.9200769230769154	0.8575899843505478	179.80615838368735
818	81800	632	1000	0.897884187304397	631	1	0.9201538461538383	0.8591772151898734	179.85063373247783
819	81900	632	1000	0.9013722907743008	631	1	0.9202307692307615	0.865506329113924	179.89411584933598
820	82000	634	1000	0.9025210319564198	633	1	0.9202307692307614	0.8738170347003155	179.9433293143908
821	82100	633	1000	0.9059999503279446	632	1	0.9202307692307614	0.8767772511848341	179.9900823990504
822	82200	630	1000	0.8981857057880336	629	1	0.9203076923076847	0.8809523809523809	180.04200951655704
823	82300	627	1000	0.8961964761949298	626	1	0.9203076923076847	0.8819776714513556	180.09074271519978
824	82400	628	1000	0.90050855722309	627	1	0.9203076923076848	0.8885350318471338	180.13343220154445
825	82500	628	1000	0.8990754537338043	627	1	0.9203076923076848	0.893312101910828	180.17468428611755
826	82600	625	1000	0.9025460758081529	624	1	0.9203846153846079	0.9008	180.21545706590015
827	82700	628	1000	0.9035469910974819	627	1	0.9203846153846078	0.9028662420382165	180.25761321783065
828	82800	626	1000	0.8998044713426718	625	1	0.9203846153846078	0.9073482428115016	180.30987998247147
829	82900	623	1000	0.9099995192008568	622	1	0.920461538461531	0.9165329052969502	180.36091801722844
830	83000	629	1000	0.9136917601286908	628	1	0.9203846153846078	0.9141494435612083	180.4100749015808
831	83100	625	1000	0.9047364089518226	624	1	0.9203076923076848	0.9184	180.45592594941456
832	83200	624	1000	0.9110632469218342	623	1	0.9203076923076848	0.9182692307692307	180.4966846982638
833	83300	622	1000	0.8979193952031664	621	1	0.9203076923076848	0.9163987138263665	180.53889048496882
834	83400	623	1000	0.9008684634948153	622	1	0.920307692307685	0.913322632423756	180.58297074635823
