InstanceID	N1	N2	N3	X	N4	N5	Class
477	704.5088505014307	597.3677717715796	842.2436064957866	2370.7289726451663	442.422435551966	222.84664579819602	70.0
421	462.74099524748203	319.73932973239295	562.358202309289	1820.3893154899133	178.7653942501709	42.07765407362859	170.0
178	559.95201858141	447.5658580605023	682.1341342200847	2267.162424559286	293.8015543236894	103.0416756645573	106.0
576	624.6887876381085	542.6396867622409	763.9497029238418	2277.2530733075537	361.3572169231559	160.1526958082799	94.0
387	654.2122403928411	525.0568102810253	774.8929607768695	2290.334501968068	375.9303751421515	167.51611509074735	90.0
183	663.6871380539641	504.2992807831971	791.5091056788208	2224.731356933838	380.114495856632	182.1830638562814	80.0
606	497.4598399206485	390.1090683135421	582.2389663676313	2132.9776565753364	220.08688994564514	51.7105612478052	130.0
212	522.1159965822313	394.1908222335032	653.3849439870569	2208.461146089917	236.28107867337124	67.85908750687403	108.0
617	482.7424133080717	393.6360435079132	564.2878541173828	1886.5761044861176	211.35019364384505	44.52756299839669	172.0
433	615.1495841817283	504.0277352878091	747.660753928584	2319.5795434593037	333.7725628266518	150.7226694162547	102.0
398	584.3921078878914	479.04880116241924	709.2313008573118	2302.7226011757366	284.5675213192748	108.42501315580098	112.0
145	457.71687088120586	336.8749761319656	524.6258030576314	1380.5798067608866	207.84135214333705	43.676321544058595	198.0
3	680.3434942452865	565.5472732762412	763.4224065772677	2335.1924137776678	362.9131671469511	164.01113314179102	94.0
316	676.3509698888172	569.2642107099119	813.6779886378357	2364.4747912065077	394.0679794617964	180.5324825502175	76.0
153	497.00918143318205	380.5698755967569	630.8165421687563	2247.0680812802834	222.99205966235363	56.609246742041044	122.0
616	613.587756102889	509.1581420143644	730.1746254000126	2325.503770500642	341.54956164529443	151.62041450404013	102.0
284	604.3686904236446	523.0382250195747	739.1025645836877	2339.588271369492	321.28011663034164	138.79629067302656	104.0
494	807.4142052414195	677.1346723952663	998.3069868203776	2563.195980524562	543.0268476068793	232.50561039391818	24.0
84	781.2808561621714	630.3361742322254	1026.0144758332087	2464.5456258657237	553.2162533976688	242.99906267489922	12.0
567	757.654374387977	580.7754205620885	1004.7537697645514	2257.0518096224723	555.9911666290845	238.08016010197076	2.0
79	745.7787391484136	646.6468739040383	953.4478501171197	2473.6377971635825	540.4088682407637	233.05502492686125	20.0
412	491.7314262506892	381.4447203869092	527.1171053904233	2015.1779159906605	155.1281859955077	21.98559372882753	146.0
121	471.5595457904413	356.851931134048	577.9386322331957	2123.7967092771005	216.15331636071082	63.73428215586468	100.0
431	681.8317241749692	558.4769796914267	860.191244462862	2343.6785074149216	434.0430098629723	206.27400850205117	38.0
330	456.30542017024527	325.3841329722842	550.5858613764595	1952.5038562487953	187.92319126956815	54.16659101461081	158.0
14	456.0577206675492	321.2085580099691	549.7775770082802	1989.7054213994459	184.0504583765808	38.2778136694	152.0
486	792.8298274788141	663.5899574290002	996.5710203676139	2530.825783656507	558.5273033362181	240.51591765953046	22.0
269	476.92894990140564	382.0600110554641	576.788592129521	2037.41521029013	184.4739514963447	42.80978527546094	162.0
0	482.030212874289	390.94315510865994	585.0199696456963	2227.573307687873	207.3131944325366	51.6393574605115	124.0
358	792.2934843789978	666.2807579878639	1008.1578431692502	2489.002342187722	544.471468775291	238.857407037274	16.0
220	487.4560447969737	400.90469905563265	608.7024868468054	2216.2121245256426	220.96724246280746	49.92754705079113	112.0
117	463.56585188602384	318.81203780517114	540.2093740217724	1542.8231105195612	188.60570311674246	39.84729770391988	190.0
184	463.5466651009532	332.7515983161792	596.992600962745	1713.6816113938485	200.99690579510755	37.54879626243568	188.0
586	521.4016551987792	456.34523027096594	642.2616141287152	2252.467358430433	241.46757064725446	70.25039752044661	128.0
536	762.4242471936984	663.2900253133929	1013.868371103015	2536.0292273570585	548.6723189370895	232.71600656853715	20.0
348	712.4526813707745	599.5168118203487	893.8182157476679	2361.758000607414	452.3383917490182	202.64528723703984	46.0
103	662.5868963670307	532.0339735922453	789.9928726802115	2248.4068554724868	387.29937561909793	175.17130718861307	72.0
155	548.284094021272	458.29259483187667	678.2639790738308	2156.957424541475	289.03995219662824	125.56945457322277	86.0
452	614.8242085256481	498.584727728888	699.6304583358354	2149.0504329930645	324.7394994318772	154.5962418470748	80.0
589	466.1737889775186	367.77748687772527	578.9276712957508	2026.337071121187	182.0657761700861	37.123808200126945	156.0
276	467.5457099627065	396.2112472226515	590.7063570971598	2076.051269370363	198.5648736419194	58.61930560244597	160.0
614	510.8133979738734	404.44475465545867	605.2858654837364	2172.554370507452	219.61939316006524	50.34156923321312	134.0
444	574.9668869082412	464.6254379447016	602.7109257311895	2323.599528057155	223.47275621760778	61.29987220108332	120.0
560	770.5601386370283	673.0936909896155	955.5966768755022	2508.439317864561	506.34930372201376	223.7343889089875	30.0
527	760.0279250905875	639.6292833366381	1001.7462644973788	2498.8051725006803	528.9287782458284	231.23241006693817	30.0
239	498.06466812320286	365.28374012893823	573.5133286456621	2030.3772278980964	195.3247386303769	39.18127559433471	162.0
274	461.1225729572265	327.53449913120653	545.5440439611878	1672.0192469077042	193.52235728410764	40.33179958139962	188.0
478	446.2373495811783	305.37040140911716	525.3817728573106	1365.570819622624	189.48745430578327	47.95081682651615	196.0
118	693.1502897761508	577.3633632316901	849.6205599759697	2433.5962162605033	426.36311780271217	196.7668238359689	66.0
425	507.36166491822206	403.69948414812956	593.472596857316	2146.9562583302186	219.66522090540906	54.91351702412956	130.0
604	679.4118815501321	549.5476665944944	835.2422563000358	2382.7158925442827	410.96236744321584	191.29585477955487	64.0
146	771.8301587459846	634.4179983034462	990.2663432294172	2487.3971800438417	528.8541552117262	217.71066728778166	28.0
60	693.0536833700601	547.2407803516988	807.7191696276441	2348.9129375675184	390.3496529207521	199.07838701924365	56.0
506	725.7843002709509	587.3312782164303	870.5437996771757	2359.9252224933903	453.0136687300358	202.6220338395075	34.0
113	454.75961370318873	370.6095847546376	547.5450757608194	2014.5895650617013	186.05414476848577	54.71352835163553	160.0
42	478.3353497075673	378.79170254879017	574.800477569834	2207.9433254118685	214.62179556946722	48.406742807223196	126.0
334	671.3683212324825	558.9334932158177	813.6055761076169	2325.0658981935867	400.82237523400863	190.07661797919715	60.0
298	649.8975503920186	523.603525453093	788.6296643170788	2325.250858157011	365.1377782814543	175.5426416237131	68.0
253	612.97117057605	497.78763981864876	730.2835190615087	2160.426629007175	339.5528056161372	153.0084094961768	78.0
488	689.4371942188423	542.8238068941199	846.0889434814712	2303.8971886788177	412.028215754314	192.7033649371611	50.0
67	445.75686201559074	319.18371116528283	502.04929095161924	1360.205759296189	165.6858979713063	54.94196369412209	198.0
241	499.60652440359723	363.96100760927	632.3610988079593	2152.5648663869983	218.82196308630094	50.56825125826181	130.0
462	702.0577199387945	567.0138217539485	822.3288053180376	2406.340932103399	407.0230974433823	190.30361598436411	66.0
34	469.44856061437144	361.34403345091397	561.4723043181085	2091.1655495597042	197.04716089506135	51.245937512237234	144.0
165	699.3448670480923	554.1568907817124	830.3872027410152	2387.5219177399563	421.8771120532104	188.64382363845303	64.0
409	743.848852130294	594.5335692838636	962.158326466164	2452.5237961779526	504.3199245243812	218.58557279896323	36.0
11	763.3824286543817	633.9901069998788	1009.2732753709741	2387.1833943660727	542.0074442536416	235.40235352090627	6.0
207	441.375026591859	342.84761344215934	549.120462479485	1977.966372643846	167.0933112973981	27.458294946609037	156.0
602	521.0130687708646	396.2802157735297	590.0700546434042	2204.4263839990535	220.4046550794599	52.09112788780915	108.0
363	452.4540026508385	363.10287447989026	559.5338412853899	2062.2830979314963	198.5650036524257	58.91928984465571	146.0
367	462.6525855140476	347.7051459124669	562.8973296677832	1859.6075043048568	183.7235451142131	42.10448987819861	168.0
135	462.974700761172	359.55221914189525	588.0156401319975	2036.341387786683	196.74517775561782	48.72564384952235	162.0
397	487.7553719168296	403.80064939821875	581.8644077290966	2138.857941884364	238.15500700233457	55.61695282582203	142.0
271	484.81329609845756	409.57558254058546	590.1599094499663	2114.3542990242045	221.12557327039522	57.81824468495248	146.0
396	492.8384227353132	402.2850378649676	597.5159000794437	2170.9821171224726	226.2096618639089	78.64271589775775	140.0
552	496.2029093569063	404.0587578909711	628.7620032816455	2144.9713268183928	235.23474044195527	59.61504180152142	148.0
518	771.315623070994	618.0711095132378	1010.9695720998129	2440.3886988172258	540.2090904758072	227.69115034251544	16.0
54	651.5073853000645	528.5024607157075	763.4053912455873	2265.8766401201224	368.74700315163574	166.7087049971503	86.0
344	744.0959387620176	629.4025190429963	1007.4468176834582	2441.5209240063436	541.229385865646	210.49867965204365	12.0
329	481.166474780364	355.40346316705177	537.1320368581161	1855.8500254687979	181.10241113442743	44.8267949978391	166.0
134	524.2106893518828	455.6629274730855	632.9488466280847	2282.265992475319	231.25444409375947	68.03475447499747	112.0
48	451.57138516517244	330.6348436944773	582.1527078530273	1853.8825882670967	184.69819235786605	41.7011245097743	170.0
73	503.965310444072	386.76104748202926	621.7284021771038	2163.1782984343204	224.68686170788678	57.50064920464438	134.0
98	494.19016295974313	349.90100004065056	589.9935680485167	1821.2227153788347	186.42344972436607	38.691737815574996	180.0
229	727.6620549266011	624.588611473306	928.4955806429765	2444.1780565868708	479.5298446363112	200.94814461188184	48.0
570	771.9807211692386	646.7354658927758	981.0318570038331	2485.187866956896	539.7721754821831	226.46539468966034	18.0
548	772.5755954867786	627.797455120496	1007.5269296843007	2489.629490071533	532.6503740068428	215.1008729195636	18.0
169	438.8864280722631	333.6528736894232	504.30680688778665	1368.9410286160448	174.46482551954418	44.93004181705086	198.0
133	747.0251784745494	590.0916584373289	912.9921766950314	2425.6471724048474	472.7246054086608	203.68105137229279	42.0
89	486.1509157237907	391.75657513055836	559.1551399186292	2142.562645462051	195.46459441860821	49.39526234525051	138.0
21	478.10732732256037	362.749482670764	554.7061187030995	2057.3716380538776	190.082038100701	64.8460268603358	146.0
100	452.1611141808147	322.7148548404047	542.6576995055028	1584.8539550007672	193.82607396007222	58.14794770358465	190.0
256	750.5463199622278	620.9822462965878	996.0037960591188	2377.3602534932443	531.5320590692162	212.62262019478172	6.0
95	756.6641811443113	609.9789855306153	1000.2729699002178	2315.008844824495	538.9470572854269	224.34108738875594	4.0
568	496.9749682326491	387.7872490145707	612.899464987739	2112.05675213062	238.2650197492549	72.29746132733646	90.0
189	466.6754361625139	352.3328860163922	563.4348356577236	1855.9768367047145	191.11914468557177	39.22046352477272	170.0
198	644.0747435344423	549.347343673416	778.157908104254	2299.7731410102615	371.80499010092666	174.96444900357756	74.0
612	637.4759108265782	522.4351114961567	718.0185467147012	2254.9922676950982	328.35002064099734	155.48857733671124	84.0
556	502.36098989583564	383.3324614769668	596.967657788207	2176.2838539533304	211.26685101387565	53.83161082380346	110.0
609	466.60001143543224	340.6382274309644	559.3101099821007	1777.0232398372912	210.4069657564851	43.078891589209476	180.0
475	754.10631126359	672.0420681550911	1000.0744520173304	2365.8163403810504	537.3857842704155	226.15651031021207	2.0
467	666.7613054629845	535.0648158172424	792.9526779303837	2361.4573918010205	382.3150558132747	175.03250915735657	68.0
65	737.99626861077	606.7948981629472	931.0877466721761	2438.4927595161744	476.66497886232855	202.5783218470864	36.0
97	729.5749911275174	601.906521854189	934.5402586465435	2436.4754681205504	479.07067422548016	186.61908096633167	26.0
378	488.05197469204586	351.57740519837415	552.2551135032554	2023.044551585795	164.4034844371148	55.55012959175147	158.0
335	662.0528751674186	527.6747052017156	793.9489500887225	2291.181622964813	381.0780484777947	180.32378650454402	60.0
562	567.7925274920658	443.6801682231258	596.097241717162	2309.4015664713893	192.48974171992413	39.10712522330435	124.0
295	669.9933408065813	530.1460753941566	808.0848130663481	2343.739978938469	371.75138587240804	174.84427151806491	62.0
326	770.6067146790839	636.8252420282789	1012.7367287319512	2465.6257785746407	541.3253048764319	219.64722941887183	10.0
195	716.9002706845735	634.0259235958001	908.7249534420437	2240.5753113101628	508.684504524834	215.55963589709967	4.0
446	452.76843803448537	396.4743104167244	572.6902072136114	2223.854609091563	169.0711262687807	43.38138745343988	122.0
251	460.3649077185726	349.0430834256345	536.9397462298109	1581.001485627152	173.01123379289	39.09070042227783	190.0
338	620.7477082355033	475.7749062364656	693.0497499362416	2186.7824387838796	350.72557548340154	157.20597130164438	86.0
285	681.7339680580261	532.0426451624592	829.6339877987142	2382.7394145501275	396.51983125125173	180.57220806173618	68.0
171	486.8324223576777	385.7443328989437	583.7763411552521	2144.0564504518006	197.7679053128876	43.34228691323868	144.0
201	599.6016442664044	483.5950305700116	694.9831496136181	2204.893543996159	311.1869742491553	151.05917750486174	92.0
297	769.2997909697797	616.2834298110877	1022.4686240229132	2319.873271633698	540.7161884632833	232.0514820419852	0.0
61	527.8265151534775	393.1571421660502	643.3698361623238	2050.3788529828716	237.89650637839975	78.6826776470975	80.0
125	478.6918683629912	332.50210517198144	568.4301449918714	1902.7599736025265	207.67457383564732	57.8260866457507	166.0
243	688.8628743721699	586.206617409672	797.9269259236058	2315.5928370960964	377.90660338904274	168.93646014039803	72.0
245	469.8651118400475	384.47241071670436	584.7659896052979	2228.683497622793	200.58046431663655	49.4268367248063	122.0
430	484.6900989600506	399.4614874349894	569.2676544609603	1817.3370882837492	199.08365324613303	38.8180676493578	180.0
521	773.9486755791494	637.883385342708	999.0218814233343	2411.615574777931	555.3639697776707	210.35331886987976	6.0
385	488.91214482129374	370.25049564178363	565.1757752183247	2124.3234973072654	190.51506936370245	47.82805097469177	134.0
283	514.9843298415681	397.36159393484394	613.7654945481115	2225.2248087784014	230.5131208326245	67.68713615700386	108.0
406	628.2933772142579	529.2789837573854	765.0639419204822	2287.7943869930054	347.87012787568443	165.04282103805693	86.0
119	494.69597171559434	391.5788481935636	636.8542357602344	2244.3335002709237	225.44115995418548	63.76066562499664	106.0
597	665.5392232336582	540.2454171832051	817.0496146375472	2323.4456667259915	379.3561565434076	174.62203824926527	72.0
196	460.464496890516	322.6780410160202	591.0616053382471	1757.8134605879015	199.33767813320287	38.98453996487114	186.0
187	720.7468545105372	616.6863432372088	936.9416846318393	2436.7402066679624	469.2207346493217	201.27104599264953	48.0
543	522.0626589828576	385.85326550720026	648.8541299488913	2225.2700668048687	222.72702588613237	64.02472048660704	110.0
539	638.3909267564397	519.2297910889657	788.3667936522422	2302.890106148867	368.2599248617438	175.1661645673085	74.0
223	491.5851924122178	382.83625480442834	624.0352644305094	2208.8963139988527	213.31769445147526	48.108975391137704	116.0
535	519.6568610395182	405.20238466699266	637.0300788359324	2243.6663890548507	222.60714393634586	63.283759422617244	116.0
249	771.7633747486149	685.5412029679007	982.8850984392992	2576.165424993994	531.1744376358513	212.0851914647969	24.0
191	453.3874209122506	363.89825919964903	573.1549303849748	1803.2055721099873	176.98496620021638	41.2142662671063	180.0
628	478.0903758006676	364.5816455971057	559.7197289526201	1888.379735049937	215.6898899811455	52.56991895237162	172.0
393	771.5555255936363	633.2326421742897	1015.4100303337882	2472.7994079125847	558.2097548342487	215.30990802445137	12.0
70	697.9627366854826	560.7481577689714	847.7036021369736	2401.655387265339	427.1946516165881	189.19511386619214	58.0
341	688.6723647972724	552.529847616441	822.3511768676248	2277.3775065692075	435.4006846410186	185.97969038583807	46.0
142	719.6392449112953	577.3676353058298	994.2357159785131	2243.9346374636566	527.1787233978292	190.8354989068018	0.0
180	748.4949312968273	640.2402487785871	953.1961065890828	2496.4891610973646	474.78016920763343	221.00420048833928	24.0
498	730.6788632257712	610.8281233553644	987.1413138706558	2393.1381055540337	500.5320096674778	184.4477480503736	10.0
90	714.5683670101017	644.5971133742087	956.3405161237928	2408.285265612368	530.4269317676474	188.20671197360718	10.0
439	458.56601461708277	315.1844515232579	484.53661651372	1843.5054707643894	183.15799949937346	50.72250020318131	80.0
574	460.66042834869995	351.2240270769253	530.2952285122066	2011.1513080401137	166.07214799995845	33.02670755325292	148.0
257	446.43441747992875	323.911920766766	513.8515367565992	1538.8061270465944	165.652760565658	30.38728681648073	190.0
304	758.6686816438931	605.5686099273238	947.2127782152651	2460.6779130473315	493.8218572069507	210.30912305064416	32.0
124	752.0086420413766	677.0390870057064	1018.4025835842981	2388.7601206169593	533.8424469819847	209.71303709340978	4.0
547	486.3859395944602	329.81544938785316	587.5475955528357	2202.6415244889354	194.85901720244246	40.92309585739963	120.0
356	636.5216072152676	527.7075610378483	755.181932493484	2274.1138883954923	338.9288924919096	151.09580725206177	70.0
482	462.9159148168577	358.0323433794582	567.1321163158349	2115.842152575965	194.21446153059753	45.83925051268846	110.0
384	585.7818992114906	487.50124975201203	687.7365621418469	2147.1710861843203	298.0660665641896	123.99965413170744	80.0
419	674.224725809619	546.8345946894603	804.2730206000358	2381.9567340771987	371.2234427358226	184.7815195344135	58.0
116	466.94190324832493	312.0453922036931	553.3351913649291	1727.4379953329178	189.38768714953818	41.08775862163103	178.0
571	505.255225211978	373.0177350271846	617.6353796705214	2187.9550043223126	235.54579805963286	69.94342795303993	110.0
603	630.5260219278181	478.8818401336113	741.6638103425558	2247.8460897050018	338.8714454706642	167.7012439822423	86.0
138	774.4461912656691	675.0316390805604	1011.2495957761153	2451.030625308403	544.911834743431	224.54378748309406	8.0
311	726.8565064824	619.8831541387108	951.7690951112623	2276.9591964131423	528.0691084485333	207.862103720423	4.0
140	466.1940110015677	357.0527836794049	585.6689393539822	2131.7172273403094	191.63034417180796	42.329649163736846	110.0
168	692.3196292499429	568.8493250286581	800.2792910404856	2366.2869060467283	379.3453311278563	176.38330632791295	54.0
247	777.0237322656798	593.7010101276098	944.2075595730196	2274.554128223772	530.8137068253203	232.9190328775467	2.0
16	673.1110140357808	549.5127098943765	850.486702808857	2310.0685253038832	407.2167042846448	178.17477983469794	34.0
327	444.5568971213055	380.45607671664357	525.2305308837364	2019.055679704172	162.64009600656036	36.770223128810066	146.0
630	463.4646284947689	337.275601884834	534.2887600841353	1680.9649461609054	167.3376441467903	46.58699996649629	188.0
558	459.98496278153874	321.3700366183016	536.8356503546537	1403.6345920536548	186.80909909690905	46.34268730982027	196.0
40	749.4854292207765	579.8005576135374	950.2344493054825	2465.450720870726	481.288446791392	207.65709281637996	40.0
350	642.8530288359739	508.8066493809198	801.031846296268	2307.084524551644	373.629690664658	177.62938071020116	70.0
262	520.5901341317249	415.1168821591447	640.302487751704	2274.4248573196746	231.36883871847607	73.25706049334235	98.0
76	492.91789593783386	339.73783849208587	529.917485305072	1429.2424131926707	174.17534549810426	56.332047356532144	196.0
590	498.5150656107893	379.41347008788193	625.6541557786517	2176.5661373941007	240.87112196241938	53.466806788998234	140.0
179	703.3318453400116	572.5916335231574	810.17171351019	2376.5698206619522	396.77177986451727	182.8249964679719	74.0
301	516.6215072128508	357.7895368164891	621.06223853445	2171.7268162171745	214.82832553630018	56.556650999916386	130.0
553	487.8874668383245	351.09690527730527	617.3894113733938	1929.5884266047235	202.51849727918707	46.74072592433646	168.0
479	674.7802744430136	551.1546712089824	792.876007354568	2373.1484965625154	363.4114809759586	177.701051780403	96.0
429	503.4290588922631	384.1378538540861	586.3292799571184	2138.247965096106	218.11224420346295	60.797078243396285	144.0
592	646.2437863575564	509.85356231495086	761.5641211594242	2299.9557598235233	362.5396801108352	179.3170944879358	90.0
225	806.8673980394206	663.2937020211438	1029.4792380928673	2567.1870222697103	568.8185645879969	234.04771571056978	18.0
457	473.23980361940886	369.4683688041445	563.6313793611982	1891.9417048049186	194.68020509392966	40.47660382632909	172.0
317	807.2398925142605	638.1050304944918	1011.5709652744445	2544.2547001354956	555.3038937934853	234.3504043852028	18.0
267	496.71941916726513	444.56698704270303	568.5134964320135	2132.437184080005	195.74827988040798	44.75443840583086	146.0
328	644.3644173523593	527.2267631822261	797.8546139657327	2340.634287060768	370.5707846918416	174.13385987395702	70.0
154	475.1140463016719	368.6148114821461	608.3166955540748	2126.7265124641385	195.90677751565653	47.83580675863373	152.0
131	718.5911377724485	572.2522006929345	820.3564543959056	2447.6960536399542	418.4703216081957	185.37499115753496	64.0
584	508.87805718001533	367.047219267396	636.6295714933061	2191.119017162969	231.70744407645765	74.62397373544616	102.0
27	484.52666447149187	372.39408910442233	608.1496012442366	2196.5422296600127	199.0451017999345	49.209924647290315	136.0
600	693.6769850264287	553.3412360600598	874.4085008113957	2411.5468670430496	416.1750456637237	189.8259486860174	58.0
523	494.6840212739736	405.1176684835237	619.1356387039298	2246.1055739839144	224.80655843559003	62.47394981640583	116.0
529	477.53203017104204	386.6514388396509	594.9505194653351	1960.695824469126	186.52942365978146	61.349490791600914	170.0
38	569.7827069510512	460.2655710503427	720.4295172212657	2313.522433595698	282.17330911927735	122.15835417201606	110.0
45	660.767658732928	525.9146405420456	772.6325796450295	2247.625096494748	380.8390778794077	173.168858788652	82.0
557	671.8977776272676	553.175695041364	802.4452911662814	2352.3358407238898	395.01753995305586	182.03399671755164	58.0
349	726.3068979829475	557.1656495189112	857.3558263216688	2372.657391378162	426.1930103707263	201.69740724314784	48.0
346	474.2259090802332	368.2591682260406	618.7712594216639	2174.337303442289	193.52288632148705	51.59502236189251	110.0
489	640.3215117507348	536.9520181822412	760.8390714461764	2247.1956316721457	340.0492965167336	152.08122035394214	80.0
598	495.7547192989413	387.16164351626395	592.4045417053193	2144.1295962158774	210.31378761533097	47.45324322147287	150.0
263	489.27465021359956	393.21970717716994	582.1500320893191	1935.8569540005205	213.07765717762933	47.77431808160418	174.0
226	795.5907372038065	676.064363525201	1001.4468216984877	2600.023801419353	531.3610338675679	222.05434414470986	26.0
321	769.6762994408128	671.922761636998	1019.1100750359881	2580.6992106643997	537.8217343922574	220.8988243528362	22.0
629	767.2450901270064	591.1156895212226	980.9857512374286	2478.6782524687364	523.8237391150012	223.32206647683478	22.0
126	736.1425028956352	577.8490155751784	989.0227358544819	2448.5433598021496	489.5449593432951	221.8537745230523	18.0
91	491.0666695199339	382.0892477973718	574.9334792863638	2068.725869315641	202.29045854401903	52.211372676490974	92.0
265	503.1187513611435	414.29604564760103	581.1822678395991	2273.821068685134	196.2671626462349	42.298421701445136	124.0
544	471.53400718180865	329.92386301444884	566.8122176252942	1866.4929112560797	180.53613140825902	40.54528113724524	170.0
459	477.23388655148483	386.0087586580656	588.388510256205	2149.170317746796	206.07705640433372	54.489334791918516	144.0
621	646.3082171490875	551.2939453797399	773.3698170778699	2264.4918320246493	369.92285389110083	168.711049006388	80.0
266	499.11624212759995	368.76873910344864	578.4026280570323	2140.614909482987	208.78162675553423	51.22485758274223	130.0
217	618.9628665818465	506.94594716088363	719.0638273155438	2262.1677445469745	342.3115713782624	154.03788600541273	90.0
401	507.87364350156577	404.91474914863517	617.2476203838057	2226.2004250971027	232.19920718711893	64.72437590763258	108.0
324	749.8243381520149	590.1858218190677	968.2429312118325	2494.9191814436567	480.25958694752893	209.76033387233528	36.0
417	501.25844001626035	382.5203911444419	595.1824866514162	2165.750535398024	207.9492008651952	53.03286195441888	110.0
308	770.4731072652448	643.1767167760147	1017.088592508792	2429.358628845399	551.4515889051042	215.81710280321718	8.0
445	681.4270180030867	557.4412259868766	816.2925861227372	2385.645646784406	388.0102595838078	186.2304153899624	58.0
458	456.9256388814742	353.08200566893805	545.9436649740162	2009.0868450620796	181.9323591468173	42.072527021204046	162.0
376	532.3489616928841	419.3750874911096	638.352747970052	2278.2130184423863	234.24215835852416	70.63534719894014	102.0
371	533.5225405689907	429.7323908798857	626.4809639762325	2263.295584066991	233.06840804628064	57.126670800324874	112.0
312	730.464831692715	568.8138436655194	898.1150197644538	2395.5790571716416	434.11958637608353	195.8422304809783	46.0
545	671.5056373004173	557.0081310055593	825.5143049901736	2385.1043383731326	390.76736174189614	188.9532655772909	54.0
504	768.8500748565324	649.8265634848391	989.4723391529719	2462.09557236475	538.883864231258	211.82132149819492	16.0
404	480.6967156654176	376.9359082338738	595.1717468730856	2089.7735978623964	198.5192712794723	34.49664400713907	154.0
246	510.1480921852691	384.4243909084679	634.57608827417	2140.537725523985	225.39706412617141	76.6745075319104	92.0
420	468.59424268904604	370.94849658587617	611.2050569356818	2176.7457783709942	197.86704956146252	46.397305261983966	110.0
206	511.66990996453	384.6943285429535	622.9906801044853	1985.9729930400385	250.20039848758412	63.950817355665365	168.0
231	499.3331355815378	370.0080613080637	595.7225628244447	1853.6201218854555	219.54378603106144	45.09101706355467	180.0
546	490.5414168188919	384.20306971347884	634.0790979037191	2189.3856954804946	207.7822287739184	63.309971886539316	142.0
490	471.8846833276988	336.4728658153448	618.0775829260085	1800.8347483388739	200.86341431963203	49.87783908371439	186.0
25	478.9964591336889	344.84345854212916	584.392094637513	1767.9519723238864	215.91268673914084	45.50322493547119	184.0
320	638.4103005847265	535.395766911241	820.6752225431993	2452.060392764696	383.59313677751334	167.28363104467653	108.0
62	659.304498382627	505.6829297476708	820.6828491811368	2437.484716659596	375.57925748985014	158.2158403334139	108.0
77	556.1974048624563	449.9069563776428	695.2481929184279	2280.2749308204125	270.51396653894193	107.50699413573028	130.0
455	656.174226039642	543.0252740360338	828.6809840168104	2361.919592660341	399.16704527573387	180.52608273322278	74.0
626	488.61111973205004	391.340982631976	621.785046791875	2130.589790111161	210.40946290611552	49.42572047650263	162.0
216	463.77811902814625	361.6264515858874	609.5086398930894	1818.1063740591164	200.53979863264004	43.05480718289828	186.0
438	738.8997393697816	595.5420389133461	854.1095336320582	2467.6623216205053	397.84753756063463	173.14621940383648	90.0
581	767.247849443634	621.0077195825831	1001.9402648146195	2568.8083773149315	531.9009704279684	212.56831525995548	34.0
47	492.8250623457441	377.9035177322951	607.0181360300801	2155.7905256105587	211.53167031907276	68.24727931751399	152.0
83	512.8546665928272	420.7837034484616	670.7812162095234	2336.982435673858	245.59613079510854	72.81996806505585	120.0
580	513.8503015337893	420.8385732147099	653.329650824888	2224.1472533533774	225.17125237112873	53.79441351582565	142.0
78	710.4247240032827	585.8822065356206	855.4024421119215	2448.3707370824573	423.6647835050308	194.85863791737316	58.0
391	786.431528704742	657.1212208474119	1041.494369339547	2605.064700107561	539.9728712327736	229.55908856561814	20.0
585	486.3277811423369	363.83232150248756	596.266142326632	2242.554391164064	202.75883318413966	48.79424570943975	120.0
468	758.3646934948963	651.7860135406254	1008.1677201592458	2566.6151851104864	513.1686570126976	210.66196489567758	22.0
525	474.2096484251332	365.4286899312909	607.750406043552	2190.896087283284	204.67039060372778	46.12156645256264	136.0
333	775.6137165168246	659.6818112956926	1007.8493017387223	2597.296414006229	534.1988691857349	222.8093036211176	24.0
147	499.9199825566304	422.0810477859482	619.2695612100088	2329.074436138952	210.11818391083108	47.89882561983424	120.0
382	643.8728648481955	526.3466883559452	739.591723854268	2225.3717606864216	334.85931975446897	155.20384344836853	78.0
306	677.1160848535054	546.6354163512051	819.3453210958181	2390.5065935568186	367.2673466332766	174.72820657268878	58.0
555	501.02339083987977	359.1389244169175	593.9918530512977	2111.827613016243	206.89739303220455	63.381174307950694	154.0
192	655.4150383151341	548.2530844053109	772.5878247886786	2340.034991304901	343.99418533171956	162.15986229989716	76.0
594	516.473491343028	384.1242828792968	612.3114920722213	2226.300036385476	214.40826682927053	48.99284779856445	138.0
71	487.3597305135474	377.569035033442	595.0282662924102	1822.264950824608	205.46859887186287	46.0508375308055	186.0
209	641.1633099010653	525.0338251255434	765.847977201257	2422.635356769742	331.53956234619704	156.55310622290096	102.0
286	647.0147415006209	537.4614054890836	782.1571996527978	2348.9092258055193	354.30396543104655	169.4785378677286	88.0
92	477.1466445146878	350.4712060484135	569.2304564139178	1538.66707616927	201.89044147417786	47.49779545652968	194.0
63	644.3373419577854	503.08273294679907	777.5581263589705	2385.933344838433	351.15385348816693	155.25322166411664	104.0
101	708.1965598151747	573.247443458931	845.6563346893818	2443.1154466063085	427.27462133674175	202.85423622506102	56.0
157	482.640080717852	385.97170378940984	591.0329111473687	2084.259792831233	206.20234965734488	48.78610279706708	162.0
279	640.6764722137763	535.4172641229138	774.9761500936617	2337.91870874186	367.5243691953435	167.99178830503357	88.0
579	486.8457422237633	353.3464014252808	612.0786664145115	2149.018880305676	205.01804166179238	51.043655183261656	144.0
473	488.85042979538866	372.2335797242198	578.0278128027111	1625.0995029980543	199.10221012254675	46.05287625559257	192.0
182	469.84136806242543	337.319889406044	587.0652035910997	1889.5212185605353	203.17716351950978	46.38825161061655	172.0
240	497.85222348011376	372.1116358104368	576.0546465346138	1637.2826228617216	209.5329928621947	45.64798350558668	192.0
565	747.0628975985759	617.7140097385716	998.1254168109256	2548.925908725448	516.6490127314687	216.06056651085504	42.0
128	651.5298117479714	517.335143103793	803.6897056910593	2282.3461993167803	386.1124113237031	173.87463218412657	78.0
534	738.573304127619	608.7197202170547	979.6603717298728	2566.236165544101	489.4238742607283	214.86097476564842	36.0
233	479.2388464005582	431.8943496213978	597.0225890828527	2225.3325105343315	208.84015158391003	50.962377035016075	136.0
450	477.72007712580415	343.6196484599447	569.6131674883204	1454.9247778835663	199.4296013662251	46.44890866541892	198.0
441	525.7879410019556	421.46438809933574	606.252477688077	2194.6836166900716	216.64476247796068	62.30674396319496	144.0
32	614.0505279532704	471.21501679431736	733.9604997117667	2426.49210207484	315.77297035698535	130.31725168245578	118.0
537	772.6704576310423	621.6541397732478	1031.5067664976764	2503.6625502454904	544.9112127855675	226.88048289483942	14.0
160	604.6218372533679	496.1000317864362	754.4475498623412	2285.740842400698	316.213481347076	144.2875040695857	92.0
200	790.8460543036327	630.4618625587374	1031.2444514601843	2450.460850531824	537.0881279733694	222.4110167280199	8.0
395	545.7303951407756	485.48418253642274	603.2817922630235	2281.24906761192	237.39480444549017	53.20844129740604	108.0
163	483.3033172849808	370.8890001784191	613.0494656129631	2155.930789076478	218.0610641576158	48.282062561184354	140.0
305	525.7339136667235	366.6262448760862	645.9786896091356	2314.876248993286	209.2061402273292	60.017835627903196	120.0
541	758.8312843596578	605.2722851268069	935.3925410579086	2517.0370504025955	474.3087782354879	195.10281898967727	40.0
13	500.38063389476787	406.01188650348917	627.5329855885766	2000.984951511103	208.9825205378565	43.649302154764996	166.0
299	765.4688097327312	686.6452864522072	1034.5919327638117	2574.607754936521	538.7103650193479	225.2703117970052	12.0
162	495.6286169669128	381.5282418092039	606.3704244511266	2186.4576158718123	200.00830375477472	48.10770182389697	130.0
106	782.9585298914255	670.5477880032034	997.8313454144694	2584.9017254649566	533.4358905502016	209.39501444546553	20.0
51	558.1374871849986	436.3479503942859	694.6411937988929	2113.8857950038723	286.8912929513622	119.00295755701664	78.0
161	763.8783120003262	620.3466126403525	981.6704339930026	2336.2467550113925	553.295415595972	210.15834200888386	2.0
244	440.0246740856988	307.0621430045197	531.9989721792342	1817.0227586870787	159.002590194846	34.044887531461164	166.0
415	738.5743485268412	619.7519207222919	967.9111117552335	2489.0379112852374	484.8455671266159	196.50452398905315	28.0
502	504.6857797855089	399.12443262283466	631.0085567883598	2145.8907377736223	211.27507313524626	61.74232068099349	88.0
493	463.7335199341474	319.38501563976456	548.3366779424719	1816.1975952197042	186.99956561386682	43.68441996289583	176.0
277	512.8613911090614	378.8231154507031	604.7797084007734	2212.617810374259	210.48845989322626	60.25286176020038	112.0
447	505.3080310566292	426.9678510943009	601.1662650248702	2195.122357543225	204.64431301404727	50.73959562311094	132.0
222	515.0531281171004	417.8180190927298	655.3082948585447	2333.949384751816	217.686304290815	62.31022954510815	126.0
52	496.9943196179171	377.0940634096194	604.3105139309451	1831.258679045204	207.30389395527172	49.078552264791135	186.0
464	774.0210710117174	640.141851593258	994.0934415439597	2369.1993529090246	529.0061845727386	219.20763497327576	4.0
588	656.3138553033237	539.1216958178969	788.4327907585323	2367.2425230351487	367.14560135727584	164.11049024667565	70.0
599	645.1667176452293	519.4685510230762	787.0323246387741	2332.350144930865	344.3150923069123	156.8954310303181	76.0
623	757.2375860727648	629.9032094853984	1003.0543373937858	2485.2348234347846	534.7367019121784	191.01705242414587	14.0
59	515.5570790895304	404.1496836371522	645.6473235871573	2091.5952027594794	255.8740862159872	84.47191481184059	78.0
620	533.2180334084898	450.47901179938447	660.3975827413275	2134.793258136026	245.94964427503868	78.8135678610109	78.0
476	758.605452460666	632.371657230927	1016.990850083036	2507.397332818798	522.762988739927	210.74766502926997	16.0
122	463.6483510634239	353.7851378061996	542.4073480914908	1754.6353700060056	175.34027813711694	38.056095538594924	184.0
474	631.2230459470501	505.2166149389628	760.2161130249808	2295.042355304559	336.3626574531065	145.66509852313425	76.0
440	493.705633931429	361.49053678211595	602.7824704119216	2241.116358192636	216.15524598502418	55.154479250333566	124.0
466	501.28676592704335	373.1801950146281	611.6971407875017	2168.3077706097797	213.71546903738079	46.050126016720185	130.0
211	688.4961519528906	553.4144648608416	841.879173238337	2381.1565376882377	406.84430966121664	171.15108054256618	60.0
46	484.4004155812887	393.2910408116597	583.0635058822295	1937.1560253986493	191.32822939849166	44.007840754967205	172.0
510	504.2507186409064	385.60571697923274	608.1465803337902	2271.484657498769	226.12983374374772	62.18179838893814	120.0
6	756.4075328237689	657.7025615746699	997.7200105367154	2582.171904329767	519.0281147361441	202.44245421055862	26.0
381	764.1757895314438	588.5040560083976	1011.9129528643962	2344.037810927864	537.1680869521025	214.82772665220912	4.0
23	468.6661277310958	328.0809955850477	575.2727821900912	1876.1639570659956	172.6040214534596	42.91306161878974	174.0
472	765.1928277919425	630.4919181678127	990.3509010725077	2562.496690108584	518.2815219447784	189.6735299536264	26.0
141	746.8010241337882	627.3509834776934	1016.9894550189512	2379.4438436858263	527.9636161734447	215.29336754561936	4.0
618	611.232357169357	493.9465828789626	738.7062085689989	2241.7747467490076	322.00430787355697	146.56454572277903	60.0
615	719.528623029779	557.4054722898794	897.8577560477672	2226.633306737456	523.9493212772287	209.62250020293192	4.0
362	497.5919470215045	359.40886696782263	567.4434413188906	2126.6753846362294	200.0526210911488	40.91971453557099	102.0
374	473.5124375249488	363.3398683796479	564.3796885164743	1801.661571232691	209.71617581560736	31.663272949577284	182.0
508	729.5511623908154	593.8567735022888	892.4725470749819	2416.2298843701055	421.77564944639613	171.56909108996905	48.0
186	488.2154482445827	357.7386612153466	597.699757021247	2120.588620091922	198.566884691112	46.30112036462881	148.0
369	499.06109425641864	392.10102398889006	600.6703278213715	2281.1830346543275	228.97933094688324	50.1520990610684	122.0
41	545.8545402967995	390.2341961340091	649.7890587100203	2259.087030288723	236.35324740736476	61.13483802256446	112.0
416	639.2214457624546	509.081759514331	761.7799365597945	2223.8056523590035	352.6178894099516	147.2182648421189	82.0
442	476.89412890712805	331.1049276952805	593.0541827687439	1774.7267873913534	204.78747103991873	45.96802601995924	186.0
281	498.05828461175764	374.9377325733113	597.0555914670498	1879.1505887481655	208.54543855819514	45.37707789514036	180.0
292	787.4136719670709	670.8898634376866	1035.7335112710034	2451.333056897984	543.7979958283343	215.19625847308563	2.0
422	503.72604930961614	396.65084499541854	628.4658776789765	2221.694600274286	209.66357028265946	75.83746783189392	144.0
400	721.3788132064183	593.0563286909545	963.8322981917449	2545.523642644335	481.69956220418885	201.33032251402574	40.0
300	608.7284160738554	489.8963614003856	767.502885477793	2216.3748699921784	324.2932402474003	142.27587120957608	82.0
314	693.6828986452451	547.3696784319659	851.5208821892298	2435.887695062096	378.415949228281	173.16349276907857	54.0
342	751.96208060935	632.3343375060791	1021.8572346485223	2553.477107725308	536.6458333362054	180.3161899114858	20.0
343	516.5029360487753	402.9599423813749	603.8673450583549	2121.034818670681	206.6732079366526	53.83607827288113	88.0
427	473.35873566905775	335.23858185484136	579.0544908917403	1630.5405431154686	173.46183479889154	37.06458345361078	190.0
75	481.8496331671154	348.3187006023607	625.6896197899786	1944.574180354619	199.70743218462619	45.17430062543946	172.0
366	616.9683187130848	481.85612928053683	773.4480009693937	2328.893308794306	330.17801322898885	151.00168777961952	96.0
37	761.0709180144421	644.5267437049282	1014.7850620663254	2590.128828047	517.5310116157669	207.91258699656706	28.0
208	769.9569487410802	635.842470319486	1034.2366402695745	2550.388747704293	531.5906735361025	219.25119181285461	14.0
357	747.7328118666649	625.3627921717903	989.7932219320646	2466.324132797291	529.3339351158705	184.8778834663312	16.0
434	492.1856602766747	354.32380789676165	593.0338782839317	2151.9352143326428	217.64954854228242	36.501500229330176	108.0
389	477.3619844744564	362.10713503889133	580.2296251839548	2082.620731887661	198.35622635507997	53.96560100400555	162.0
282	772.7680377398609	661.8056676190417	1049.2277230726934	2570.829737458136	531.7295892551944	199.79659162991177	12.0
595	760.3416015925991	577.292625547609	992.0720168990621	2520.670213399779	487.50661432993604	215.48160924307163	22.0
522	476.0039344339001	361.9318726727119	552.715176380342	1757.468098436176	170.28380805006486	40.60308103503913	184.0
250	521.4599758861223	398.5109745220981	660.6224545508818	2184.0585739568214	227.86409781731004	73.42651554257316	96.0
309	481.63215839045597	360.12773409575607	604.1996678481548	1852.3777471422836	181.94060450184733	42.7814670570622	180.0
485	760.7967620754886	684.9866397387184	1013.0039717909636	2633.7564106968043	509.1391751717591	195.91040433654092	32.0
149	753.6948407424178	660.0277374767621	949.7624598286973	2548.1076194829175	477.02068824809885	201.06195320223222	30.0
481	533.3297436037733	383.98188621919127	630.3456195414678	2241.1954577536017	227.1989507597434	52.75169039259701	104.0
611	473.09563950726675	319.1673020896043	552.7864701070007	1440.1047537180261	177.84985827393712	62.44431585438031	196.0
372	696.0726719775798	565.2089376972178	889.5020418183196	2465.5992510773453	419.91773159624114	187.62270797867882	54.0
188	493.37805780279757	347.6012803421756	613.6499284046419	1864.1980622123788	200.01971798782483	64.1028079806078	182.0
495	524.4622222614256	366.3141789259658	645.2274213387759	2155.7070943770614	226.8184074572117	51.64481870500246	148.0
453	797.9336143234784	664.1574684316375	1049.3110409080725	2582.1505436681723	540.8788664517937	210.9054347555632	16.0
307	490.21443953865645	398.40522080959056	641.0896964836282	1976.3804165693557	200.3347797859134	46.218692660519416	176.0
170	617.3962671937838	478.11242771715877	763.9091811110384	2446.852113774837	318.79252099051666	127.08624697773233	106.0
505	516.1149987385901	365.6028468711569	632.039778297218	2002.3829280502869	223.633560837984	68.2021811671004	166.0
370	648.0570516796461	507.8944916172531	801.3113827997921	2344.925476115084	358.1630041203305	155.62872429511103	92.0
542	654.0209478697487	525.7855876219123	824.1821081529278	2384.096662471172	390.56077779585115	164.6152995230822	70.0
497	561.2161234404031	444.28959045190743	697.5955572730121	2363.601791498051	280.75144573546004	83.42733105978942	106.0
563	522.5123385369826	425.35412221176784	625.7242573775832	2282.9861027317193	212.43249402511267	56.85779842080231	128.0
68	500.50807301119767	405.18039171118403	665.0283609094596	1894.698438127099	220.73572536118937	48.99251301624127	184.0
43	625.8389517006062	522.5128268352754	738.9904717019202	2405.174733962231	319.24701670036126	131.0966990715009	112.0
20	638.0258636686857	555.2612847976718	778.4941277186992	2466.842351736214	334.20430298989834	148.90470644601655	100.0
515	692.7600039705123	590.1442450710382	901.2833476514958	2505.634137287259	434.87315790558637	186.48021056399006	54.0
633	776.5968175595532	644.8364116567076	988.5611218201432	2582.4748568319387	515.3394838779099	213.90213559533962	32.0
619	602.5890533505016	472.9453400831737	721.4873654391341	2175.76008481666	304.9307514757934	131.63242972481117	82.0
575	538.9939766633743	463.09615362200606	666.8625201015327	2389.3185326384155	242.48706911667472	67.35480486013172	106.0
273	733.4256523780858	597.5843074371321	951.7075094766236	2515.1228143187204	458.58405322142755	185.81681151793148	36.0
351	507.75699812297785	390.4896657479791	613.1363557403561	1920.3152190271787	203.32948205685864	61.26260500072663	180.0
500	495.97185984343025	326.2213787645542	589.5174740823024	1647.502598938448	192.965619280556	51.32989132422987	190.0
280	518.4605473142464	415.81529160845133	684.9125403690025	2374.822945240468	236.95095433852404	69.04928207993933	118.0
583	758.4488759386071	622.2196513320386	1006.4857445782943	2377.5872841255787	529.7075824429526	210.04892178967668	4.0
49	772.0010598593652	601.6463948691738	990.6698835383729	2500.6127658847226	528.7189710864104	216.48798612132597	14.0
394	481.74496122502205	343.89876764564605	567.8566417525375	1794.8518133677358	177.2801435570159	40.81123257648668	182.0
136	545.7165178695172	415.5577234498244	637.2559529552508	2292.0867007520283	242.98698615367468	63.73461725557576	114.0
109	595.5948434531045	484.9902734213408	738.018214707855	2268.666737491476	307.24851664803475	134.21242607899205	92.0
219	608.2656523203297	470.35858465901055	750.1527121595598	2284.460688706031	306.43267095344646	132.41384073620688	92.0
173	529.285852143542	386.75738967493726	656.0920116865476	2270.282204796644	241.00965835972693	67.79054763466519	104.0
69	793.2447019301704	665.3753812690803	1058.6118298271274	2521.6227358862707	549.7400882156143	208.97295271858923	6.0
288	683.420730686216	536.7927746300281	815.4060930001748	2415.561536366174	371.1615657088979	169.53487955458178	58.0
564	501.3960599271262	362.7139748334936	622.2588901242643	2184.8224003257837	206.01478911385243	40.37510063019489	130.0
405	502.48660535138134	439.3022916789795	621.4666995224949	2270.0819300231874	217.64928517000536	51.30021706157528	112.0
80	761.5497784524664	679.8456612142508	1033.9381427069638	2450.329542438619	525.4953417129673	202.60443733934213	4.0
461	509.849667641127	383.218673212991	577.2077316514625	2084.263685874988	203.90306962885214	41.637812926251556	158.0
144	780.9075971799195	690.7754992156734	1027.1827240363161	2595.412474719695	538.1600059639671	210.71902191212135	14.0
205	575.5335487960002	452.3804367198414	741.1986083425429	2240.2117139540474	284.3761215470982	110.23853649521612	74.0
313	474.8663546498154	320.37554785427767	550.3601642952899	1432.4364703828994	171.11547275545104	58.33159134927273	196.0
166	491.3519419874188	360.7144686084662	594.6524438777577	1672.7586981798565	204.909771994588	46.11315812338178	190.0
8	502.45428618251015	368.52624118525074	602.4296369074553	1506.8059830425748	216.97837044233341	45.95779725574112	196.0
255	651.2951096393026	501.7029827021876	813.7003647082076	2364.0415338110934	354.94561223185235	146.4410958394151	96.0
258	654.9420787464138	525.212694423186	800.5641464108229	2491.193124138883	343.0420952566071	134.96860786563738	106.0
151	508.1475703852945	413.05653788296655	625.1708305388539	2030.0632324591518	223.6972114962216	46.983114045115606	164.0
199	696.7026466969106	560.6274050032715	801.7354921562767	2510.0942733478964	363.70180542202655	157.7091498490672	98.0
587	688.561097451685	561.6879298132152	856.9714577648625	2454.120347500035	382.9567921129552	169.08158698730978	74.0
53	759.4486667154347	599.0780653477949	946.0825975118913	2518.178835551346	463.3688007669506	182.75134270156707	42.0
252	499.93278804070286	376.63713734411436	576.1572969865952	1483.974288025983	204.99149404842865	40.337027536780184	198.0
99	521.4138627563456	403.04478074715905	613.4763732352717	2190.51974071076	226.56347354030495	70.60671808567501	146.0
410	771.8483278601485	632.349883693711	1055.902304387637	2640.169710723887	531.9151847609282	210.42589913643712	26.0
465	780.7445692228498	633.3224110857354	1044.5663864585822	2415.166519214954	535.9153138751306	197.35612675374503	2.0
437	665.15236007735	536.2536283277726	823.5819132086484	2401.313272833539	353.73337762690994	159.45459781444566	56.0
293	558.1428510686623	466.87520661448787	607.3718037975364	2219.8875082302366	234.94037979829454	50.55557592198456	150.0
105	523.0158677488344	394.20109060057007	617.1162088328423	2239.658702578095	228.0892675223211	51.12410404900058	128.0
50	769.3205127563151	635.3155932102978	1012.8480236084788	2584.726541375896	533.05577369981	210.4177413027093	18.0
572	703.6952973721598	539.6022226755133	846.4940313005796	2443.108043280485	397.00357801711573	159.82548229035928	56.0
591	479.49268693728453	321.19879869272205	595.3912354754698	1811.9117034518117	204.38196862245758	38.96431087986224	178.0
193	747.9153412416747	623.3418379733639	934.1232835249423	2497.5898550200513	447.4353101728627	184.31113085562782	42.0
435	685.5014674920958	579.0848072910744	866.5541817381351	2393.5140329723367	399.89733550218614	176.21871817963358	46.0
260	491.4327770575061	342.90548494626523	564.0904148377259	1857.4278907325959	183.97029604250315	40.84127308094298	176.0
318	512.3149126002971	423.72725389419384	662.3368331765857	2374.569419714706	212.7180074939559	54.064492973255135	122.0
454	496.4725503394825	392.64895452596045	644.1874824321087	2218.4887669951586	221.45030258032537	50.28787739371133	144.0
624	520.8286730863707	392.026506272695	642.6309566920853	2316.749139301628	231.64106683593957	60.081653701377846	122.0
87	549.8709521494071	458.4405248013616	665.294011005936	2350.542588541165	255.58601649226173	78.7971569062063	112.0
601	511.1761046299313	436.476954358393	645.4264418897211	2227.076606446541	211.91116591270003	50.27878789956406	146.0
291	501.1561090940804	409.3366483477875	617.5497514186729	2021.1067521598914	210.92638748099827	48.06197064998465	164.0
111	778.1974746720167	681.7110025306545	1048.2320645926075	2641.4891354563965	529.0864260945988	209.20244150555334	18.0
302	529.7082309032174	424.4342255610199	665.5691626071048	2319.9464833392076	256.28157929159704	55.59161658467086	114.0
19	744.6700475421567	607.4802873356402	982.0407992573531	2573.717650143404	473.6613361955779	195.53136010925928	36.0
287	517.7657990834003	387.64635915433234	635.3525365981926	2244.703610293778	212.42971803943152	69.17189083545904	140.0
4	758.9133295304215	631.3195288087635	978.5560327944441	2563.7676539362647	505.00133666622276	194.5789423133824	30.0
66	501.66938083763006	358.1851185158897	585.069702474886	1684.3565402138008	200.82184975586955	57.96102587298425	190.0
471	725.7042911163688	564.3414282881535	912.3747391031071	2455.5888763252615	421.51427234477546	173.09296320636398	50.0
289	516.9559411649808	383.13859597686957	582.8222911002232	1856.7336239181718	208.21906713522353	46.13521778518966	180.0
213	646.6981729818265	508.5675696658044	763.519731955944	2330.0755601900955	341.73568718713835	146.9157329100476	92.0
528	492.5244916212046	363.9580340262843	594.7604408362769	1584.8766183158828	193.59906127709831	42.986932645701835	194.0
380	722.756502798662	570.4548808007896	917.791737549711	2543.4417686021166	426.005859149297	183.10895616229672	56.0
428	709.7200433664295	536.6492097151947	860.2169451411512	2483.8519782738185	389.9784179013526	160.62485856435507	62.0
158	694.0399520109224	553.6098138279791	898.5598405490665	2470.9962954083185	413.69888226483425	175.29776051903377	54.0
39	555.2205278966419	430.8967376771172	675.3979649711703	2218.071660372226	264.0844928639705	67.52168454492256	94.0
36	526.4564518526364	423.62720448693443	648.5555544339605	2272.0053362532362	232.15207190399764	61.47591955350043	112.0
156	498.5667796552305	391.20125188704867	594.7676225536453	1843.0249377560629	206.75230090886055	61.66349577321528	184.0
24	679.6505042024882	578.3200124678413	835.0948737160637	2418.0197140642763	383.9300521592883	150.36756607788763	72.0
108	766.8099497225505	659.8381249385329	970.9012170767696	2643.6397482942016	483.3812224541778	191.16842432195045	38.0
635	511.11252688857144	384.25881412736413	593.3593771671615	1948.3554061574318	207.34859399786342	48.21524102071348	172.0
152	563.0872535841411	456.128527513183	657.6092682458839	2340.628997681696	253.12961347570985	67.80522277984764	112.0
377	644.6908617369987	504.72238863866045	777.693434285003	2285.1676398842937	350.35601372923674	149.87873074305548	80.0
559	697.4544766309647	598.3324984447848	928.1611482277373	2367.5477113137263	497.99250580263055	181.7166337875123	20.0
451	531.2456592861699	407.9453137643782	604.113604422318	1928.6346290271101	285.3192192850252	104.30221229316082	82.0
323	443.01774880546026	391.75514301094944	534.9692335779174	2047.6431409636868	211.64960149445085	40.21746763891824	128.0
337	625.4379153170107	503.42466943927235	781.8711816233542	2240.729156021272	378.5250270212831	159.13873873212296	56.0
484	613.1058464642432	498.88833230649186	746.6221412452842	2220.3881214284947	366.0357663963966	153.78265713442448	58.0
411	618.6716323041078	470.9349460505196	776.8511205071261	2131.26671250218	377.78458481970944	161.54613329144848	46.0
294	639.5635520002688	535.3358010284251	850.8209410209924	2215.769404503747	404.3124362762871	159.879114194839	32.0
345	443.8280887468557	306.5714369307896	560.533085761656	2017.0627288498454	178.39158930881823	53.46409208153346	104.0
202	437.9659711720799	310.41403743309087	546.939519232688	1992.0022744300225	180.4768569918504	42.81636821038771	128.0
15	428.8788699797646	309.1274635558244	560.0672968925559	2053.42411197267	184.54969622227193	43.32075251083982	118.0
332	435.34206727420866	363.33123662605556	518.9880530745609	1917.061938529196	179.25185793552555	49.393063308768404	156.0
268	472.82659124252706	417.6333763988129	580.3643404592111	2186.813011420407	203.98571229314408	47.27629274470999	122.0
114	659.9643445110925	536.191458533225	875.9011231330405	2297.655699721188	428.7501295062689	176.82366721381212	40.0
230	597.3803662800195	475.74248417760134	690.1011438698338	2094.091751474835	338.5376960710144	144.3025447088946	72.0
264	592.8755686739694	475.2504481673013	723.9694197929038	2173.3979791138095	322.8559147672455	136.5797846140742	68.0
355	411.37207281878136	296.5542665523538	519.482659450768	1442.1741254627623	165.18591200820623	33.1868484000638	192.0
503	439.4853408898159	325.15189006233277	538.9316314396342	1768.8257965700307	189.66926880489896	59.09926789839682	168.0
322	564.1496670220267	441.8025883432794	699.0757886398366	2207.6432414317305	311.53671878881676	131.8151536311087	100.0
112	716.586636476853	605.6184801699885	926.2519635738928	2323.638337235089	513.2509169162089	199.0846951335123	12.0
593	626.8499395195737	496.77834427966843	783.0428154877299	2210.1034607789306	375.5756584852866	151.69521551232572	58.0
278	411.1396865699642	318.27696247868295	541.5169987415646	1744.3847871031599	164.698246221067	32.93804296164707	170.0
218	694.9343855777855	568.8437156575496	949.2617489218031	2301.8083423919743	499.6674649592172	200.0741109302764	10.0
347	476.4985885018324	389.4891580040817	592.2076514064194	2089.827168066365	226.74824330666428	59.10792058791606	100.0
259	477.5058445815823	390.94928978852107	599.0516085625009	1997.7982893168232	242.67554460389027	65.25959278410629	90.0
360	567.249873158465	443.74051368102045	689.5571876085028	2098.891288445999	308.5895930525804	134.17525033450775	76.0
228	493.13595703502267	376.0126165529101	584.2267470697045	1967.517392173283	245.4141571447397	89.1468937443343	84.0
82	459.46241094759887	364.27272454411354	586.2861020999607	1986.3264431550886	208.1008967471352	73.14506891029801	90.0
368	609.614075268303	529.2520168832233	735.3321831888372	2198.8119325805797	352.2006019347222	139.74802258669416	54.0
18	483.9038839597389	375.1421491677517	589.075060608987	2100.2578058795384	205.8302360363216	43.70444406399114	106.0
74	625.4093861829679	526.954897452587	781.2499121418194	2175.2601339138237	400.3435436671176	159.51511136854137	40.0
203	451.73807841727677	348.5850729068983	568.3328955025827	2031.0131758637306	192.03913234769703	41.93986457450718	112.0
610	423.33842238845097	369.42265977055285	513.9326480844053	1924.8203178573717	168.74572077711042	42.5972693569281	148.0
115	556.7726086317465	439.0467648158845	666.7377011568133	2027.0153894567661	307.07000898225533	130.12379181529747	82.0
10	691.2463109468331	617.8742216370246	942.3309156016177	2353.116392759662	487.1953557467478	199.02949178073493	10.0
418	467.4773839773619	386.81666392206375	562.562740295759	1982.6061688388054	226.49540960507227	72.19792267326038	76.0
608	424.5438449254072	303.08772581905464	506.27785739397615	1695.8806335621055	182.09936310416884	36.72303812985545	172.0
636	445.75506569017625	331.16262474567594	528.1955019885427	1989.7106314273487	201.4246222778482	42.755344467415355	128.0
107	580.1447554191424	478.9634638078852	727.6974356338393	2159.144176869508	332.8839799204601	147.9618460383391	76.0
530	470.098026705823	345.35213974098326	596.2445502350639	2066.530463698958	199.23827059983404	56.732597222438834	110.0
532	427.9001642535105	336.8572490609876	548.9491400004677	1921.3424264246537	192.1042746665134	38.353126992952255	160.0
631	706.6638014242448	599.3722925924409	928.5933984978233	2320.6872919226817	500.40864725534476	195.0915883145968	16.0
129	719.8770665119202	594.1154733292802	941.1974654658817	2281.9522947677656	496.2963062145084	192.9863545694804	8.0
55	412.325308408998	285.90997317596674	505.03694005373666	1665.0474598102348	154.78601938281457	48.64037219567018	176.0
538	420.3883086785509	341.618416451587	520.3157372739009	1792.4628286596549	182.18789429894434	47.57607261582588	164.0
627	635.090949626917	558.144962048504	823.1002259747125	2259.051901069792	382.6996342171069	155.34979917568648	52.0
407	666.2214759014298	606.3809759174015	897.1854969432832	2177.1566512997524	494.2734797815534	178.69337538192698	4.0
215	435.8144495793997	312.4696928816903	528.3122279831975	1913.0714514122938	194.41218504276387	53.96043372212484	96.0
175	519.1719733181088	431.84250901188614	665.7516079954985	2037.640854769308	264.7808666230766	105.18363435141246	80.0
197	605.788499412529	485.4207669545082	741.4522719845306	2182.628123186967	339.70259345127846	151.0237639875051	54.0
159	432.8133192904522	345.0875883071063	556.0637939497207	1947.6902734994846	194.27440102059637	60.79083074285474	90.0
550	474.6707415969771	383.1395769563667	579.2580454408406	1975.6715858663488	210.69617433080663	48.378272008559875	94.0
58	666.9353431798977	568.6809676538977	883.0697972295125	2296.0439488249785	436.6278690845203	180.69898700713148	30.0
242	426.9625155566746	306.7740623972184	524.2464292188902	1894.4127988192652	182.99863213477877	54.19987634476194	154.0
254	627.8806855665192	503.78135815563525	773.6805874576098	2182.371437799806	382.5102953519758	155.0933353930739	50.0
164	662.6652346013512	543.0525680481727	886.5286011410583	2287.1548337767613	447.8113854213557	171.2592450533332	28.0
359	472.85611351853913	343.8960943193172	559.7364041490198	1885.4648978077985	206.2408737865154	55.994324294686464	82.0
551	704.6201264578208	593.5680489094102	925.9960719564915	2367.5747226057524	502.25511122430584	168.9373016462069	20.0
150	436.9598557970059	334.50702964696677	476.6375823496289	1701.2626267108176	170.36876353311075	34.47158673065013	168.0
364	452.27997247135977	386.4441458087668	560.8573804247903	2073.631105418041	193.4634007944893	58.78499404534952	100.0
331	626.2674661707165	470.47625666458225	761.7897930024158	2209.8035167529288	354.63534422459867	148.3886191045731	54.0
139	419.92567093571864	288.02676502855167	470.5269545115169	1256.4675856963922	164.03240885722914	30.298449014916727	198.0
336	430.922989540114	345.5142988914422	577.0273996631573	1988.8445779260542	196.3733759889667	51.30819043283519	152.0
86	624.2318864300778	494.654666909474	787.5410912645106	2245.930813009394	371.11032737728874	163.0138310959366	54.0
487	416.14812177450483	317.07653011110983	513.0037074744391	1656.3979330218058	170.88948295062917	55.71728591650621	182.0
270	706.0109700080002	606.376686526435	940.4701738666994	2349.747457039579	487.8910156634014	194.45100285954925	14.0
130	665.7064858458853	585.3486676049067	850.786436152285	2351.1154812697464	438.5428866593088	171.69116252015291	36.0
81	569.2005115661909	453.3113349896446	707.4962190985375	2129.292726915753	315.3795503590297	136.46612868540765	70.0
513	567.8103624428809	461.9383933496039	702.3509089433328	2182.120711266817	297.91704669056935	129.15864213308706	68.0
577	473.2395943383995	396.26213537033675	590.3153922963525	1951.9451673436486	234.61991177650273	78.62997182033476	78.0
148	438.27012054932453	361.66226838348683	560.5512232682858	2120.3978032276864	181.06911328702594	37.71318178310704	122.0
176	556.6714885224613	454.6792882821172	704.5928168294482	2117.860455705287	295.27773500216614	125.67564791471912	74.0
94	441.6175662090283	338.7376707968997	569.7845105729032	1975.9164485536292	191.105835741439	40.788760074057436	132.0
319	431.19786906554424	333.1740059042937	512.1917770304565	1887.4309540712977	169.21753682304322	54.92987212147007	162.0
408	439.8950285049544	309.5595478024256	539.9728371478839	1757.4753423015518	190.2596716298985	42.33515522463933	170.0
56	461.32746627923916	369.94730287173013	591.2975804353346	2152.8939482409755	233.37908019719515	64.07175399851043	124.0
637	685.3049557946255	584.6307661426998	932.9919610550861	2197.309320661178	492.65899397721984	190.4981666200355	4.0
127	452.17287265900484	326.5024773742228	531.4159144346063	1683.4937081556652	189.30771788136303	39.55004102191279	178.0
143	614.3975703273015	508.6942903862785	787.4822467963027	2251.9238339651197	367.4029971397542	157.49421106445274	58.0
509	640.5118723450927	532.4167668707601	854.4884055430936	2289.2113573963106	422.9795271035678	170.6384621363999	44.0
386	571.1197011207545	461.7028423826072	730.7030511539107	2178.969156334336	326.1585527049173	142.35792034818735	66.0
7	676.7337169974127	528.7541371569166	918.8897068245714	2313.2608122347588	475.3054383860765	188.50330320752644	20.0
463	440.2638694642851	351.17793648452533	538.952809243424	1915.7617534412134	193.16031411822004	46.40789004196844	92.0
17	699.3058642605386	568.9592942303918	966.5963303067953	2338.2127251055635	499.16902898523887	198.33409015641172	10.0
85	447.64506368875664	318.9638558733514	543.7816460549714	1980.0018815364967	168.05364899373183	37.60620025467532	130.0
72	458.8243009272619	353.3731645274119	552.6221550675563	2033.0939371744653	197.3619088744849	43.739143732503884	110.0
33	438.6311250282856	343.4721789441384	543.1136682916837	2018.362670251446	192.22502591361217	41.39200689909876	108.0
634	582.4666932131249	508.00546142055214	708.2302118963556	2172.859552256551	316.72100959797604	123.94662912705392	76.0
93	680.8674976428665	542.6561224390272	898.143858102683	2299.8115509192976	478.32431617475555	193.25953603227492	18.0
185	600.8969646040767	459.0239729982471	767.7415833812155	2104.683452847532	340.24881688406225	143.73941692880607	46.0
181	484.4085999470634	399.48096824865337	630.9572668945304	2083.5132850810605	237.04237983668762	75.03833763893135	68.0
235	592.7891025331234	477.51798932132283	740.4294831094608	2078.034589132596	331.22593773687254	126.91928056467862	46.0
28	560.8736428086825	430.2444248437484	726.3151109461467	2034.9068666200887	318.03924391577044	141.06319763194514	48.0
469	457.1919778264742	370.5360511243126	559.0835654943072	1979.445944294053	194.8457500180593	57.53312922370571	90.0
339	431.1196557089727	322.9234693685724	524.3917607329556	1903.1997330538597	177.03336198908212	31.727120412747656	146.0
1	675.5444981775322	534.7177629294436	814.62222845717	2295.1380987619696	408.61054207583555	167.67316682096555	38.0
354	443.34624464215926	319.484055027837	567.7567049965704	2015.8834020553388	197.6497668950478	51.0924190685835	114.0
573	416.7706489613749	284.4053015616521	489.79940147377533	1451.0617467466975	153.2730283306865	51.13578795015347	190.0
365	446.83707739893515	347.9800547280209	577.0387127831617	1989.2096379555298	196.38876582710841	54.890005328571625	148.0
496	618.0974553335471	536.0269134245818	792.0927482624238	2234.4486781590895	392.0746414081023	162.60013197142177	52.0
423	685.2528912569846	617.3712152157897	941.2343251604111	2219.7786500529173	493.0528409128741	193.6478037594842	0.0
516	428.6017249796277	331.9863055798971	522.0388871886697	1915.1283635270386	171.53215752963828	37.059837878739	150.0
549	456.48586204614867	339.2975346331313	567.5482951187465	2112.3908379070144	197.19022811423946	47.61866339627736	124.0
373	439.7390851857911	320.2888717534479	509.7062945936047	1482.9655642106723	169.56712292533635	54.36358077069659	192.0
492	694.3181773230841	556.4693321451111	904.1390324244555	2147.832451227666	488.33823817942096	191.7599735242793	0.0
57	481.97749567820273	373.03365384348376	601.4655954603102	2025.2482523485248	232.04259976546285	70.1244140330997	94.0
436	602.6284186261195	495.6798332699475	777.4771509175729	2174.4632200451656	364.8052713313156	158.45742306351053	52.0
210	427.91182319114364	318.07491466735127	514.9792398888949	1739.22318554484	172.34555057158576	34.62365019461646	166.0
531	583.136106059362	476.04197173946733	740.4838437711687	2189.7858647982407	336.2142786713746	142.96247007768375	70.0
132	441.9682902191285	358.0167449016187	568.5975919697198	2117.7447776230756	195.84139117120742	45.26937648540056	122.0
524	697.2615827167509	578.8258346616789	952.4432925223282	2283.199100348903	493.41926714783136	185.7348965568597	6.0
392	429.1706757549574	309.6051100926323	486.3599266273839	1368.6167674605388	161.50722485179188	34.47175372980952	194.0
5	447.0061608547291	333.9575792222938	542.9006669870158	2003.263474921549	194.59707421460686	47.49130949863661	138.0
275	703.7332908142712	604.1733113748154	953.4889107801106	2355.346535142479	498.403602313261	190.51782478345166	14.0
596	446.7109296121489	349.22564462326955	547.5980696631988	2093.3765027522513	204.1416568651182	42.40268108196165	124.0
361	529.1205493997923	409.1771987843142	650.6326222876116	2057.0261914012344	281.64759554796933	110.06516891525352	92.0
352	420.4937585396622	273.86602671845384	498.29066594610765	1271.2865055146087	171.90767176189286	34.770111156066264	198.0
526	444.8671615612851	352.3679068644485	573.4515557237546	1959.1320804062316	198.92838517916803	42.029261139181074	158.0
414	701.2597835973594	571.7931917087573	903.271550347615	2425.2899745163513	457.1493358787846	175.83365427106236	40.0
237	432.30996123994476	299.36510608769174	527.9116607296957	1700.6190058192565	181.48630676267143	41.10533202219573	176.0
204	682.141515933409	602.2815896913951	933.9336046124229	2203.788324012877	493.5309504589251	173.90887157392197	0.0
12	691.4458368542121	605.9292890938478	913.3637538064113	2405.6652405264817	482.6221699563624	178.4958004335338	26.0
232	431.9983982400039	337.1177165972548	515.8745222473997	1917.6138071560626	178.49951955804653	37.69021736318006	152.0
514	675.7048381581416	560.5257755654569	942.3837628319684	2354.6198688791146	489.7212317383201	177.70926120845186	20.0
172	430.5373177970348	353.41878792288213	518.3454850878582	1900.2857522272777	168.22070814163297	39.06180438694391	158.0
174	462.66232628939565	366.8875150707166	597.9276347327348	2098.744972636772	223.31907925339513	66.901241047224	102.0
403	427.66248271514553	295.2702444342536	504.49620428724904	1371.8950552181577	174.47403313891525	39.07104919836382	194.0
315	645.0151118021066	512.8477618816418	811.2332010228545	2250.665012299113	396.14422384618655	163.12272551225252	52.0
44	700.5889069453218	601.26747526549	947.2959140955663	2341.4218115854724	493.1108373356089	179.827045418495	16.0
480	628.441407879534	507.2404796198782	778.0351692892615	2157.135107025661	386.3204748811257	153.8674670903031	46.0
30	453.34969428037266	325.11700200947837	541.3950344617149	2093.046768487951	193.54288649838293	44.53979386728055	120.0
501	426.943793965517	329.2875104492529	529.8643537668198	1761.8636506750072	178.9549246976255	33.85273676810033	172.0
379	420.2938540370676	294.71977904928843	536.3197849641003	1657.5247694534594	175.7955880035402	34.787329194769114	178.0
578	436.7179783128709	324.59620867555003	535.9037610329054	1517.7391848525303	182.36708047285774	41.328138968773224	190.0
533	607.8994917096605	510.42681468014905	772.6239209799546	2236.4140011220998	359.7552231277635	148.69111054146126	74.0
167	529.8456532954004	399.42246932774435	641.8225604953412	2135.569475662714	267.1441932028888	93.91358406103569	112.0
110	690.1468788188865	571.9087613706895	895.9527591892318	2356.850582510118	468.20060514557656	181.23455725708715	32.0
520	589.1261368353653	446.5760097011961	674.3028774169547	2063.002397776069	304.5036213947951	125.96078445985255	80.0
449	431.1209854956321	290.340094656608	519.5103150376572	1475.716290222738	174.90610509652402	34.87700797349862	190.0
88	434.16587643336305	283.13093757822315	505.2378349978491	1376.8583767284615	177.47731379254412	39.86186018041339	194.0
383	692.0507390126585	607.659643898323	950.0296631266283	2305.085945812528	494.7499742229424	191.80082987668257	6.0
561	516.0713636785424	395.3587897656945	659.9997676050173	2119.199838385289	269.44413291689347	100.37658836667731	100.0
375	481.1721460202369	367.5594173842176	565.8964240022389	2025.6582317557218	193.7537154245508	60.21197099646975	150.0
177	561.3247049298259	442.3585527042088	673.510152982594	2116.343013232556	297.7272592765104	122.16632066026402	94.0
424	642.3526283399948	524.4123729759891	829.2449643405266	2240.4966261491263	414.6409698268878	170.85427266341367	46.0
413	679.5516677825351	571.5570905777157	899.3043032903854	2342.0685809570714	448.6458912946813	180.22878579699747	28.0
248	447.07529846510516	357.7633600370978	548.8788559689426	1680.7750778574564	168.76515221833125	34.787918958038766	184.0
491	424.67851936992395	322.25683649012615	503.44588739959437	1326.1483508381025	178.41930697921518	33.93267803726787	196.0
35	440.11571953613037	321.11540962844117	546.7955541441004	1940.2882304832283	199.28812243259267	42.625286508490255	150.0
402	563.047910244035	460.5068708725178	708.6681313378542	2251.7358559546383	320.87492370330807	131.52233541059817	98.0
517	688.0447562412389	579.5651161663322	893.5286542021407	2422.7317947875554	456.3216947694698	179.42797035586574	40.0
511	489.2585797413298	379.9102018202046	615.438974753264	2107.1334307213206	240.63600863389638	80.00418347096208	104.0
290	438.9156034607768	347.61420979843587	533.3391936772748	1969.9025271839307	198.1805033076681	56.7532570221163	150.0
310	654.8587658069142	538.309773400636	795.8195846473803	2258.5023101882102	405.5666977013897	165.77572157147418	44.0
194	667.275125950589	569.8521782338956	889.0409056042234	2329.4234118136083	456.1106422579226	158.69177639631894	28.0
519	452.20737420213555	352.47981632261934	568.6120446291986	2061.9713171214603	201.3451992319235	56.71102323041706	104.0
607	536.7377976610784	419.5489166287949	569.5194841095038	2115.3028216852153	215.1061346798393	45.144020993854866	110.0
512	441.5620130093316	355.7787978154521	542.4630712528269	1941.3502510989554	185.19477203993796	44.0211046846515	156.0
340	485.7869991773257	362.93246981284756	615.7512041919849	2102.4461062209293	215.6026596552776	61.762796662932004	110.0
123	708.0659174216115	612.7880771764295	962.106295604777	2464.4320624159436	493.46274917599885	190.66182392854572	24.0
303	606.5696595971717	479.39274717936286	738.6134575987463	2147.5911689986474	349.18856956899367	150.17084227065115	52.0
190	528.2630490510472	400.23691839938215	641.0635666158327	1991.7346570936782	268.9141254363909	101.8244194239947	78.0
102	620.4750088094764	483.0793963349077	793.1591798111821	2188.807290886356	366.5200788732856	153.08659098434256	44.0
569	665.614809100093	561.7702903264238	937.7811645165751	2159.3940466696213	471.44349637836734	187.80291876107674	0.0
426	657.065029636091	496.01746789360686	883.8755790298246	2077.7532271811633	463.5739902062202	188.91446049099903	0.0
613	563.0947538011727	505.5580539971403	744.1016810598679	2156.3166114923492	319.64022057959767	127.25922555078635	38.0
296	397.2813608280028	311.7692652271599	489.2854915164765	1768.7799066351724	164.46209655593827	37.89585589125828	80.0
470	433.2641330632145	334.48989915061577	536.4649119680533	1993.6897830168493	170.04001706957143	35.348033203535216	102.0
224	584.7249287653593	472.85106018851826	715.1900286400909	2109.872230445229	305.12765307071095	135.28357091901583	50.0
236	616.7139470566883	486.4499076980668	742.2200167490313	2172.0511499755207	363.4757778937613	155.15457461756847	38.0
353	424.61151912921906	339.0134360652135	538.1506089300367	2001.0586180181836	170.81413344957775	33.02879499032393	116.0
238	590.9119428774102	457.50592678855594	766.0924012198691	2118.0981916946635	350.3905086783718	152.016132466233	42.0
566	413.9090358376716	310.28473033950456	483.3484539139427	1575.3585004435085	153.4774194222133	25.95830862567435	186.0
632	512.4971805345067	395.67812104259303	663.0160362398117	2060.942204066078	258.03662581677554	79.63886920811244	84.0
448	671.9677173120128	562.9369787897828	893.6017735001374	2349.4890408504366	455.3028739218608	180.8865588335924	28.0
227	489.0447577230572	369.121015503013	614.053856230971	1970.312053045081	225.71576991517475	71.55223991613725	78.0
540	612.2814368278932	502.00571873516697	743.8687326933521	2165.097737043584	353.76250301834983	143.3390268037058	48.0
625	665.4844928647432	543.8332043727227	901.349292105092	2318.736842722935	448.4059857766287	176.45933097356942	20.0
432	456.3304932202981	313.7830598332622	572.622611280281	1942.523182622245	192.53319367754884	55.862814036540044	86.0
221	431.2533464425892	305.7928843175867	527.8594939605665	1676.1472682649517	146.97192855056448	50.61198589409258	180.0
390	684.0839927399925	555.6400069261988	921.3300115041075	2353.298236025433	482.7853049220697	185.69276335549097	20.0
9	460.2922770779705	327.44146718877363	541.695797778968	1958.878045478941	182.7835364231554	36.39462956433118	150.0
554	480.71720697513285	403.7770934207058	624.6273530466914	2062.6299347318895	244.92541629229905	80.14097755616748	86.0
26	441.5330368053709	328.07783759676596	541.3228983134563	1985.9727994669186	186.96600306229075	40.212524268368135	130.0
22	669.0732373515896	554.8747866175136	927.5083875142944	2181.946450201945	496.4523607864296	153.03188288295257	4.0
31	430.96562890616866	314.38784154668446	538.4870953590042	1895.8347922322198	180.11798041836136	36.87347771589322	156.0
325	453.7958086777812	376.8228677235732	565.8924464337525	1982.3958867279193	180.09311178180553	40.54745935163277	158.0
104	598.5733380910718	491.16752340718216	783.8854609143216	2219.061091053794	357.3807452471666	151.8692250794724	60.0
605	451.3141820666642	323.8455778891863	572.8628647682534	2096.7911208098853	197.06017532529796	43.33302438951939	120.0
234	553.8498744458013	435.18344677513966	610.6827617681463	2192.884986684771	200.9355253815884	51.000149491656366	116.0
272	484.75416376187246	361.6595700344158	588.2860769313761	2081.6097275866978	202.0827123165683	43.94957325887176	140.0
456	566.0613252653114	462.58039429749607	647.8125534944253	2208.382979758121	294.93018571935954	109.16262300114452	102.0
2	697.8808542235735	598.5418420026821	941.3999449314217	2307.206944550026	493.60792283593497	163.60425985349696	8.0
622	430.05994828895956	299.3804339727468	503.7477031782959	1387.0483074656775	165.22643778090875	36.747126279234024	194.0
443	470.1083609503124	366.71978869746295	578.8346857811972	2018.907001292758	215.95210701114655	44.81875159870287	148.0
399	695.5223887608404	572.9020146179873	971.723422474472	2392.6732727905246	495.45207163643386	192.83993279035477	18.0
29	686.8352546376942	552.7998356339881	944.0611930412143	2396.6129505271533	470.66895512485326	172.37166314787476	26.0
499	644.5449398282661	534.7338190848436	888.7171352376315	2297.736062442507	418.86955975834377	169.08859017314256	32.0
96	642.675516216966	483.6974136939802	785.5891204952637	2186.5808737141137	370.69795602928343	158.18644529532443	42.0
214	626.7629588136356	547.8217647800043	815.9450253984485	2266.6199160573715	409.93728952644807	173.2020253288996	26.0
388	431.4652165725429	314.06262335563747	556.7513487251206	1685.0547812933082	148.37269179816187	27.4828856018777	180.0
483	444.67273336556514	326.4810136714041	511.00854804694524	1681.4538826116252	172.7872061376199	34.51130748429561	178.0
460	446.52422573499257	350.27988212481927	582.0436849042286	2042.7862965435666	193.80852416407748	43.28733761341232	130.0
507	470.8921178952106	382.6871271159866	567.3442283480474	2058.4157408339183	206.43579950415707	54.19053391692845	140.0
120	448.23403983487225	325.33635304537853	571.9193197477271	1839.8374488421853	202.4316108895663	43.1740596577305	164.0
261	676.9302209724547	594.565697644103	894.7824640452217	2412.6881392136866	439.36178396200444	175.99673643365756	44.0
64	457.33808374640677	357.5942913038571	581.0178654616905	2089.171845031778	207.013334193342	48.43437953947223	136.0
582	490.2987429481734	362.6516115078204	600.0208037661437	2179.9975763618895	203.95586203617324	56.69615418470445	120.0
137	492.68798445916906	388.2875427850013	608.7938879742699	2127.825375052715	230.24334270583552	66.45187880224512	116.0
