InstanceID	N0	N1	N2	N3	N4	N5	N6	N7	N8	N9	N10	N11	N12	N14	N15	M0P0	M0P1	M1P0	M1P1	Class
137	737.3400915495703	281.66237956074275	31.86701432568712	216.67723612659802	829.2994916737547	431.0985932979832	1004.5455530815861	443.06362107319075	429.0846974475744	25.107110795675744	278.2048283272333	43.44310013738852	45.85245465040568	346.2675951535174	200.68128065456224	380.68486653747055	36.45189048035168	3766.256370626837	354.0497656206076	13.8
10	818.4111494290864	333.93398354405514	130.99041545762628	306.939264771955	1001.6813682251029	615.4656200831741	2030.363569837702	571.7010781742717	634.8700498513336	147.58862083321836	421.3236989300438	191.3099578314138	181.17655640268313	903.4084826499819	301.08633728122663	586.0215418809834	210.9377706187281	3996.285059800779	491.94782320708	1.1
9	524.9471862465209	350.72179753838174	127.53778011977073	244.1190624066957	695.7280252549607	508.49181818199474	993.5979661244965	422.0991693780222	448.8250491324103	136.01387245310886	269.48907479310895	161.97908278852063	185.8701181129013	476.15435613859955	230.41122530075288	415.0163796420482	221.49671165229833	2461.1189766533303	341.70059651734005	3.0
100	623.1553926553929	209.02627637791107	0	118.74833760813155	669.6382026042921	373.5283639061258	1774.5900379987816	374.5475499634045	498.05909977416474	0	280.6199998680418	45.79727572334574	24.74872586283303	703.3173449642791	57.612507105234215	333.6024966993508	44.58707440548281	4291.832577822082	337.96381727336126	10.1
105	744.7194702888065	286.64636079182014	12.723611111111108	162.07294563717033	821.9447541790416	472.1427555298636	1487.6924131444032	460.5916248730373	411.8802147715581	15.575490377434045	321.4087525254443	56.634333740379006	23.451546404223052	610.5741656670508	187.1257027842525	369.4616381539151	20.38530154997017	4384.996982260555	355.5253063362057	10.6
153	606.7613644037073	171.94520538680513	12.791666666666664	182.15762633135088	725.2737953544497	356.75739349946986	753.3452478780299	418.5267116216878	351.9261823637993	0	184.73880727685423	33.22277640458253	19.735895745428977	266.05294070511735	168.22086925444938	315.2716097397843	24.022827622238463	3152.2908479438347	332.821597638483	16.4
14	896.1187311024132	406.1077476467559	120.03677453066688	310.5226626411378	1139.0300180198276	624.6821279666196	2405.672640978332	577.950127143385	760.021804161033	133.83201722463664	424.3938327250275	171.3601211656299	145.20063015457913	1028.8958519051691	321.47519307716783	583.7487547054642	195.9147963100667	4523.980610546335	487.6154436886177	1.5
177	745.4617421148264	254.58253216902256	12.886501736111107	169.61338053444643	807.6010058597867	435.846074984719	1144.517952960808	447.2525191741347	370.82437756615377	15.665009590669294	286.1553897325541	38.21855245353914	12.551105967078188	323.22061612584946	177.70344999655126	349.6500974377251	7.8059859307749955	3365.3464432724854	320.5781153400083	17.8
43	800.6075285507087	347.9590511888128	113.12329809113815	283.4862166769722	957.1037543919724	555.4527747190434	1268.0548737110612	546.7499976561813	641.4382934448046	110.31959900544653	343.324181479908	158.47341494021302	169.53956311413808	593.4261880322216	200.96422170563145	555.6739321334763	184.282808636471	3659.4540724738054	445.8929764442899	5.4
167	689.8022604391156	171.8676459617109	12.92725694444444	164.9956518596762	897.909204280924	404.31983577101795	1290.7168411684613	444.87484284271875	375.9711910824706	15.659189081355578	220.8762870853243	48.94052588691118	23.117876532889976	388.83810379162475	160.0853325220981	352.56452012936955	19.709710381464422	3594.2265249685197	333.8236168446304	17.8
67	885.8420476772623	395.0449200302767	109.25405191185321	286.46092480875717	1001.4877373111667	576.2794949664413	2483.6192610314474	563.9568025166352	750.4682493868531	96.98469446661375	408.2834062381484	136.90209996471714	138.74313396071915	1111.004425457728	265.3688878024902	536.4292674279689	153.69781219271644	5296.023431197973	471.570634280233	6.8
111	733.3826013935509	228.14023432088774	13.66143818966392	177.93185341911314	807.559402905	428.16202431133	1319.0378367104481	461.7640435469093	334.62539151449005	9.070136069173401	259.6762827461608	45.508921910859826	32.68069240061529	342.1050639250489	173.07576818687295	349.31250491965176	12.878652941202812	4284.2848733803185	318.8873045636877	12.2
40	623.4340748618295	376.49933694789337	111.97387716367587	241.01796144904824	860.5751344537612	551.1305809922118	1276.8452747909948	510.30148001597837	471.6941426474867	124.9136348090532	345.52399436375885	174.14918228452595	170.30797248764657	499.7414798480056	247.4009030983984	533.305908275819	176.88101499968198	3341.815717950978	486.6500711597573	4.1
15	910.4887845963323	405.37702900633684	119.88706614716742	281.0765367574778	1013.9982685348746	640.3866720903362	2301.654296363575	570.4505083235407	683.9118855522414	134.06995131118393	424.56637551285195	174.6709223497041	163.79409061564596	980.5250099653973	323.1750839062762	580.6381485287806	193.85772558387887	4458.84179394617	487.8939752061279	1.6
139	689.8668266255451	199.27373183089324	0.19533336783207633	156.24607121587195	805.7176754530744	405.6790882983309	1364.7223945117203	420.28357987898465	300.45831922020517	15.741358957826177	287.2544720287315	55.572196631437315	7.254125271353891	421.1634440823639	97.98400355844397	377.57468174428703	28.741367289273033	3965.5120472230406	314.3508566202625	14.0
37	680.287158127551	394.6251755168987	116.97802101414663	294.7627854010978	1013.0760065448853	567.3109192424499	1297.8945530367353	565.3718877368073	514.2919711068877	132.66892971071937	366.7404820718925	176.24450989220438	173.306959687002	471.315723264905	252.81398345675882	543.8153517388281	196.97941387439616	3451.3914488139803	485.8739527568506	3.8
41	790.6130686032118	312.1009110304134	108.67701003829015	260.96921327253665	937.3044333612568	514.7337234104464	2463.7837187217865	561.0714265708026	672.0008257960235	101.3797625238619	312.07439956922394	152.00536088496534	160.32620712010052	1004.9032564433169	227.81952708955433	525.6962120757204	162.01117947413638	4761.8158350653675	418.7973052694744	5.2
82	663.7319890819704	192.42852614849565	14.18770532745401	224.6053084721648	810.2861555075366	425.34406836170785	1154.8900690954645	456.23504092062683	372.1052746310776	16.894915320497546	238.87580199583704	43.57467425435292	29.198044490232004	322.1060170110747	197.73416130591346	381.5552287342918	27.206494948568203	3940.0394937991587	338.26386814114494	9.3
73	585.9781322439081	332.59766791186195	74.09740334897985	201.55802049371826	897.9796317624622	463.9808824269383	1241.2636332324723	481.0614729104087	483.04981765484763	50.76215482611289	235.8367823198416	92.30703938602903	87.21788624240571	452.7388017477749	227.6981513712273	459.7439712419925	86.24388912486377	3697.8850542257574	424.88331049356765	7.4
150	734.5816114805663	256.9907885023862	0	159.42249815971303	795.8714530386388	391.2076507806219	1570.9065702120156	434.1219582186872	367.80066294402104	3.9421148094727867	270.97221928679494	27.465757486240452	19.72859543010753	534.3312479671367	93.1519117504147	348.2809527831833	23.816521066104514	4019.7011267064463	336.0065742842966	15.1
57	759.1585602664629	396.00186177747514	104.74940646791788	293.8180197912444	929.761295866378	562.3979514633027	2317.177837706736	545.8742134097077	467.3604480174734	95.08754452075871	355.16021187946194	142.63571125832738	131.13699915182264	819.340235643083	278.86395909127316	506.9411250528276	152.66427472473384	4878.624882554649	433.1023452332913	6.8
158	732.2510969893978	256.3543441548632	0	160.01917966234709	930.454959892094	402.6279590704796	1339.6026475594092	442.78050308568936	423.10292527895035	3.386260398936642	272.65049637389205	26.903674928851164	15.245912524366469	359.078479274662	79.16727492906091	349.1904707046732	16.022764314875538	3770.247984273037	321.68391553183716	15.9
28	826.4133128798226	384.6043867952989	114.61055969963128	309.9452080275663	1171.0322468541005	602.0943090108634	2548.536088268604	584.3872623299994	809.5658493676532	121.00693520686981	387.6146569495488	168.62433474811482	186.3478702075573	1062.110343389074	293.73009152008206	579.7695400778429	202.40418438736256	4853.180908061145	493.6946074166188	2.9
18	733.3494691517128	377.4194019060292	114.69471496563632	295.6460411103586	1078.4366988977638	547.1514442449936	2343.1115908086153	555.7668633733227	745.0503160342798	126.05095493912422	382.101214604651	163.08476450303428	187.03036988323444	1011.468547890573	265.6429370835802	521.1620303604558	224.55873826813882	4327.795358260949	421.6604284193444	2.9
17	612.3926673074362	351.22258468377186	120.29184023547379	303.217367496676	922.402006709281	558.267747748889	941.2399205961619	527.8355789502507	437.27670486684	127.70859589773512	369.05480722081234	171.21885748075485	140.3059274440825	459.32937147098994	259.0592993937939	512.391757139811	185.1674184408551	2929.9555980014857	501.9636752131062	1.8
83	758.4431717137891	285.6557624373582	0.23216532911585597	161.26056965317602	762.6064931968609	443.5420277830098	1638.6591435331193	428.83887061541463	373.24022507687255	4.7377670940170935	278.9650257563184	30.396194910073575	37.75322988375268	299.01254877485957	103.09749857877965	386.5794760853475	46.704349956967306	4375.75919180896	364.5545391846465	8.4
90	687.2686745726357	211.24758333707635	12.781057098765428	207.50425470811743	842.2354220672426	433.890275054716	1938.5434274043173	459.0250957399049	553.1597670815996	8.84340846454006	312.32552670803074	37.78583349484752	46.51973824997652	803.3055460358545	177.75275696219185	376.08963256846823	53.93083130884622	4787.805008532801	351.3393741037714	9.1
147	509.4120274621564	148.644020970796	12.792844742063489	193.01654064819243	764.4460116835437	325.38430413793753	1250.9295026067555	448.35149923959966	339.4011374276401	12.978798535155057	108.13562765558899	42.41185469987243	24.881210316235748	241.56697724226487	155.86369391937808	327.60601628126665	38.25754867313239	3533.2197300847706	320.7653900806958	15.8
72	784.4729097285858	279.322818448813	85.94805773529893	276.5831705158022	977.6251709478654	510.56480431090546	1908.0639331440777	547.2617967056665	555.6248323230607	81.00998628263767	291.3039798611429	121.22778437877886	111.48336632166844	456.5351814287377	173.07568104047215	515.8003720252058	122.65133547331898	4408.779721302516	443.9449093127217	7.3
49	722.3471106094527	334.38314093221146	114.54533688361781	241.15290500449106	703.4084587517008	586.1713093590099	1931.8364503090604	477.1824268073439	530.1224615589231	117.93467465669987	431.4387342032895	160.36027251670586	152.98640220534944	509.83104854998993	256.9738275712751	537.0754321436797	180.93907575324752	4107.614664287646	454.58261678848737	5.0
19	822.4303441518816	335.8869918631672	112.79287976425343	282.24709421688146	1102.767505740626	533.1655390105238	2398.57657638735	581.6447432239911	758.7472173980276	119.04067025321758	336.6601099605038	168.06974982028322	186.62318886123697	1004.2002337503145	279.4372788135497	564.1212522935676	193.11639855501832	4507.249238303046	454.6278445385285	3.0
71	739.7388583379948	190.7361300300494	16.724404149392345	177.01452008118144	882.1839384286343	453.2956848017701	1662.7536375235775	489.7633022256845	388.801774901495	21.703460161195107	253.75613018637253	63.25773662965061	37.92127856563997	318.431558284444	185.0299564439333	404.4377633624989	41.81022801281793	4435.921773809376	323.8713179171492	8.2
76	506.0535590003764	224.56472086805212	16.214717518688868	201.13928731631248	620.9654962822419	370.699612550646	1000.2267332218937	336.0385531912244	366.66526593954967	2.0821964970648166	165.38657068905047	32.66888047134924	41.780896745108265	311.32964520571346	147.15629394545027	308.0498959408895	38.3556552625525	3335.7593407637128	276.25477047933106	8.7
80	654.3590914842898	182.7931572637016	17.35862779934852	221.56325364058492	864.8216871668033	408.55152141296213	1994.8140517535155	460.47668994007677	589.0964257883768	17.89005006360146	235.57264799165097	51.86427308292043	53.07115413237716	799.4900751927514	203.6807012890397	388.0895336450173	63.16695003455304	4794.01002850719	327.0996680187859	9.1
98	484.51136496766543	176.6390805404015	0	188.63393815434557	783.1121305058608	270.5869961111757	1107.5298197100526	401.526379263987	364.5026665890751	4.796430498231927	79.77608151188849	44.95548267511623	29.080370979531057	375.3239436858029	72.00683308107449	276.7697678222907	32.2757110592547	3417.0342403588825	306.51405689361826	10.9
93	744.4093904751957	279.6044590383474	15.062440666029602	194.3267535561803	812.9029782638196	455.8589994114052	1087.5386267528133	440.1632622192483	504.1166798212117	20.025007053269384	310.5792989120321	42.465541380655665	29.187570751490913	476.30411131291095	177.2477736739375	394.2206091590995	44.75733352663546	4038.133457568539	372.6185767395731	9.4
103	460.51125476784114	163.29078877225578	9.751196509009008	204.21672777998734	724.2764258181943	250.53549989239485	882.6646121945215	443.11608543703346	315.9938876796304	3.961837982418876	83.3175700302135	39.81688468648901	32.24802587433906	262.61874381926714	151.67672496610177	340.614108739931	26.125304348423242	3261.860689286212	285.712940274385	12.4
118	699.8568321108288	267.5028697395107	0	169.89746680512454	818.9391279064328	406.93515450185475	1452.2490604808418	482.96757653960685	376.6564382171948	0	255.1245542921406	44.60535623003988	34.65560574271509	311.092798935532	85.08066370773855	360.2790942555465	37.84027218437043	4274.891735507099	353.94085011023236	11.9
157	664.7246781286519	215.87567109216357	0	156.6945836298725	860.4316895320638	399.3610950226078	1321.8143652082522	451.4066392134739	408.50374743335885	0	212.7194689440774	34.31277377136751	23.140291256901317	341.39637876259985	80.0159929667737	334.60744890684464	19.733363858363866	3651.476706063901	345.0433607840264	16.8
149	780.8281868734367	256.45100405299047	12.986167726327633	158.8241699561728	780.469192283031	421.247123013399	1574.7175154118488	436.0119354152302	576.9739224473077	6.827927587944163	300.1216498518599	26.977306348758415	30.294231246712698	580.6730612660266	184.52311015937676	386.63037992171087	34.477220072117255	4181.021336511404	346.66841923426597	15.0
12	880.2352073786802	413.9959070674548	114.8195226069152	313.36038378762646	1038.7077327063553	625.637774472082	1342.4603078126936	577.5697482887947	594.4493652139931	122.10317135724516	422.3951293338455	170.67511418217535	145.87211201558995	506.6577662526311	288.7352921882177	593.1149575561506	188.24601069987304	3390.9384852951976	488.8835694432448	1.3
48	858.73663060029	381.5805500712745	108.0902936692582	254.54269941070388	977.1613243807413	552.8417129032005	1348.46150799494	565.1219562025078	604.6083928051788	115.68489712953247	370.70109440087833	150.11637878803597	163.55311141829807	656.7579779420665	240.20255869486027	565.2142741126472	197.55040111604475	3783.1326097951282	478.6632833385937	4.9
172	679.9104218733432	207.18607948489856	12.806363049095603	172.02924719919943	812.6432296798733	420.73867000738954	1242.751194009163	455.49341058021434	412.99374784028294	0	231.5916445690125	34.29438471367228	23.125720245804334	299.98294014887335	163.70393930416628	338.26770049342787	31.761345844089025	3472.4585685522707	360.10099791375757	18.3
23	760.3828674789311	417.161654907422	114.6945323426972	302.68109673343986	1059.6297774894376	611.530026612708	2382.5589572585613	556.7703214608501	664.3931865451227	123.94025559632587	412.135166970668	164.64631995911438	178.05677937635483	941.7577402229168	307.07892892739636	546.0650435750345	189.4370687785323	4532.490854749036	482.06861867116777	2.4
130	686.7492058916457	193.9494319194165	0	183.79326362772693	932.1929006237804	410.66750657802123	1779.7490947299596	464.812449390437	498.29962082750836	0	222.39474077713422	34.29661458333332	23.528984629130292	648.8073903715798	83.54407801353359	332.562085184991	4.915625	4426.659016757358	342.4836363133163	14.1
104	801.0591538348486	313.6722031300628	32.66565604470073	205.37180477039513	919.1558390731935	487.51779474451286	1285.0481141990933	500.21802577533384	383.1411297834999	44.3972630646853	334.227584261591	70.60361806283187	61.74284617523163	364.0370339407978	200.14337154710918	424.88285719348556	44.38338418837231	4171.701640043706	371.9377373749641	10.5
27	853.4889416970565	392.5253576247611	114.81726010043826	296.03216812746314	1162.511867735285	618.0612193913156	2557.356957634036	592.4009604054984	803.1626726951389	121.48469309215714	406.5084446675914	157.20072308245213	149.72536358750668	1068.0354673012507	298.98357567053665	588.8982483695221	186.6578752112867	4856.332067661596	495.196848620156	2.8
91	744.8992561546061	269.19389349309523	33.98787787679126	254.76804598462886	887.7210667199743	461.4310382416108	1962.9163560567556	478.82786205594164	565.4190606962184	23.86721099142383	362.74748104441557	55.21915228752475	45.984505514562976	827.5310464239857	201.739779501067	420.4782792964371	65.66910391922359	4852.826947626628	387.4652182896812	9.2
164	729.6517720023346	204.02007035202553	0	151.2826672037029	924.9583217741106	384.9900849104337	1362.750120042621	447.6854748849282	377.32957103517805	0	233.5760469790906	25.684473025321232	24.822362182408664	381.36360362904725	81.02063862683707	361.9824164774458	33.79340589334872	3756.376288511256	317.0698047559037	16.5
33	727.3864087464411	345.215219544369	114.07557468350659	322.08992494151954	976.4975202633568	557.0324258790015	2019.4395973826668	559.4663312455556	503.6758701087006	111.50760001654183	299.9593716220997	148.40877386408923	159.19953727584186	400.533975243207	300.38047703475587	533.2377054435417	195.03613572481004	4120.775925854374	454.2726683727836	4.4
8	767.6606443934417	358.9766869200168	115.26859952504684	283.7658199991199	915.1037457850823	546.0609129738008	1021.6810379274755	556.8472960749281	567.3290470501607	127.65706952439093	412.7991856631984	166.29624534639214	133.43082392248635	589.3674523968467	318.9041296025056	545.2914444999146	190.9217805316432	3098.452546032256	469.9288956720082	0.9
160	672.7408792934721	216.32017390090857	12.813234508547005	176.7365543315955	851.3747360272633	429.0730107420214	1284.6121977165817	452.2260449191781	428.2532426786417	15.6999769385192	279.72380125064785	49.529133511516626	33.550422377054204	375.4739851111535	170.5287823586654	351.8635222782505	37.5671397414896	3682.5405030621787	339.5625422115583	16.1
32	765.6427264975185	419.915167344176	114.47552394081767	319.1069104197496	1127.0628080983442	597.1496030948741	2589.4452098378038	562.3514337254899	718.7959981400551	126.03067157343101	372.36111095850293	160.43996142102876	159.5486272944916	1075.2534944457657	261.5565172798174	553.3437839335387	207.92134204046775	4830.879424391296	455.0347055125537	4.3
87	687.8536681302911	277.9725839405796	28.420675464600862	200.5497586872168	840.0368356473148	456.6516441069834	1932.7960401321875	469.69522808608	528.6924480995368	35.26157494362739	255.78229666364157	71.8885340770403	60.124219892056665	802.8883879846597	111.00740825275831	406.5596468524413	92.92494912656286	4640.258612018625	393.60657245188594	8.8
52	500.7061049406047	350.06155442306175	101.09569401828422	281.97605065399597	931.7605494690914	525.4840006461062	2435.416018029449	535.2218322359713	548.754912457861	107.32927960039949	302.4156115593869	158.55690987852105	150.99068918747696	1018.9680151184654	231.86612143943418	509.76942167599367	189.14815495008574	4729.444367128629	471.6986180345368	5.3
54	782.1721368698969	280.2525656994066	87.67544189377448	267.6346108137989	900.1358231030342	528.9951235869681	1199.0282966488328	500.45037192502383	580.6900708828445	81.4459091096499	294.425302562024	123.02405758369869	113.4376671094495	488.73252613141835	155.2205162747979	490.5995694812281	120.91470034504404	3719.7957676984843	413.80935659475233	6.5
156	519.4564190482355	247.5050880598077	0.23384474986582382	172.54926085390338	863.695581324288	343.9704666573325	1563.5332055060283	424.28734896779235	382.9570264317214	0	191.340636888762	25.33830713937621	13.489669318863395	624.4304499380225	81.4394889080355	285.45804916078873	1.8291057504873285	3819.1332423687168	343.19588524403605	15.7
122	840.9008507216937	279.9130342235671	12.821240421455936	191.8529228127264	958.9333637326661	469.85071702579705	1631.1420754711569	474.41667576941853	417.67281099110187	0	337.8807653201213	31.578814349015456	20.750156205832138	473.50424819318613	191.00078386818464	392.15889300815167	39.72863277393601	4756.396249469931	329.0390507235535	12.3
162	740.7241875646488	278.7802335104378	12.827477636534837	151.67408267873876	817.4084588926123	434.1142293935178	1295.0873568437505	452.3448049562379	377.17944840989406	15.712875441906471	297.17787527098767	39.22322266412869	9.866648253367003	329.22092873828655	164.21709355189617	348.51368823149653	0	3723.321811136919	329.0648114353805	16.3
107	826.8596999050134	324.6305631395741	53.0320413520996	218.22737730373927	1026.4838194854403	514.5868058416155	1667.0835115857574	509.4739226929928	593.4118263460537	48.23109111236002	349.06260579654173	92.87722434349293	75.79736024480137	773.6747384706742	213.49830935135404	461.7835831620784	83.8283809539387	4647.027082180552	420.5684951878832	10.8
121	756.1956411392568	233.56342762594167	15.193200642041115	180.56350202610636	998.735734363936	438.68978092530966	1730.6136488338268	500.70584314360576	532.3072769797747	15.109439165096148	280.10894552697	46.80837932867959	31.4976346764081	638.0807025681409	182.6517951379053	387.75332043628754	38.94696959344038	4855.280776794359	359.0139110226556	12.2
35	744.9044486275643	361.8653425738664	106.80793149532445	316.6509748579986	1034.0889878516668	584.1693107492983	2155.165500824007	570.5428310827328	581.5347681270106	104.8666752192586	356.449468797568	148.38388480685094	160.37620714737596	539.9299357352147	248.01710327488948	564.882851728324	181.81990112349052	4330.33304451278	443.43835069487466	4.6
42	805.0214901678193	329.8303963733448	107.05143594525919	271.9365874792019	1017.9408502187337	555.0998568072615	2125.294769516164	561.0544902506048	583.4380071823075	113.58769289308407	346.7970847983856	154.56973077665782	157.0271419624258	511.76959403118383	224.1894757057048	557.4343690355975	198.4391292588128	4367.010636945834	481.65025749327515	4.3
179	689.0286516471895	233.3880257549319	0	141.4226110691697	696.5725724350218	396.5819813541668	1310.5847639298793	405.02976564702044	508.6348684164712	0	277.028519840684	24.237593874947382	23.373532847968967	489.56609391938684	59.850679287940466	323.9551444060018	39.82447202500895	3409.261855957222	335.8355521275746	18.0
159	785.3785575402715	250.0190353423316	0	180.05009372680894	934.4758904569748	411.92182400983506	1458.8468384053554	450.25069381454546	375.9145050235901	4.4604542530951115	276.7677393863341	27.972724838412564	23.13988278466507	423.6484838491778	98.48155925031429	372.4324654237241	26.707612716096076	3930.3916591299317	327.2098595704427	16.0
45	856.5552035756735	334.8468761468733	110.4297530747709	316.1169399210645	1055.1486278894906	581.6872045177394	2567.370673286134	576.6003484778647	699.4200918749109	111.77686325435583	329.48850977781296	156.38622344836057	182.2535338421324	1075.4021646708595	266.97782606969946	570.5296824057841	160.46326658535654	5093.970745811147	441.10902247258304	5.6
44	852.9981219477324	410.7232708927	107.43515709557485	300.2204769582235	1055.8917754182132	611.9120669787421	1393.171380201623	589.2028333813561	557.0889221722907	106.30631133473761	394.2780456347944	152.31560870105886	165.83158272365458	526.4100230225725	229.12733323577075	587.7307857972781	183.03178577208666	3811.4552382853576	496.42756889977693	4.5
92	797.6810444004367	248.22523823087235	58.46777268481191	263.23660966298866	965.3131490335377	491.8191656070285	1541.8017075119621	505.73347311133233	582.3016323804129	43.23307955352196	296.6342018793861	76.65056626821924	63.99413673030068	691.0617900334445	228.29744493086847	480.0822362585534	72.90916314648571	4408.8889830286835	407.9544674274418	9.3
125	757.9071053765632	271.99854885557744	12.829257246376809	194.54269693097817	899.1941296032875	473.2944336729582	1452.6631073276476	454.8745495016044	387.0772725389127	15.713483605623042	292.5185977103856	51.080554106830824	25.83044547705602	407.83693013712883	167.41403395421406	372.487861759231	3.1492552334943635	4361.719000580022	357.5018244932134	13.6
79	619.6596771760211	276.6965778246145	53.90845991044792	242.51464581961685	883.6729663885307	380.6096621143746	1125.692854432388	476.7327922610299	459.8232121225225	48.49097338207158	203.87322497699475	77.5689374565969	73.23957872386077	401.073116829502	194.78880557034017	413.44737303631354	70.34298884292552	3773.3470793593397	359.1191971045961	10.0
101	545.7495755068983	197.2798394223255	0	178.41610522721763	846.5195981386845	315.1338467642642	1432.8860853729448	426.07928721163256	473.6182976015664	2.0835990479916533	143.14413227418297	43.56281441871435	41.47285479416409	627.6277702434801	65.2969132107045	294.2630979248792	18.644666243815305	3955.133664910301	303.624454327835	12.2
69	801.4806112442786	345.5137221947458	104.49743083266486	295.6717222308702	911.3148043921703	563.7519888640467	1230.62453351683	524.0723056083157	583.7705788559825	95.66335107443756	406.911575491527	131.39386158514688	129.38860020261947	535.999169421702	252.43073235347651	526.7869206928688	146.46400560979345	3852.1716271733103	461.8082015909798	7.0
133	776.811287892608	313.998612312939	12.83442732115677	189.34673289432416	952.1144670276383	495.1980354147717	1689.8941121411503	491.54063565248765	613.5285856613198	5.464649399547184	348.23958135520155	37.96659579366714	22.26886522631178	586.1749895592698	169.04458827475176	374.26870911718424	32.52667415381363	4593.053905115296	347.80804452641104	13.4
1	842.1891932339787	336.0630393722784	113.1292838489785	276.174614587238	984.6271651878545	567.2553371413186	1248.3754645237548	575.9843389217315	533.3748989386497	117.3246541569189	406.32393795464003	167.567589515352	129.56838986772874	467.7994472600542	275.1767140034485	546.0779242304716	173.20809705995353	3102.8196684346253	482.15842737877944	0.2
29	784.2771902377528	331.3576919215703	113.36993136228226	303.26805477304737	957.3816930191161	537.1574200781907	1907.7413550959332	586.479182367968	587.4616930583111	126.34020368927767	418.11487457563254	164.98680404653393	157.4870005901415	561.296190252645	257.1520433565215	555.8697991613745	174.88097471627057	4161.94583820162	512.3765701354978	3.0
173	421.2066050324197	179.7748828985424	11.003517909356722	121.819932741978	475.5317060348803	251.68471675133736	1019.4020101378786	321.3032045879269	257.99926084143124	10.094256291468916	131.36646821601624	24.192534863884603	23.1358442894484	211.38329218569243	110.81242520034519	245.29100791047875	12.998023623511903	2591.8467828909097	212.35351975136984	19.4
77	827.5019289561329	364.6382504396611	68.29426990458722	246.6944520510342	1010.8861686965446	535.4390141380276	1422.1040275573387	525.7608424177331	576.369198978797	63.45839609445639	329.4611927076221	107.66024193912179	105.84303206720455	653.7631716895356	166.55811423123492	475.21717427605114	93.55121302757988	4182.633642875504	413.85316843737803	8.8
21	880.7912534614454	371.46668540550667	113.44041131089132	304.1925370416434	1064.3750153419587	597.7826982472932	1402.4368779525064	594.6209736323303	575.193390400205	120.34957929291608	368.7476721983128	162.47738999258823	172.62228673509836	537.9968385183729	295.91487117440187	581.3511487099665	186.13259088803738	3674.379039299356	462.663656653097	3.2
140	749.6687625717946	263.36807910671683	0	202.13505637239678	868.695826812006	439.6203230125226	1742.2538325808325	452.23604572347625	463.9010200972165	3.907270170964188	273.27037446502993	38.17694709104658	20.699897103536088	643.7067243088347	99.03721613550253	366.4750771178198	23.78226425584538	4417.878237663673	357.6823039448231	15.1
136	749.5883382006407	284.71322691001615	12.943973064403718	172.40642102002263	893.0195156196726	467.1124154779266	1482.5759171317172	460.73513084077143	414.5308757038748	16.411351123157598	286.0967061212709	40.81849312156005	20.43485583469499	363.06647865661137	167.97658037767783	376.02137144296336	7.318612557870371	4354.218643042437	348.3934241900781	13.7
113	789.5863818722042	288.520712769051	14.530206353211735	186.33285259003063	936.3995388052326	452.50175840208607	1559.458169436013	481.0589151171136	454.9436957452135	6.692818047931448	316.74448853242836	56.17001314668277	46.964381342576466	631.6555748454603	187.211454551684	408.00591403015727	46.213891404999956	4656.228770885046	375.726493789058	11.4
78	630.2162771101275	356.6045752739962	89.5832613005228	275.68985441975093	991.8220950106538	481.9547965460978	2288.6721711012265	546.4367623225891	656.6461908362954	83.89100907886856	266.5946416377531	115.17828654578223	122.4032413176939	935.4772443640934	217.84630150655587	489.3067397445519	160.71531406290063	5004.053615793305	469.35056176699027	7.9
39	651.0574028988794	302.74134825430116	107.89618955854444	287.3296531644883	842.3802425837287	486.9621591594751	1163.0680289083061	478.531874731705	522.2383208889042	99.14499510947648	246.27564728522367	143.48161305156376	160.41556604790034	521.7590639639421	253.99083755984347	490.1221544130066	149.33953879896123	3218.1835488837764	392.60371818819647	6.0
146	770.0326127978952	258.4811429004805	12.83097718253968	181.03229311679914	947.9673995644818	456.5993825082044	1482.2126043582655	463.01933984444116	444.4477097758367	15.71682152215776	300.3859746138271	39.212446522157755	25.232311538074416	431.9482804163666	167.4511019916816	372.0709603622437	3.151269014550264	4191.790484657111	334.3729180547028	14.7
60	844.5314022542622	378.95607473593384	106.9669076094439	286.969317273023	852.9675233477719	594.2126177959597	2390.058354727792	548.3683979725179	509.9340970573714	99.98181041736716	408.09675148006147	150.11762238592732	150.00526590385346	950.2692849949141	282.43504225496235	559.5006606031542	172.41118598313713	4947.168538718582	478.283125870053	6.1
3	866.5008835546994	394.4505907003883	112.69672177180395	312.7781137223875	1011.563838239874	577.621147280751	1051.9861782922032	564.7485564116381	489.4634670925539	125.70572730472392	422.49221823571173	162.20893274075905	145.8268504432767	519.1574657914034	316.16945511559163	573.8571552457015	162.54918107667282	3218.8451149070897	479.3363185318714	1.4
62	791.8172600381247	352.2570887456199	78.13528214379814	272.45109043413703	977.9233496237514	540.5740430012902	1222.3079155929372	508.17035915211693	441.7684347330519	66.4289553519063	343.4335846626326	106.76831191072073	106.4340242437625	398.05519979371786	254.50939511586907	502.0473786326786	110.90263953845358	3914.6357936837944	420.9610854548075	7.3
96	773.5112319659718	275.4428594505882	0.8562381628787881	209.28773971785327	871.3370628424169	437.18248324134913	1861.4576116776084	468.2265819070767	406.1092501523113	5.219941194271334	299.95217346634695	41.976562600162495	65.73555049165377	696.765348376965	116.01644363385658	406.15810106860636	71.54194060797718	4740.312779308314	372.29204705496113	9.7
161	720.346007916917	258.8681572995994	12.839575530586764	182.42726160624449	848.5347923457234	439.5452643032607	1221.718026435823	447.10151992457486	365.8198221481403	15.71527255037881	301.1438137241776	39.20051560593436	7.176131687242799	308.1771561923189	164.23947894118908	344.73899155474663	0	3652.225006187875	333.77817224535505	16.2
66	865.2963614860752	371.9898270124058	100.3290218351992	304.34049555148266	1045.5347136532728	576.5545824209736	2040.8609603173054	581.5144742909398	598.7530228245848	86.42783512569716	354.7455203998418	124.6533561388654	134.9562374182751	512.8497578840829	262.8731609129362	563.4475341599465	151.69365778915113	4842.789710154092	474.22861175860356	6.7
20	795.2929468417244	335.1435877199524	109.7285973100036	260.7594356002617	811.8374294378297	602.4522773631875	2037.6714656483825	532.0439956355093	498.1295405933506	125.3667623934238	416.72984561113026	163.78693389529076	148.00935924401153	813.8593233150599	283.91450597367543	585.5870611702287	182.65032186393694	4076.6473235201743	479.65935566810805	2.1
13	841.9774125840747	345.9029752711916	112.97280901157065	291.5151809942463	999.9584667952792	560.1523125119901	1248.6287360620763	583.6625233082509	536.5201360322953	117.39196017482526	430.92025349674566	157.60544548311566	136.09075539747175	525.1438105655728	281.0006510163661	570.8555205146766	165.8124210510935	3285.3276509540383	488.74900341738646	1.4
176	633.3055998711561	186.33314287421638	0	178.01231677412977	840.6264556530311	353.3970556520572	1214.135738023505	451.48687362225064	383.28066959539586	0	182.86593010835253	34.238102438556055	23.086876673360113	390.10105472923027	99.06150065897101	339.8144412075527	26.621341718014843	3342.1697991633855	351.38359478543924	18.7
84	840.6575854464868	333.8029498365172	65.52062526911902	277.01920120894124	931.4093414827336	563.4370971288811	1829.8349111140733	547.7441482696898	545.8673232007804	71.31225183795782	362.9760805290204	102.87830817973898	79.63978727531375	465.0081946776679	231.75264274843826	470.1209556143595	89.38175602644392	4731.489652014837	421.7861647245602	8.5
152	805.5327690914303	273.74386825249996	0	181.18092122654664	963.0542593619123	439.9023572846183	1415.881443374166	469.07712263116974	429.18660264036214	15.722633978465266	284.1762334938259	39.21039641386578	8.067307374338625	403.5536625570718	101.07121443009446	377.6031461465387	23.790588892092188	4002.933145887299	337.69053146829424	15.3
11	849.1815419358277	386.3539678868776	111.59281028986211	311.62383369666367	1146.9383715307374	622.8790013352141	2411.2909549641245	598.8561676895505	769.2607795194357	124.37541490566566	390.7514402054144	171.4856223003733	156.5851198383434	1000.7840465982266	299.7275246471341	593.4666060638891	190.25008394736514	4532.459020348496	478.13916240144516	2.2
132	752.013195460785	274.84827003741873	0	168.3764338331682	975.9953391942882	436.16100789688176	1480.7475626617957	486.59718605957886	422.41222211151626	4.481073986142455	268.3403553484	33.389785178952906	14.295119682674509	337.4370567388651	85.9780426051776	362.60227830505096	33.79161438874449	4257.19379209625	352.8906084424762	13.3
94	733.1509972690594	221.83811196250917	14.541316316094393	220.2818515376677	923.7798480265069	431.46643406385067	1910.9955980997686	505.62026347025187	523.1040463015923	21.047163156206597	238.51896341875963	65.53474402044777	36.1148046910984	678.839965741092	187.73279330427258	400.86789389525086	52.502132857532814	4809.199527178841	354.5786872921297	10.5
86	765.6577790695072	236.10295942701472	53.10734029910076	246.0732819255849	923.1411878050901	457.0713479150417	1085.7444513430069	537.6242181964025	441.1514014169089	39.591460450432926	268.378050580807	89.06997319322127	72.45295695931671	361.03067184581204	218.51419481355998	469.4323766391612	61.805838480596	4063.6725699508247	394.5175692686457	9.7
165	783.8448554171208	265.2824755666948	12.836319444444442	193.57834173250015	901.301118256963	445.10663202943874	1393.383152462522	477.8603496084589	415.04423718968275	3.9226131437863456	294.7752805122006	37.779233832125776	34.16590127247912	428.77282483352326	184.47201901971675	378.9403029660291	50.05608836202364	3884.261011718401	341.4220238962735	16.6
89	703.5001694924902	261.24146951033333	52.37994227676152	231.33783211123858	878.9599464296257	420.6653655915167	1325.4624212041729	485.01733165082743	419.3723761200686	50.480776402483365	236.07816342230973	82.75269984422397	70.6029699347453	540.9224289913677	193.4568692409404	407.04371895125786	54.71279647596442	4092.3315874024624	358.5087679626636	11.0
70	874.1227573091769	385.45218864624246	88.43901045117116	286.30399630823484	1055.0498087030267	576.8632405152019	1368.365882362216	550.1572106503238	641.2965772169363	94.52448969190851	359.5546931995362	143.26745364977762	122.8826096025501	656.510231073481	191.25902720075135	506.7345487035094	112.65498436868529	4274.8809206643855	455.4980650685232	8.1
46	858.9193972763928	310.8305483056577	106.55432079411298	317.93841150900266	1033.0757035051176	570.1364174194307	2010.5947700444378	579.5720952763874	516.4846535893889	107.31110038173233	337.9931894595009	150.41494691254653	160.96349898413342	473.898980074064	291.1202644291259	573.0187837044546	161.29601460993362	4513.738009188193	443.32988887723315	5.7
22	559.291688000058	308.9107430535369	109.75011813340123	307.8954516744265	929.8890171564973	465.57276135981965	1833.8328869146314	551.4648762992887	524.3052260084614	113.47274148088802	213.89388990181138	152.8589715768833	171.09637113464578	452.44912220206606	269.5421034744217	503.3350006603946	179.29174367839852	3581.748223236514	385.1069872818547	4.3
123	710.6319338904277	271.37533976180924	0	176.5734688658087	894.2677346464284	435.773412137003	942.9176895383094	474.3345031586214	378.80107215305077	15.74772759498703	257.5378209853703	50.009488197665654	20.198553901629115	240.39414809204055	83.38787560738648	368.5960526878232	8.405746255429117	3863.177979703888	356.2334697014564	13.4
169	549.5909147704012	274.23468577128637	0	161.76007031547687	848.3274044290291	391.36004161955077	1459.4405404944278	439.2504690630373	436.1611830965761	0	218.3951602291781	34.266910603616886	19.726394708255743	530.6051861555642	78.96643081311046	298.75075616847465	0	3625.164680532879	342.1084351021951	18.0
51	877.9191938237198	405.40418765059655	101.20592621478261	302.914043816652	1052.763635371819	620.2293420049771	1275.0568898299969	583.8888612166638	542.5708709681709	111.92223070772245	407.0206165953243	148.85354067668365	148.2480710727184	463.77047468055787	225.43650957746402	581.9073054304669	164.15114059946112	3858.114008500682	480.5329348712264	5.2
102	793.6855414180048	326.30845012115185	22.301209873154566	204.17192736146356	924.4998167541124	467.2896852625833	2020.873362372726	519.6984797449215	619.953004384423	24.564393482066198	326.66614605312606	61.9523012562008	54.63094209851791	791.8296685412543	102.55939260696343	410.5505385632363	67.85070584130536	4853.844445181111	411.7092726487667	10.3
95	728.036268159104	248.61690809353215	27.64984612457229	217.80585797802934	822.8849902762737	446.96302961400517	1007.3779282985311	498.66298214845796	423.6087745335598	35.56995559988269	260.46286471269065	70.98490435465764	45.727303521615134	405.0769965195425	186.39865700175423	418.12297037519994	44.59959548739336	3872.4192890349395	380.9413691240805	10.6
31	699.3437350745053	399.90811753625434	104.97220257162704	311.7061808093026	1041.4559362905297	584.056712271356	2439.1028634035774	556.3475877954367	653.3932797780392	123.36755915589325	370.53089491250836	169.10276390137858	177.83013550185092	950.1094860808635	235.35794737630786	553.8462481189049	187.95698411369952	4736.257313518	507.6263634997656	3.2
61	592.8098093677571	304.7236764429055	76.9621101972834	254.3686513321821	976.7730823644052	468.53684869892214	1300.662506205468	528.7420470144954	489.370536974603	71.35335212610912	211.5210138643357	119.62156578150872	122.66538788872218	457.08674906248376	173.89993026747018	480.7068956676812	107.03940755720964	3730.630608910357	435.1160386931762	7.2
4	916.8398923028498	402.6751932105559	109.23000051726665	311.5284132599701	1125.8425898402934	628.4780197611566	2265.4243330380573	597.4925631401676	725.971424913807	115.72878326333147	435.72636424798094	162.0885490458604	145.57488944636384	932.7788973662055	285.5931264585413	581.0706487331894	176.21184269932917	4422.118057560148	483.19762878467367	1.5
109	713.4983333308647	236.9062739827191	12.81907571288102	234.9613787025675	851.6179506318762	413.1445314769305	1782.1793514401234	485.1713752464769	528.4691894862432	0	234.20182062993723	49.3841049957218	20.677339334464513	642.3247268482733	190.65137191975822	365.0675159650516	28.843403982542863	4711.520676961133	335.19464535991483	12.0
119	691.4451608731216	231.43811677317527	12.822459795321635	165.09472643297588	699.1420105176895	407.7620720396877	1428.287068943706	436.83035764532355	391.9273350572609	7.256052877612866	298.01927247947515	34.348909385894345	36.685748354384486	440.9240612048499	169.62700462580366	374.5590061305266	38.22900612580118	4249.262435282901	340.73997571869313	12.0
50	785.8161773633391	349.3071408682029	104.37312407004364	244.394755838006	814.3452273576773	608.0378229835411	1967.6929872002488	511.8211685331375	506.2062568330692	111.18966720792854	410.76304153197555	151.62082213511954	147.09300875355518	511.86121533430514	268.7809254524057	551.9127564563831	163.92176771028633	4268.490629681687	464.94287899641483	5.1
143	701.4983703037269	208.8335285050382	12.828379430076625	186.321607500697	905.565719100593	429.23412202347373	1373.739530917363	484.1681027074873	425.52141633531073	0	219.13082079877282	34.27328285574891	24.088698743386253	303.96115650732855	166.15310971428895	371.0499390200358	19.789589533730165	4090.2910521279646	370.22957197733666	15.4
127	728.9331613132449	286.50477589106316	0.12397670955451578	198.16311444808966	909.0355988282035	431.8294569866898	1500.0851217067902	471.98370134159785	427.3155235104484	1.569950839319041	268.97770669144046	36.26079526807162	40.62726195063381	350.77447759575114	89.69692264563129	351.0547300651486	37.7957420931099	4320.673467901068	357.03118223309633	12.8
63	815.0717367597823	381.23542894276545	93.80808116776912	282.55928885619824	932.9131262833412	593.7988624361342	1127.9669096516955	499.48662240036765	447.651277720685	106.31259694323612	369.23452712319977	140.8952010923334	136.22199239366788	456.5754114807405	159.59190913455296	504.8199215042024	139.67117291180912	3826.461024748923	471.7790201764157	6.4
144	777.1715739547503	259.2531452657127	12.826797385620912	185.4026186192896	897.7311729935337	443.9275865876663	1767.0089869261217	467.8482650824944	457.0080043677991	0	305.5835787303004	23.491208964646457	27.37376221079518	650.6222582367924	169.86545301547648	375.29145918602853	5.562426567849362	4510.786483159811	355.5577392257218	14.5
131	764.5072243388066	315.3692745230549	0	169.04958629303312	910.4850455459988	494.7923575845668	1726.079475799297	489.3681356672623	434.3900336559585	15.730581623348462	336.25507345135117	42.55182943365878	32.01640090811968	659.151895898877	88.39703219145785	366.5949599464246	13.501437552609433	4632.7074636619445	356.61355330038805	13.2
36	901.1043483036502	411.90870049999694	107.23829192414418	310.8655729567861	1070.8499051805768	632.1003447363196	2530.188878266029	591.1801533778822	670.8559159517872	114.66271224341453	427.5939131191538	149.94664259847124	162.08014163436687	1005.7700863933159	295.46046594522613	587.4558422613231	180.50435830358154	4993.4665320191925	505.3833176002328	3.7
38	676.2202579253561	344.5370496859964	103.15585456611008	289.798103231674	973.9596153914885	486.589816415133	1201.6849543626424	533.8389138843365	599.3522583866513	96.19025877666277	319.2108413833778	136.31359703942783	160.95271006911454	575.5546307035675	259.06296480379467	524.3753028934243	170.67369719681201	3344.0683627240946	433.9764016545	4.9
168	602.0711412835564	186.24290521950348	0	175.7267739258193	849.2796287556271	347.0735910761861	1381.0227233095584	453.7696391884986	548.8755864032429	0.5452831487320527	150.57284640834493	33.866478821900394	24.44239889320397	477.244823286082	89.04722026498567	336.83971447082365	25.769683677513587	3552.8731097388204	329.89826337511175	17.9
129	745.7031684354112	266.5730868876523	0.7342637388612677	156.55951791667496	853.3019183809341	419.9897464816092	1478.1323448488945	489.7611530322004	391.2175726288835	15.16664301519759	292.8051608556247	45.0992176019443	29.90369563817778	436.9457139996026	102.25623006244898	353.26957595864883	38.19213235877582	4245.032179460404	342.9055551954518	13.0
116	764.9163289650563	333.28653240872745	16.11471237436746	203.02668691164428	996.4131739868745	523.7264852767446	1698.177969310243	501.95757106070437	592.4647921808122	15.144269246724075	365.64327888720743	36.16692134880434	37.78206477014763	756.2022322328946	188.1162027024497	398.70886286229955	24.81445947898661	4824.526143463581	383.41792361394266	11.7
134	759.2498536950451	280.82323814929214	12.822420634920633	205.68453273212498	951.2131527922658	445.4728048556037	1889.9895336788084	474.06746544294765	514.0246438264822	0	310.8753667777979	32.834437321937315	30.60022630296111	769.7219980191619	170.46556978015556	366.96758444352247	32.72314564087533	4718.786865762844	356.6159333024777	13.5
64	572.7305266349241	298.480430167875	100.46392777720244	310.97214165171806	977.4665312360781	507.923936638771	2431.456937992593	549.4430729540474	696.3930984651855	89.21230131208848	218.01001249184372	134.83938082452048	135.88250205145133	1036.7308515159368	263.7966261758169	532.5558278174547	135.44039736625965	5016.936849081209	440.82801693992093	7.5
148	656.7885525022024	305.2142595752493	0	201.91757621003686	925.9216148573403	458.3674865656152	1368.484769774575	476.8958901798341	438.0147896021218	3.9177506718195874	267.6862561328678	49.504651694830116	34.44142490341012	351.8719809860159	97.45188980978367	335.4728138834022	37.922094329120284	3925.0031769269276	359.9761541164434	15.9
128	744.8952158649854	215.86987685188328	15.114231775029486	182.1754953996144	868.3649365639867	438.7826923407924	1719.2584636279475	505.24445616759925	598.9504761442724	17.74880538551611	266.73541587327213	58.66034189885375	41.05438644018046	643.3545334148062	185.80108739078537	398.54190493269215	58.0978802741334	4626.888005634526	354.5262496178552	12.9
85	871.8276229837609	371.74275004553357	95.20274831552638	264.1595004226838	1054.1976713025506	581.3508114601829	1319.4791226120758	561.3932717836814	500.4682018748488	95.90797688607647	367.62565625373617	130.5473586701774	117.06729360169733	469.53518554549055	255.00668341421974	523.174499315122	112.7862063816728	4270.8091872319765	476.8883366238514	8.6
175	562.3287512552218	252.37966394427355	12.827952714164542	154.43612329619341	817.6434890847719	382.6163471224433	1164.627660527493	451.7919426277178	372.2104973171268	3.9215981477529844	189.7237985734655	27.414064563964267	15.238223379629627	302.0734355923638	161.69881636500287	320.14763068877994	0	3300.3296972514754	355.818396375595	17.6
75	830.6102532367617	299.0048380265826	95.70509152358271	315.8021325150003	964.1250076934678	544.324611470307	2118.4708459802637	565.290686558114	546.0119764014349	84.16085680359733	306.7383981342579	129.25230091698472	122.40735577831752	796.3682453560762	260.2260790807035	510.4391477900043	132.98250036815054	4885.882856619719	450.5087949851033	8.6
47	899.0732721855487	344.417098231516	105.96920922408003	315.2141916823019	1096.7212950006897	607.7021071804396	2668.347636659505	612.7644562516613	734.0937209027705	102.107158950136	369.49323773348385	135.77441107581413	155.3471370217998	1079.7958481792282	285.3310444835337	583.5967225134649	169.63942071999153	5185.694988615487	484.3379752383235	4.8
25	558.6631824012121	329.28103426367966	98.16496050108232	289.6774479361773	961.7392852801133	462.57944015468223	2264.5762694515142	583.1056391295907	634.682590046216	101.59973376780354	213.6119190612646	131.31577004452947	152.50692623215997	834.4921092020351	195.49238096054015	513.8476778382811	190.16476206580435	4163.483367984879	384.765707518832	4.6
106	838.9781647311335	211.23326114621062	13.7170524691358	221.37760382317853	1047.0261850258114	471.85432129617095	2072.8274862585863	504.88672860936646	653.6712610291793	20.924790856550743	296.23501441543266	64.48378315638219	34.66628452266923	837.8810709865725	199.76115880361877	414.74169963248045	43.69737728321711	5073.293419833305	371.43896516538126	10.7
154	762.5362128521775	194.17043373066642	12.956383767459702	178.84991282285824	957.2535043604788	406.87888279614407	1643.4832286170526	465.8031271527739	592.2741453439486	0	248.3254488352687	23.492325568678908	11.442930018576568	555.2068082096414	166.1326548926421	391.74346600516446	31.946803040677356	4198.309134000977	346.38035994463866	15.5
74	898.5433938405868	314.85681259469345	95.26527520264783	314.7047332175222	1076.8375155365754	559.1773594085034	2463.051245297291	573.1438799692894	702.1673708009619	87.37047917198095	335.11164187323726	122.03153462515321	114.46952783714086	1058.748216929753	270.2444614313973	556.5737703905194	131.00906411369908	5248.179862550318	466.4160320618608	7.5
117	742.5871468875963	285.97103489770853	1.7132657947837	171.61267195006224	893.5812259017516	446.2789883078998	1527.5225541335217	475.54382253847007	389.79300636835944	13.22200449442787	289.88063549106045	38.73225652561489	38.54252615031736	434.20184443299974	89.58268010659377	357.9374957014365	43.79970071012105	4436.174439227004	359.22083299962463	11.8
178	465.3931766550195	181.93493436810368	12.833008593125497	172.98203018639043	799.2807973093317	356.97879410758827	1222.7423753202322	450.5226137867115	371.87186093859054	15.73807005707799	135.64875583692555	49.99433048143087	24.09196237927044	407.55169373029776	161.72583836566287	344.22294061284606	20.52716799693363	3290.1031253607084	356.65825577642323	18.9
142	785.492107849978	281.6836324956962	2.0904637896825404	187.8385240273391	892.2543778165909	434.45051219742874	1526.3497285424194	475.8059899136957	433.2446781294747	3.777031240306466	294.26374108483066	25.33225629442828	27.491607518638776	379.37608926198305	106.15805915455373	367.76877275118767	35.37948924821545	4264.585619534148	359.76103935749285	14.3
88	556.2865443760832	364.25413979677353	88.59057034592584	260.30564445239077	886.2452852810908	484.1689896581214	1295.2980767253744	506.42996827576576	468.4660872887785	83.09847475520628	260.6160625823041	119.20984659155303	120.03980665156502	408.37500359306864	177.1209557291165	478.4865865340455	121.60244007771287	3855.0613025930174	446.3296424291798	8.9
59	848.9939972748451	375.9224682413747	100.97077928240888	253.9964743766402	971.6965246929666	583.8701551747396	2361.23782332247	547.3082503618103	520.5375527714419	100.90859571488566	389.401781750622	153.04989845959264	150.68156070991407	892.119465454049	260.4114318564035	526.6932284233877	152.62009145453038	5032.572429939492	424.0903196779232	7.0
141	686.592601526649	180.3543189212071	12.833029817404814	179.1931126043101	888.0240696727911	385.94957289718093	1587.6829436549308	457.8870555486646	580.9201583135178	0	221.1416418234844	50.96974266243451	32.420507832561626	526.0522093616157	160.91949462980298	371.1026761877107	26.63060770248273	4174.759836112679	306.2817930049537	15.2
174	712.0405132303715	250.20102697704544	0	174.017481391466	849.6950254815165	407.6577994546986	1233.9675174782376	427.38276790237296	420.3065152292705	0	248.83649163664185	32.93867910879628	19.739846096096098	438.05017274402246	92.38232363071114	342.1421465176918	23.1661149985569	3384.0434866712294	339.30096569282375	18.5
112	854.3510467177584	344.8506450993655	79.77986824918088	282.6513920491002	962.5185119343802	527.44648021322	1931.771701179659	527.1766324109668	637.9615961086042	64.44749626236477	385.02889763329915	101.36372090047378	99.19921969612206	764.7408246139637	243.73769054061478	458.9965308019517	116.35817487240094	4922.153892546385	425.90546983411093	11.3
56	847.5678681262673	380.12579037793455	102.52290835615429	288.56039245018496	1009.3078172633385	593.5704902412319	1160.9359313489736	551.6012004343921	503.0700522560714	107.18749836861933	398.7676353140502	151.79867067752775	149.6477292653896	449.597426414055	270.5025600234116	556.2697706899086	164.43181496159826	3733.9900682176603	450.27253554990114	5.7
135	781.2570469450833	271.7637002831835	14.927260487528342	188.0524837244246	899.9808038351321	433.94390700423946	1754.6859152588215	451.0538327798462	425.9860435140067	16.5073319788083	302.935177656678	58.853236474692764	28.45355064586434	693.4546001712318	185.8216056660768	378.8846095072656	38.590525518302485	4567.3705384234245	328.41265459200326	13.6
163	695.627376042222	248.00324374762053	0	155.73510608664628	813.3129312788726	421.903900474242	1263.134953453512	438.58365648127824	352.8476151588158	15.17083426386468	272.11242681718875	48.105259550212224	23.183720055717355	348.0205436026512	78.34398786881069	317.0958114373899	19.853515376984134	3556.584965083912	317.57165137418286	17.4
108	800.4337943100901	276.15583327140246	81.25152136752372	250.8790247633605	962.8736225044356	472.2543313805125	1945.2489202980234	525.329768443977	629.1094371943583	67.02114305555207	294.5631493478995	107.23180606064754	100.94654083198009	783.6400656815274	241.49822655539617	469.93883693105244	105.85576032389882	4661.115799024013	421.1641218020011	10.9
55	878.5267689086643	393.8011769585146	102.76145130572314	297.36197866518745	963.8373475963238	583.1832027144102	2423.1256582686474	566.7300201920765	518.5321112795597	101.87355283472603	420.6513250302419	151.25303494643202	156.74626917627853	901.9964451777118	277.2281581361898	548.9996243825298	175.68236139714247	4986.042847173496	458.16109365696053	5.6
170	712.4371573764627	251.30412883110492	12.838380702722587	156.31717158786438	809.9170324739016	434.25275555240245	1223.3063187698892	426.6101944828056	366.6927977818916	15.175090113554267	287.0402417845148	37.729488669240226	19.741800820707073	314.25102201549186	158.74768745526964	335.06623318716396	0	3476.61167786058	314.3707005750033	17.1
2	801.2592902611859	357.99566488285654	104.57195709578657	263.4479558929971	962.5502403985462	578.5806181905606	1260.6239805374512	504.84414278732453	451.1063442634707	112.63670575443427	398.7528645850179	158.41073988556536	137.96185167548703	440.00909622527195	274.84487300366396	505.85787913472444	171.9869045064242	3070.288536089037	429.0916395828377	0.3
138	698.4216451794555	245.13126056545315	0	174.55837259593505	922.9660515597079	432.4253263775189	1470.8729846298136	445.5668486787889	418.95516046830176	15.173729165880896	274.6460611556349	48.10759694910534	29.443878303549806	477.1277942659987	82.26960708906454	355.7572535014628	25.9491985506324	4140.892928161869	318.12565754332	14.9
6	848.5540133359648	382.07710578764915	104.45039099892465	279.6107704704087	1064.6064050816008	578.6018334656651	2074.570623202972	519.0895697630622	694.1536247922306	117.43295329762067	406.9060975478298	152.12808587905005	130.10126463747105	906.2549296393855	279.7503846018188	555.3339789288437	158.89672561941677	4094.7242602622428	464.8273446874509	0.7
5	817.1044367516896	379.3493834761477	104.44728296491886	253.8345774413179	938.828924700854	591.9213256537506	1766.394137623421	516.7595221842663	415.8242356333237	118.05087652297868	425.100072557809	146.952160278387	135.51362727097754	418.8171697584914	283.6228620031001	535.9084953905971	173.2618451940273	3680.8034274747483	402.8106280903661	1.6
171	697.4723898489929	251.0183205433287	0	153.62442000400222	813.9065234327446	410.93346985808137	1352.3856124170932	442.12902236462344	362.02688427513493	15.169432795273941	271.43438876610537	37.72460983136615	8.96498724489796	453.33883017602034	78.30977006879665	312.48171618089475	15.40404756349498	3520.1381687060193	328.0082792087916	17.2
81	548.4965892784176	321.2319817053529	68.83847633111756	224.69083171994075	814.9620561256841	458.950856424644	1655.0319277739388	512.531725029597	415.58872327754534	74.02311207598522	252.9067979979879	120.26367180974411	104.85277940492766	371.91963230006536	171.79514108676213	455.3186559114404	143.49436471040298	4213.325304623536	416.0230769792909	8.2
26	851.5555814457583	393.0004932660036	104.55173201739088	298.5248293636124	992.9365151974206	594.0785397868307	1876.248522180066	571.4822199866582	461.16529496588123	113.86149581349798	417.4136367079877	152.36882161828464	141.81125383512256	445.51490790940545	279.5312194576485	572.6700278809743	174.4388740089865	4068.538144689275	460.16979969944583	2.7
151	735.7001147833095	244.65035873324805	0	191.10112348884212	825.9026705082429	410.94151654808803	1415.5797993767956	462.83814625616617	337.9231226426707	15.175944516220287	271.53152535187684	37.73191095140547	23.183112980769238	382.14341635862485	95.71009722865224	334.6411385408703	38.49908143485442	3876.9716605207095	313.9590211344119	15.2
58	763.8514937760235	295.86511545433285	92.78660876224563	270.6268248812558	882.4294685860878	526.4826056504807	1208.7574692577482	497.7013255479841	578.1106588991206	102.45515356717642	312.4113271925654	130.15820599714783	141.30908086593675	563.4482802155757	178.10935249705372	480.06801101437003	147.790871273301	3739.1387165535257	442.43814632782846	5.9
68	690.0509448956741	302.47876140221257	75.49292025410661	235.20445022656668	958.8522015006193	466.47764732248595	2166.01710145971	497.5600845525799	512.2004126936803	69.1980013699201	262.66120421837223	120.24907218080507	106.18129351422306	853.5807236956639	207.4711781647256	451.25052226070744	99.02131082908784	4745.549266090442	382.2862570971636	7.9
114	731.2803456183685	269.9812158981707	15.038644958958095	195.15726165656974	871.5778304740118	423.91834220316207	1485.7736126662317	441.7015712642346	418.71860481797216	4.496136340287957	291.203335365101	29.26209173093186	24.73443861390608	621.709463783984	187.26374381956825	367.0879290302485	19.872980753397062	4432.926715191845	350.9745413593664	11.5
0	823.8015215971924	351.283845207884	104.31848676242878	261.83233926988464	964.8482354683873	559.4069338300617	1254.9369617292998	516.9342376957696	484.49788321873893	117.99182958419803	426.3251030853151	151.76450996038068	128.33124420006274	482.29409884393954	302.92962129112124	521.097572856473	171.6178744553567	3178.051711578787	418.4003347481588	1.1
155	741.8818895177238	184.1799674977032	0	171.93671476410054	854.3341488090091	360.4309658040772	1537.257441979504	436.70173377521587	401.2397603732572	0	221.09282361927276	22.55006813769414	19.72854532163743	573.5807606777537	95.61616958990398	350.11131377636246	23.204589829089155	3900.8182427020056	321.58367668918754	15.6
110	535.7110268251466	251.80243233012527	14.448179713804711	176.1233621531252	890.0127910305014	367.1854267126663	1604.6754089743363	424.4130597992814	510.12752611933894	1.0201935739213503	215.86355317599575	22.550442930911675	30.69136556683905	727.1617403096279	162.00065963652492	330.8393520219211	14.338478535353541	4320.88313263793	349.08373000184764	11.1
99	747.7633187265109	278.28564729455576	31.56288599707283	223.45235541457058	850.0361352496554	465.4518048040337	1580.5132694922484	468.13925868867256	394.3893130694898	36.08419553883221	367.25260076155456	76.80720327120089	52.917661300829955	411.9427613964137	193.24655555327053	396.5091018676217	63.64173762236836	4283.962605710608	359.34930457011535	10.0
7	780.562464383801	386.87077005626367	104.09751037692773	297.3353535927263	971.9412189273149	569.5954357291265	1134.113000924576	525.4765555783312	525.5029062822905	117.53220568677055	409.69074376745	156.71869083881418	145.557558012979	423.4650791879426	275.34327555151856	531.4297481920017	172.9832736322455	3071.937008944649	438.37618084189523	1.8
124	693.9958158081766	184.3971774573571	12.824962797619044	186.3096146230847	790.3985373270187	377.78664315261517	948.4607582692598	429.51057988516465	438.23595437669303	0	218.86919791654617	38.160463676593544	14.49588450535642	261.1146486729343	157.80398394071727	359.52213078134105	18.022517041585022	3728.6067623153667	319.9719032823988	12.5
24	829.9057882391004	387.95200220299085	104.40444726778155	289.24910131960337	950.6210674778824	562.0512020343474	1092.2436987001577	514.1909172639316	504.5535984179679	117.53523166810552	408.467411546733	158.70757161100855	140.08120023893733	469.1131086765412	237.05432720145137	515.2940449212334	163.80624729880984	3285.4142497553826	461.3250938355658	2.5
53	780.2306648651069	285.18073476291863	86.3463628003567	243.11272996167557	934.7127757543827	489.7534501624944	2029.1936842223986	542.1124828088026	538.2693109770131	92.52756881425144	326.6044410203783	122.64021081466633	139.64399039091379	510.9580383509082	219.51111367514082	514.5499361244498	158.67922668069997	4390.879701763831	428.1520239208267	5.4
97	667.2781783916593	248.58971319169783	2.949134990253412	190.79345350481566	836.1291063983866	394.1901563774279	1623.8522368389717	458.2304001668624	399.95490086928555	0	226.37532265018817	40.43102478650169	35.263539853342856	333.5624904485496	126.39895855014383	347.98409698722566	80.99970205434926	4216.838092585187	345.7010538976651	9.8
166	727.2353339318311	247.72928415891016	0	171.29023383303007	824.485898296082	382.3830278425335	773.329639929179	428.8413425634801	363.37208137858624	0	256.63968686716134	22.552170848954777	11.660603632478631	257.383775007609	94.63215631036991	364.0541427550376	7.809458280396407	3107.9884436681286	332.08735206523227	16.7
120	715.1352803290767	264.3799638869477	12.817818721901089	187.33523430927158	815.0726684832356	443.8297147320791	1400.6704078855091	437.86650520884183	378.86852356580255	15.177335195652311	291.8844783620593	52.31325084230582	34.7329115634748	378.77323022166354	166.24852544884638	351.2742814255204	26.443396686672234	4237.122781141675	320.07228098097744	13.1
115	467.1208540880634	170.1658762819389	10.988535680076625	148.93983639853712	607.6317189042994	247.58798257139384	1379.0735135382376	284.05486754778536	384.16709474401074	3.931084784985522	116.17859954546428	24.50802936095353	30.71548755042438	550.1903726474692	131.88162843399638	204.41227326276464	30.80438798880154	3615.551436529903	203.81638598799472	13.6
126	658.8985459129536	179.90229659204377	0.11171903579090736	180.11984409443454	926.101229499878	398.4433865331453	1532.2211074331274	444.76855860515377	478.98293299152493	5.252878355685144	199.60667118078814	42.84570241318751	29.449122899625113	412.2503193876228	103.7296900329813	370.8943545534638	59.36257999377507	4223.312193872127	331.8804897020533	13.7
30	876.7652525853333	372.48028058211275	103.24621253803875	274.0519097830623	998.9052045347428	605.6025412988472	1336.6301161202152	572.689460240181	552.7173314399952	116.96012069078957	408.027987690345	156.81122070448316	158.08782419925967	499.0246518611957	284.71915288680265	569.9812528191479	178.98501379489787	3677.1052324558377	468.8569058860505	3.1
65	847.0468120277786	383.22117679494966	85.48908353818639	269.6112559278144	971.4204876584466	556.547718757487	1291.5897406688232	541.435840831034	510.9527398825797	84.44608876873257	408.7307207096677	120.15602711582532	118.40530042934186	541.9491731495064	195.74982426665755	509.11848816742827	124.95940765000121	4032.124689390595	446.78717829611867	6.6
16	873.7347963626974	384.90259641773395	103.45778366746413	287.687182994683	1121.3537366044627	613.6241442696576	2369.7203009509035	573.8850957928545	756.0329840169068	116.69045607920143	404.5752895989387	152.36423142421197	128.3404002700753	998.004519926905	292.4312099547657	571.3408151744994	157.61404520713634	4534.971798803284	465.8287016689344	1.7
145	729.8689445048432	261.775231151461	12.813072237740531	159.73383201041787	809.940719006631	400.9063119129571	1420.7390265929168	431.74338718926873	398.6997392423154	0	273.7748031462608	22.55243906590413	19.73460648148148	325.8898163544986	175.47316598213	359.9404057901774	23.2182403916466	3983.5573180744304	330.04590631107436	14.6
34	859.8244846921227	409.3425440329469	103.02271906670688	294.4000590564622	989.8588697230806	593.95663539845	2018.9877392267545	579.0442789426054	555.1369893787939	111.15713820764138	418.9492103532804	155.38808103260743	157.10000892637004	456.6411211965752	282.6759453535756	573.8583552030728	186.7605471851172	4282.246992462158	471.461340310111	3.5
