InstanceID	N1	X	N2	Class
31	2625.8404866745673	5248.345231444022	2074.0755853261153	58.0
432	2216.660597141646	4267.026956761035	1527.8933933077844	134.0
200	1815.8550801547442	3890.008467753054	1747.1822563846097	8.0
23	2410.9210145742936	4597.387640849558	1733.980888957165	98.0
348	1587.517484143907	3913.263451940895	1772.8502922554	12.0
89	1280.8751463499025	3071.896374361638	992.4119853244149	176.0
318	1944.9119955179783	3808.4420964392966	1492.0826736665742	162.0
3	2177.6918770455472	4859.546261389324	1958.599229030109	46.0
261	2264.469752588028	4290.156682696604	1619.5740861829547	130.0
354	2019.952265437084	4387.285210186812	1798.230021724275	84.0
305	1951.9012389374236	3962.1139817545904	1870.7526360715158	2.0
208	1656.7725248634938	3614.956082437985	1203.6098454120522	162.0
350	2107.685179035934	3946.843601222788	1456.0555786293178	166.0
414	1329.9318368108468	3569.7480894735027	1505.2759202519549	12.0
375	1797.3210464375109	3556.5656575347566	1283.6705431085888	168.0
202	2554.9784410533707	5202.194559421731	2048.2631773776243	54.0
347	1571.1154096720695	3382.1458421831394	1127.486290810635	174.0
269	2291.3606736887546	4493.407783639235	1583.0382552779092	116.0
67	2241.6470865262268	4545.185914854554	1682.2392640341586	122.0
215	2174.6089027254743	4586.503306290898	1794.0687956142117	68.0
379	2543.0264840771356	4770.6194299769	1897.2026649753184	84.0
405	1372.820048230761	3543.331142601958	1204.0692342186378	132.0
429	1369.3471315768304	2647.0385637339123	1012.368052017349	198.0
406	2012.5598450053672	3785.462181970062	1403.8970469310193	172.0
210	1820.5922427720805	3365.183352425915	1309.850464092431	182.0
336	1802.3720634155682	3349.95897030551	1309.67574853885	186.0
358	2312.385328371717	4753.566397995775	1896.2612945477792	70.0
225	2530.6889271448226	4900.231498842498	1900.840121896246	114.0
197	1137.6707540358432	2438.883725110371	936.5092549715979	200.0
80	1285.2132737647262	3229.8606333589573	1048.62623432247	176.0
50	1799.3235783465982	3169.0450021812067	1306.4619757341827	196.0
219	1711.3570250988455	4110.344096782204	1661.6983295512514	128.0
214	1859.251292747946	4340.582096543091	1848.1646100148089	22.0
29	1798.2661011622886	4056.736049816619	1661.6757145032718	122.0
133	1744.8132502399415	2929.91596377442	1222.3832656466477	200.0
279	2190.1985041157595	4562.49670185309	1738.6527596269852	92.0
179	2435.1611654104113	4851.754042822848	2311.592100241962	30.0
39	2237.1181325533653	4657.13848934231	1708.171153792535	114.0
183	1281.2261825315516	3360.693670199749	1038.5322738759603	142.0
227	1935.3466370494687	3913.124711842006	1425.158053726561	158.0
93	1665.2093983401624	4228.613710259465	1782.9102609110926	66.0
47	1691.8508687366732	4176.09959567147	1694.7380238953963	72.0
38	1127.6922813068113	3371.3376909816893	1460.1330157650066	6.0
223	2410.00581417471	4630.110884507065	1712.6054880147558	116.0
292	2263.7793406387145	4452.962305679913	2093.10614781557	20.0
395	1170.247937707421	2857.371114296584	870.3970488404683	180.0
423	2087.4042609331264	4520.107395365217	1934.754479406452	42.0
59	1710.4275580930466	4378.0475678985895	1625.02102181934	50.0
149	1346.4047867679228	3414.13754919958	1109.5146799119186	158.0
63	2079.333151918413	4549.713935336963	1707.9622698880087	106.0
326	2506.3127729945386	4795.447775985658	1879.562956660116	96.0
430	1335.0701091951728	3954.2341197021988	1652.3511110808251	30.0
128	2096.276902742655	4230.706425801136	1434.9283802942853	122.0
45	1807.16642776514	3955.779221296044	1305.6877317146561	152.0
158	1586.5012499207623	3916.095338202062	1353.5247340573715	120.0
153	1797.966050578576	3518.709832600291	1200.5392181671402	176.0
103	2249.4745248581908	4748.156736420721	1839.3745176056173	38.0
121	1976.5933512721313	4460.991788780055	1943.7395415781166	24.0
285	2042.19671278758	3941.193262514166	1386.301113166156	132.0
154	2120.14792985519	4147.295581725155	1487.42348878717	156.0
252	2252.08961912297	4390.814740253322	1680.040927309112	128.0
84	1504.709878676576	4062.264392250204	1668.5630501698847	30.0
247	2577.914940442275	5014.428732702217	2119.7190622727458	64.0
239	2473.542541664573	5024.583516980498	2203.951504646085	48.0
69	1911.0885661728173	4333.465397018408	1670.432734061725	72.0
71	2142.6288974880913	4354.1200567865935	1959.6587131812585	20.0
152	2152.7588188796803	4066.531742270505	1468.2581460453432	136.0
217	1965.063744289028	4543.798075725359	1756.7230503235132	58.0
327	1731.5613821031136	3751.7963650654515	1188.4470283074104	130.0
20	1561.8894171835082	3675.9070816680573	1200.6431843170653	132.0
381	1306.9099227974618	4123.158142876008	1578.8811224810827	44.0
122	1362.7749042502408	3950.4071640822253	1585.4013942999527	68.0
171	2214.5940050702266	4252.499212805658	1527.0507484562788	150.0
308	2317.35370749616	4631.146377494273	1659.8405215510409	108.0
178	1657.269941973923	4226.276494878142	1731.5033032479619	28.0
251	2410.046124400749	4559.923718951973	1675.990894557519	88.0
384	1469.247123374517	4030.331943313697	1559.3034092165085	36.0
313	2386.0209899717124	4912.096481254805	2123.079612948084	48.0
378	1820.3391415070769	4218.09660082758	1725.224675730698	24.0
419	1672.0557168847115	4102.0457407781605	1603.8288516779041	68.0
352	1110.0103229147924	2889.0926950060875	906.5288590671032	178.0
108	2474.196553747487	4927.067316508681	1810.8767630112202	74.0
374	1815.5957464549963	3915.7296044538098	1306.031898065409	136.0
267	1883.6204194146844	4554.171416871822	1821.6003997421467	52.0
399	2409.530212600588	4626.017343092355	1646.771780757762	102.0
104	1607.6177453564621	2919.6035938224363	1052.89719127833	196.0
131	1601.4648310948526	4336.773300278991	1783.428335292723	42.0
372	2244.5553672019923	4923.7828267933155	1955.2413067622344	46.0
123	1393.9417475655428	3802.4285636606296	1248.4510180082304	114.0
282	2215.19866918473	4545.385977809109	1786.1318683125091	106.0
135	2424.315922127452	4773.062891143403	1875.550200213923	64.0
272	1715.0242878908657	3410.6722087104104	1222.127393875606	178.0
335	2171.7177863444745	4705.843314675409	1847.435980378827	76.0
304	2391.0975827212073	4803.201689448401	2282.7411393725756	28.0
387	1688.5005505855725	4347.569575579418	1761.5421204486984	34.0
73	2272.860131019109	4321.0518376519785	1494.988328842798	94.0
192	2144.8103021618626	4568.035326447671	1962.9249688890068	30.0
306	1954.9252668950546	3962.99071268586	1388.5005420978337	128.0
373	1642.2565635650428	3200.496804006167	1097.9333090445614	184.0
424	2236.2644491719434	4752.334378625647	2049.1118604524095	32.0
141	2061.0108587676878	4508.99148765117	1640.6826735961208	74.0
125	969.813763393642	2473.803208437499	820.8956053145153	194.0
138	2587.6353595472997	4901.157467724794	1976.8443357755857	86.0
198	2414.3743036124265	4867.334007796599	1811.6863837583523	76.0
100	1829.6519808897297	3629.5141955187732	1146.1946518651116	168.0
426	2249.448734479877	4326.562017783259	1596.826230708871	138.0
220	1692.6217827170483	4375.7140113597225	1776.6562790522466	52.0
294	2002.9241555126437	4060.283671544404	1265.8110507131994	152.0
238	2474.074652920181	5152.8413178719675	2134.1869594500204	46.0
290	1834.446657909226	3947.4115156503026	1464.304289527299	118.0
407	2439.8243197140746	4720.822498756609	1823.7037663829121	96.0
393	2304.2024365673374	4739.059537347147	1992.4963943754396	78.0
70	1599.7996945514467	4071.711113131651	1599.8608475176327	24.0
74	1562.3053796209754	4326.598570821352	1743.235184707968	38.0
359	2513.6311392674575	5000.204062613277	2021.8338690025826	60.0
62	1040.9710488098208	2760.548589652815	880.1310034100827	180.0
396	1001.263819690632	2575.2384441263957	887.4468106509311	190.0
91	2287.998270834541	4935.682675240095	1951.8462248951187	46.0
165	2430.8493068927105	4729.64702826888	1785.0453597957505	106.0
77	1584.318649434984	4363.451981396232	1744.2627600063488	44.0
120	2339.933445596098	4909.446274431733	1896.4930421132383	74.0
111	1836.9947308802068	3586.523116891873	1356.3976923624493	168.0
30	2047.2591928431948	4609.057827017913	1845.3129948295475	70.0
288	2082.483426141889	4194.366520020416	1441.9044938262887	150.0
307	1813.3792156242764	3550.626083296492	1266.6171980847066	176.0
167	2482.2587139968164	4712.377164767733	1706.6524334226317	102.0
377	1461.1105783096057	3965.9409142894015	1748.8390684548701	16.0
397	1957.7864058960683	4578.075455880649	1876.5570858511567	36.0
65	2625.450459833919	5273.634897797122	2197.2083635328922	56.0
163	1734.8568511566932	4121.419339387075	1666.5597554822673	20.0
342	2028.9930364377512	3997.7488171407126	1470.8139720734603	146.0
297	1858.7723791172282	3755.071114047068	1223.0924962151348	162.0
268	1350.6815653128688	3563.121802925151	1275.641356794002	128.0
278	2428.6987875701147	4890.93269980916	2141.0329819565277	32.0
181	1567.1595962785268	3835.2901100964928	1488.619052147465	114.0
289	1827.233916701908	3256.0218701228873	1238.8189727213398	194.0
21	1789.0875696223893	3577.226224686468	1225.2461698493153	178.0
10	1367.0868430635696	3628.390222722989	1529.2821477513899	8.0
334	2447.670484822736	4787.979762732861	1832.1578595507253	106.0
436	1879.484403307221	3631.2986392495022	1302.2932932622616	174.0
142	1608.191264234476	3854.905074231034	1268.6751877086815	152.0
357	1472.075960532475	2806.893146740022	1024.5641292358912	198.0
416	1978.8651016963022	4207.592480474313	1548.37851298902	158.0
174	2519.9598373391027	4932.469694287556	1922.7554146693915	116.0
140	2630.633637901922	5231.749142844993	2111.642580397056	72.0
367	1751.2673315955744	3273.677362269031	1180.7293828716904	188.0
24	1772.2322759055764	4217.646709063934	1854.7272267032783	82.0
443	1125.9364820743422	2798.108588147137	983.4586014907791	188.0
331	1267.8334204310925	2884.1929511426733	1023.9644706000028	194.0
418	2319.724309227064	4590.133719181267	1679.4926468171486	152.0
320	2004.6317696921358	4214.936718418125	2004.824063411561	6.0
34	2483.632511451837	4885.260936025572	1907.152805262025	108.0
349	2063.4401112703404	3981.7826155026564	1399.0652044735725	160.0
160	2180.835480419897	4630.295987323491	1965.4288728961403	86.0
175	2455.6628608578026	5200.566351892219	2013.9656282507542	54.0
193	2106.2193822322006	4141.368302637463	1996.141373678516	12.0
321	2271.6946591569867	4571.107691876443	2193.0706065277773	24.0
72	1728.9252427128458	3804.3395546969978	1425.0507323675365	94.0
299	1978.1654461749865	3987.2553548295664	1319.7343705357953	152.0
156	2185.642310584408	4524.076505648937	1820.4706512380344	82.0
368	2034.1554399089798	4219.275692323505	1450.623685241716	126.0
236	1760.8089623203593	4006.318478888552	1591.3443333799798	100.0
273	2557.182633642991	4665.382756319943	1748.8277404978196	80.0
417	2039.6434135536877	3816.0150355550886	1385.0559245621416	170.0
75	1838.980667893469	4309.461478855229	1768.66873298112	26.0
99	1668.0527835534097	3816.0856649770362	1341.2998316932337	128.0
26	1532.0472909361974	4286.756381218783	1683.0790338105087	54.0
126	1884.8704448140454	3787.6084955324723	1248.1262953946614	162.0
49	2130.1481614479517	4055.866519788349	1509.4077089171933	162.0
185	2498.2340697220875	4789.9653830230545	1771.9521665545712	98.0
337	1926.7586237848332	3893.6113811488685	1461.823602449588	158.0
146	2625.1832348215594	5150.897935141483	2047.026184415482	62.0
411	1819.1424178680118	3834.6879073309374	1386.5538865568003	150.0
25	2324.6994725177037	4652.998787620373	1851.9707372074333	112.0
353	2262.912536548486	4356.662262741387	1590.2487355624264	154.0
380	2135.233700942479	4832.863016871773	1860.0677229549256	46.0
96	2386.271609840202	4709.583012480555	1863.93872971574	98.0
244	1202.7821536238978	3289.2028888690256	1019.0061034593747	142.0
243	1620.2104130049484	3837.9562924860447	1259.60013858754	154.0
159	2511.5092114088457	5247.924945077794	2069.0344691693954	58.0
229	1700.0759339127899	4069.4951626286224	1344.8778375997108	102.0
43	2344.4102480647134	4825.848192928828	1969.3033810069962	52.0
286	2153.2364387504417	4261.83075585093	1512.9335734328417	130.0
365	1867.2964793944914	4400.182901997369	1844.795792824692	24.0
344	1038.8646401757157	2568.3948643284834	896.1318735543178	192.0
376	1472.2562945675043	3717.1300043396236	1219.355190912876	150.0
233	1812.586124295113	4125.795984463084	1420.5363128986676	148.0
274	1054.0670827668105	2455.5744956664334	913.0085003200221	198.0
312	2281.53982614976	4389.910807444302	2237.1148699319956	8.0
33	1942.1432740304797	4429.333941170392	1653.353914987298	118.0
431	1542.3465190189895	4054.956145217926	1688.3845313554293	26.0
144	2522.8929184336703	4815.668284944953	1782.0132390731937	108.0
106	1348.8986562712155	3617.904387878555	1102.5124780950873	124.0
40	2361.302944893259	5031.3829227021115	1973.278483236812	44.0
190	2138.8827809893073	4206.071251412227	1552.5095107087395	122.0
388	2279.169415671864	4638.376605564797	1876.3931934871746	94.0
298	1469.950846424361	3821.3546028203664	1345.7301312382162	124.0
19	1303.0944283415124	3357.0107647654568	1064.7568220194535	162.0
18	2530.24344359877	4921.751697698654	1985.451680580177	96.0
78	2358.244693521896	4955.903143516868	2011.8811663922415	38.0
363	1440.3036064559305	4045.498197528843	1642.9747061661292	30.0
54	1077.5348599344675	2327.2638340500125	838.457329371562	200.0
438	2545.3082973485202	4860.816332711745	1975.8819192307228	84.0
76	1284.282233656954	3544.715218645901	1184.3531339623594	148.0
188	2379.7210621867193	4871.359646229274	2331.3176719355583	34.0
338	1627.214680690992	3643.028611480181	1455.9190179531265	128.0
226	1984.7834063000998	4277.434624255994	1408.580373548428	122.0
222	2152.030688806511	4643.512416936188	1765.0910955318259	74.0
168	2090.405662299998	3983.6892778603665	1448.1108070828004	138.0
82	1936.4284027998522	3962.752241652778	1539.5601570283968	134.0
205	2036.93357586868	4276.224864502432	1544.9964752995616	134.0
147	2229.6046667276532	4623.586300952243	1717.8342407891425	118.0
172	1999.4416154498397	4504.9396078002	1760.479431908002	72.0
316	1717.2193473964048	4100.1505878581675	1717.0537666794387	90.0
360	2395.0510372562558	4804.322597714028	2276.9001646632323	24.0
166	1652.26105773492	4078.5901684671976	1528.5864797528034	94.0
134	2103.5606649431083	4342.579222226554	2006.1109858003817	24.0
237	2294.6222437591223	4327.546345284169	1471.9474525376042	118.0
115	1279.2965208099674	2881.7301060894615	960.7465394866241	182.0
132	1065.4327292823361	2688.165089751399	888.1169783962252	188.0
293	1659.0568123128933	4081.5283484964666	1652.1672672437423	20.0
204	2323.693511385374	4555.489778992632	2243.8356943093104	18.0
161	1714.5552822447546	4323.256342718517	1788.6609305605245	62.0
271	1929.4272721135555	3999.27047668061	1190.1045601136932	126.0
383	2156.041976409263	4540.2699542251485	1869.377121043252	80.0
310	2063.7652535867855	4730.545576979975	1878.0150378188775	38.0
109	1312.9370179726043	3263.138889934992	1022.0286522064833	166.0
173	2538.0616054788898	4717.2052138664085	1816.2724444538312	100.0
129	1675.139537799192	3142.5672382089424	1113.6334087609218	192.0
317	2375.29871620549	4698.505655402975	2322.5020357660655	20.0
114	1753.7523899614537	3478.048057601435	1263.6070829672783	174.0
41	2490.6521531536077	5099.849823098322	2066.307582245616	46.0
184	1902.0891933858811	3866.5195676925637	1353.5057801648354	142.0
9	1916.7917272872244	3917.954795110278	1363.862014872139	144.0
37	2098.8434958361263	4387.84977716613	1756.833327640125	100.0
101	1705.6671564105775	3598.758849355687	1168.2620966682312	160.0
404	980.1836102917409	2268.6439328161787	822.1622554245415	198.0
57	2285.0772574562743	4654.044409699215	1922.2900250316643	96.0
5	2047.3273900019237	4411.682972522647	1901.433995479441	28.0
209	1374.0411287995878	3691.0873288757525	1556.4602441732263	18.0
401	2034.5420770556238	4067.8502766272923	1402.9477632701985	124.0
366	1643.2401888503557	3616.060830646068	1373.991119206975	126.0
53	1213.1024267610312	3497.781625417325	1454.5926168269652	18.0
264	1635.497494178661	2987.41630374649	1058.1919207856638	194.0
412	2409.0058158436655	4944.344176184797	2112.7787959844773	54.0
441	1273.664635341951	3868.835715981423	1495.759846110899	52.0
64	2077.4212470359425	4503.795418234206	1700.0065919849217	52.0
27	1339.4842414978575	3077.878527346506	1006.2760110397144	176.0
309	1490.2628541177507	3794.436305231694	1562.6305086066382	18.0
427	1438.0092541560482	4083.1615409274614	1636.4447380552529	58.0
203	2232.5343476807907	4347.036640920487	1661.525979245514	96.0
428	2346.9048386894656	4694.457140777662	1724.0244422784676	72.0
330	1477.739847600023	3637.3133658445795	1190.2671920939167	126.0
98	2217.7338459984608	4130.38720346964	1529.6464856636005	142.0
79	1961.7018843024546	4175.414872867666	1956.7517081026076	16.0
12	1643.5967566269894	3833.3245242694643	1808.1043399613718	8.0
58	2035.7154095062028	3870.2841578609946	1493.6379100787185	142.0
242	1392.6004779028174	2511.5209444614816	928.0704181071147	200.0
254	1534.8185628929748	4037.624541069829	1654.8022806382785	74.0
164	1299.1068607705054	2737.933202449913	926.2299302018233	194.0
232	2591.842022435266	5060.008876256374	2107.2968117576524	68.0
150	2605.2279826977615	5006.9117070172	2039.726279432339	72.0
139	2454.1307987687214	5052.764462063952	2017.7199153693039	56.0
329	1611.2085398287747	3629.0687680775554	1195.529315916307	154.0
382	1990.522682476116	3978.2844754324155	1326.8575848761368	146.0
81	2387.770005953721	4489.000165640028	1665.3332690824614	116.0
85	2353.957315188025	4799.360863568478	2040.3074232061585	48.0
35	1298.0263109552575	2946.1506102436892	951.1742613163558	180.0
385	1836.9255184054045	3911.6581399554607	1313.278673313647	152.0
319	2221.7190481830116	4233.161104113839	1570.2683211802457	140.0
94	2642.8939350178066	5046.686789045531	2127.1698725610354	66.0
56	1925.4954884796407	4239.968759811562	1483.7533535653542	112.0
315	2206.5412225727546	4497.456834032603	1641.888638017126	106.0
127	1998.2967754816277	4056.6035643427426	1327.5538387386657	122.0
143	2047.4340548495225	3985.031131837149	1455.693171133547	156.0
7	1312.8621041470776	3574.868295932783	1610.5399084867247	10.0
231	1663.2476167409009	4065.645772443634	1653.1802170054818	26.0
8	1289.501035208581	3370.628067246231	1408.2647912434218	2.0
42	2074.047088346868	4218.880245596126	2115.1287118431596	14.0
36	1925.740382152935	3860.4811778791386	1301.1000609141392	132.0
16	2534.4637830841484	4754.9567527455865	1765.2022269976032	76.0
437	1147.5426296055546	3485.7998238826362	1466.0652715598019	18.0
46	2089.58755230381	4142.575963419386	1401.9796770346932	116.0
92	1459.646882045423	3120.8076403065566	969.1975694816649	178.0
281	2135.323493856924	4096.129794123417	1524.3224339555259	128.0
90	1991.7825947617619	3906.190643275004	1550.7254087749718	144.0
413	1414.1493868619525	3559.843296786074	1245.8484019349444	108.0
398	1151.1371371050725	2619.6177140929144	919.9575624058351	192.0
234	2339.289346761922	4415.115814350932	1764.4899389731925	134.0
169	1816.4341585258337	3283.7219794453376	1265.7692302450052	188.0
324	2019.714600559867	4030.4376477364904	2027.967905042955	4.0
275	2199.7554484625516	4645.726099112974	1761.04083309454	50.0
0	1218.8833310993707	3362.549557602157	1287.177258330952	80.0
177	1548.8986584684255	3818.356556336982	1529.164886460965	78.0
355	1338.170240836909	2971.539912527067	951.9419990590119	180.0
182	1411.2062292157614	2940.4959299524817	1029.2050290079417	186.0
248	2083.322366141808	4338.234866067333	1817.0961245761407	24.0
211	1840.1898698548066	4302.143891238248	1798.908384364863	64.0
362	1581.2446701455958	4086.2533348766187	1620.7452477975698	74.0
325	2347.2669504817	4784.255324048625	2088.5409091214783	52.0
420	1866.084683759943	3738.8642109311527	1170.886079000716	138.0
442	1928.2924564341808	3727.7614450579495	1393.6750937911022	162.0
186	1649.7721874027777	3090.4986132014637	1126.0405910098973	186.0
246	2123.979793818386	4429.041703109484	1653.6709601725183	116.0
28	2355.3836248986745	4570.568611408171	1839.4263344309397	88.0
218	1605.6142302096373	4198.472932070493	1709.9791841294602	38.0
105	1234.356457190295	3342.519914628616	1054.130790126285	152.0
287	1966.4178866184266	3789.8251107067335	1304.6652057301635	160.0
265	2312.7215369481137	4294.973255528719	1712.0988285729609	140.0
66	2224.6404188940855	4655.381589765252	1956.5449731277024	34.0
262	2253.1363840621475	4666.893451085592	1924.011981441908	70.0
196	1262.1893753129193	3496.0268156169946	1524.5013880855688	12.0
2	996.2298289457983	2532.7133236686277	852.6361111786164	184.0
422	1750.6506101983841	3680.3202691610018	1471.1396040428776	140.0
323	2065.8018513751435	4122.921384828101	1490.703563765051	138.0
137	1584.6591628367703	3970.651361611931	1404.531187545179	112.0
386	2445.554189702035	4944.338336877059	2014.1987018435016	68.0
180	2098.985840221666	4181.089717184819	1487.662480482094	102.0
295	2061.341031154266	4023.918794845528	1495.3279871173481	150.0
421	2242.0023317687205	4644.517658964535	1949.003645202279	36.0
263	2204.668103047576	4270.739498820714	1390.2010518008615	96.0
207	1474.9980044242484	3525.1645598503274	1109.0588086533164	154.0
434	1713.4123740365949	4003.4222513293244	1605.9007155393522	106.0
402	1911.6926663267268	3654.912401946416	1297.1606381795134	170.0
276	1770.4808041155784	3550.5388539615938	1261.8364460712266	172.0
102	1902.5174442449668	3957.578425837502	1863.7568800070353	6.0
6	1697.679229529635	2966.004561854821	1161.8603888489165	196.0
116	2280.681204217324	4412.763947823325	1593.8983242007976	90.0
257	2075.025093981711	4140.8954912818335	1418.8000121757834	124.0
86	2620.0215607077002	5008.140596114927	2105.5115148596706	64.0
87	1458.9778654077093	3968.958781907256	1643.0331458730182	74.0
341	1870.1512743013802	3895.706688091169	1296.4359437191108	148.0
296	2125.5065894955715	4318.192604563993	1446.9272259780648	110.0
303	2407.4158203258767	4590.437283502521	1856.55340163438	84.0
314	1550.8950244458993	3746.2292788214895	1534.1214017966718	98.0
157	1969.9092184989922	4073.6909571957076	1374.2456765082293	124.0
22	2442.069663676008	4631.99715582354	1779.757445275077	94.0
240	1714.75786747144	3378.0234460251895	1254.7251971606483	170.0
409	2297.3245478300137	4576.556109240365	1764.1884155896412	102.0
250	2248.5071261009953	4337.538021124371	1424.063751502701	104.0
189	2162.2028294975466	4444.481855284547	2109.80932668213	32.0
361	1602.1030652340203	3815.9177783711207	1745.550687783383	10.0
266	2344.9033182399157	4319.3822724324755	1612.3221711282695	84.0
83	2053.1285093088204	4074.6164978868505	1475.574031210281	124.0
55	1095.2066361344441	2549.227761757858	890.8109321237586	190.0
260	2019.321137493038	4310.508006737523	1647.4073154240477	98.0
339	1354.5030436283798	2790.705991847191	976.9260296376359	192.0
394	1848.379569988008	3985.2928557405144	1348.1117477139217	152.0
44	1417.426699899819	3650.6332393708276	1339.7226979562201	138.0
191	1845.2613797671934	3629.9521579342304	1329.1775184722137	166.0
345	1284.2609148849608	3547.36476460711	1560.259729638452	12.0
280	2014.1409750120658	4025.290114018126	1920.1236505028862	12.0
187	2310.798793866028	4807.145260040015	2060.3773938510776	46.0
88	1410.9278501051176	3558.4228341905223	1544.7579146984963	6.0
340	1921.4572300129903	3943.066831164234	1983.3687046776015	4.0
212	2202.9213345479825	4457.807444585563	1628.280175758471	70.0
206	1979.1975446290712	3918.6453629487023	1355.170436335642	92.0
124	1810.068968607733	3543.357883656602	1250.0295535800271	164.0
245	2030.0313036938276	4266.7325733465395	1610.7423380579742	98.0
17	1348.1472424919796	3371.520446516293	1186.9944641476814	96.0
301	2333.124703215685	4420.406290507442	1607.947821727203	92.0
201	1199.5727069486954	2413.0238955684654	944.1095393876649	198.0
258	1936.2747535224075	3894.786925422367	1383.2095076083526	144.0
255	1988.690398422025	4097.77495977827	1995.242691458519	10.0
300	1239.5934384069785	3533.2124357867674	1584.8426619492782	8.0
145	1739.8148432128912	3379.4806327513	1095.838641228592	174.0
155	1867.3687861337419	3577.5196957306152	1288.7384297080444	168.0
97	2361.2148182070596	4564.665327584407	1812.1941959507108	84.0
343	1924.2247849315822	4351.311005884851	1724.007047241121	60.0
259	1401.936898053283	3841.9661451696675	1596.6245642940257	66.0
400	2430.5071836870393	4664.859915433347	1780.6229641274256	64.0
256	2144.066633293294	4673.2059739329325	1883.296184813697	40.0
364	1940.0094828574208	3693.845687992634	1323.8714728491184	164.0
415	1393.8156990339492	3883.6750779038907	1607.4204505656778	22.0
170	1699.9161089410673	3555.8639455673474	1190.440734223443	162.0
61	1977.686741217079	3927.6685448546295	1626.7844076741296	134.0
151	2335.759564896071	4784.089301123712	2079.7095111977337	52.0
370	994.5043301843463	2424.720055759642	786.9646780528218	194.0
322	1431.696045645932	3980.0504514262952	1607.0084982914868	42.0
95	1741.8630435139503	3219.618805746073	1178.9940816843166	184.0
51	1910.0702467487022	3949.4980658233753	1290.237091994839	148.0
328	2534.2792173434104	4771.356729880628	1940.8638559290025	82.0
284	1294.8717348566283	3535.533290789394	1548.4608212833296	12.0
213	1600.4734789030163	2979.347673854198	1044.31324050307	190.0
408	2272.0281282751457	4446.283974156639	1789.9426813801153	124.0
148	2351.892134330535	4550.185767597201	1761.1345434063862	90.0
235	953.3118948739191	2313.114502324866	838.5734678287359	196.0
112	1912.9812700619088	3969.6472117091316	1635.8059806686153	128.0
346	2323.98542238478	4486.126437732843	1725.630169979204	126.0
118	1823.4939744148217	3652.0827029635407	1327.1445791164895	166.0
176	2603.821989558839	5217.720196986929	2125.6111128629996	56.0
119	2127.2194660847886	4451.107214381866	1561.8242025897175	112.0
283	2105.0599634110004	4194.864474561067	1526.8192078471739	134.0
435	2295.5347436100064	4376.888220808476	1584.9473790551046	120.0
224	2346.6772278121803	4533.182467448808	1769.2335908044245	96.0
439	1414.7372673221205	2856.2562599563353	989.5462818255221	194.0
113	2482.7246450701236	4971.334427066718	1945.3787637741493	58.0
270	2328.147394264437	4757.230614995295	1762.4769200164062	60.0
425	1573.2301449109152	3087.0654349760125	1048.2460149580495	184.0
371	1635.6425548824604	3079.116852537924	1105.417081433572	188.0
216	2214.7216523341804	4548.25769098118	1738.9057267976134	116.0
110	2526.4251753512603	4915.423986767799	2134.2444504694918	66.0
351	1290.8598477271569	3062.0917274393087	971.6234458155479	178.0
195	2277.3920538177763	4504.4339896440015	2200.9804012228115	18.0
4	1215.628997970825	3247.6397511263826	1018.3995930175323	158.0
277	1458.7367558907622	3955.6310764255395	1691.6506929001157	66.0
332	2311.0329079623007	4788.553603545714	2028.3562292866397	72.0
13	2407.2418459609876	4969.703397057253	2111.6569940268746	46.0
11	1559.3752212178179	2918.9470251959556	1033.0928098571158	194.0
15	1430.7744325764402	3269.950807163327	1094.2825381257308	170.0
162	2441.5857343918206	4893.885912953515	1957.3858715599918	50.0
52	2259.63279324939	4686.531657945623	1878.1888555889905	60.0
302	2080.37412690124	4623.42978721013	1792.4481086395283	50.0
117	1374.6847709117708	3598.746191528638	1594.820721835846	6.0
440	1979.533985834735	3930.1527653642283	1380.8870168816875	150.0
369	1513.6165258722485	2921.882262683299	1035.608242361527	194.0
136	2173.473040961972	4370.565492132443	1711.1430092457285	88.0
228	1721.7846495222432	3183.2477061292866	1143.5572705497011	186.0
356	1819.469623671564	4107.233462116769	1587.6378238215352	88.0
1	1789.4568380561582	4066.606484336316	1638.7983050433138	98.0
392	1310.181554814546	3120.0996736055204	999.526125553702	174.0
390	2420.696458710553	4835.733976467268	1925.5741961712918	74.0
311	1531.6597681976841	3729.674541559412	1713.0287048674402	4.0
221	1028.821855513812	2512.210023824333	814.8213647242434	190.0
199	1942.5558670061446	3845.738772773829	1368.2407763227613	162.0
14	1842.1496857670559	4048.2042540571215	1879.4596721258322	12.0
249	1612.3925315474396	3896.3327528224922	1627.4467086743773	88.0
48	2135.8617389913056	4314.29621539552	1665.770791444077	102.0
107	2440.190875164323	4946.625564732149	1909.0169559464698	56.0
403	1963.1142441873885	3899.1440216504143	1414.7130249152376	152.0
194	1507.1466010238562	3014.384325913621	972.6488907181823	184.0
333	2111.000593866844	4248.974734309206	1544.9658831605218	114.0
241	1286.1201951539738	3454.011928790475	1213.8770994373388	138.0
230	2494.8199199461983	5089.136374396288	1978.1447604242373	56.0
389	2289.2285051920635	4852.3432937603675	1952.5715838913893	44.0
253	2321.1572556745664	4792.336189004983	1979.5061159273898	60.0
60	2282.6787084135676	4436.287425891473	1705.271133678423	94.0
130	1658.043585287107	3036.2987333256533	1165.7207187117303	190.0
32	1685.212597765385	3619.874014828177	1324.2410683243813	148.0
391	1247.5834994627162	2812.1016159083456	960.1104709456106	186.0
410	2145.9787852024974	4457.119859226197	1808.66098785705	78.0
433	2637.540713854999	5074.516821848715	2122.3020532725172	68.0
291	1539.3828232326803	2838.045908606917	1035.4622222422458	196.0
68	2255.2641957624833	4474.032303788345	2155.918766241777	26.0
