InstanceID	N0	N1	N2	N3	N4	N5	N6	N7	N8	N9	N10	N11	N12	N14	N15	M0P0	M0P1	M1P0	M1P1	Class
137	2139.324692400739	622.8146100519797	31.86701432568712	575.8981703850933	2590.523779749496	1195.560942184649	2700.8615469792408	1493.6635326149826	1463.5613938156666	25.107110795675744	550.9506698750488	69.75548439664782	70.95847316892414	1182.4793010137057	462.92415985909275	1177.1265905712892	36.45189048035168	10055.237723044433	1436.0533418429102	13.8
10	2330.134732500832	651.4729986183017	130.99041545762628	627.8261738137388	2677.5915410187326	1420.465387111612	4407.1633052196985	1685.8479017519128	1735.558626035961	153.9139255406723	917.5488482442029	234.81414666528812	230.31671843972052	2043.6400403386228	581.6565674592334	1495.5046214637864	262.1009778430336	10342.769965938258	1662.1601618781863	1.1
9	1144.99491789722	685.6648432228526	127.53778011977073	383.4055998892043	1385.3736993196383	1165.153241254789	2042.9084246468715	939.8799845141965	1034.5974579033948	138.96522559520716	387.69116813945027	165.43142653852053	248.40935422401247	1042.2183510439413	303.3084182060928	776.4427357408752	281.77498963461017	5824.3845730090325	716.351459665689	3.0
100	1932.0271125532665	595.0108950790521	0	335.9075861192808	1767.8495774695332	1129.902285799939	3872.089156385819	1184.859531348485	1418.2688525178698	0	738.3130259631259	76.831339670105	24.74872586283303	1709.070495250082	150.90536436196317	1147.493580091935	70.5499112594175	10465.935959333501	1412.2990263043744	10.1
105	2102.7795833793766	789.8718688747812	12.723611111111108	413.16142801959285	2314.561098445546	1291.3463075946208	3780.6040520651213	1504.9796050316413	1492.477528934104	18.94944194278975	757.1197456774397	91.04234925249389	23.451546404223052	1595.703134042457	457.4781993542575	1185.2172425936076	20.38530154997017	11080.598102515225	1463.5393684953096	10.6
153	1764.019041986611	523.4722177695963	12.791666666666664	455.270576638866	2114.491643985899	1008.6752165300202	2129.4601480481747	1337.065132775749	1231.8311812065888	0	384.5318846783985	55.469680339767805	44.84191426394748	925.5457614725749	371.4182691376942	963.4955974857506	25.164766365773485	8456.948666578977	1224.1398364261058	16.4
14	2383.7296525115617	704.6960366347292	120.03677453066688	675.1738222525562	2931.3778457564895	1380.4837371369747	4975.462703515957	1721.0630852629913	1863.7580622142373	140.15732193209058	804.0045039423044	204.1152069902446	158.86926441383844	2151.7248585473394	593.8391239522666	1508.6943331408336	242.34963810594095	11046.381365870713	1627.85396114602	1.5
177	2227.2137771398534	709.2853841251901	12.886501736111107	487.00175004753856	2575.240796910035	1274.7826686856176	3338.3758734549115	1564.5282813264655	1421.1864126755613	19.038961156025	605.4024952300091	67.90488827815417	12.551105967078188	1169.2819446493193	453.52517818673664	1158.7972517831788	7.8059859307749955	9614.335817439513	1439.4638589575309	17.8
43	2071.9596601736052	714.8495369505424	113.12329809113815	546.861902844312	2581.898566643871	1180.0279574219942	2968.9695374726266	1500.4493031658183	1690.0921970722218	110.31959900544653	558.2480744610243	177.90113484762026	198.68400755858258	1449.0870826808778	310.0442507068437	1264.7439518153594	236.70662229387796	9352.884568525042	1359.356579566924	5.4
167	1421.481508725522	469.3747716380512	12.92725694444444	516.1555241889641	2548.991953326907	912.2722988565939	3119.6364993275065	1367.1311641453315	1291.726587380747	18.470815385818664	340.09097621620884	58.36876098767061	48.22389505140846	910.7662240589227	350.40650602008003	908.9781237110258	22.643738159242208	8438.806388489591	1247.3074768695294	17.8
67	2661.619485931904	955.6998117932019	109.25405191185321	650.4434945865215	2850.182427021103	1489.6294807229729	5598.182104401211	1808.647648713868	2138.1216298708136	96.98469446661375	866.399673932016	163.21448422397629	163.8491524792376	2502.3935833104747	537.4251288903994	1495.6845358143976	164.26222191493844	13514.96257352103	1669.9488025149892	6.8
111	2350.8546910418318	690.5814122359051	13.66143818966392	536.6758494534613	2658.4616717835647	1271.1323296785774	3723.4717212238047	1656.2837843166474	1355.20819144933	9.070136069173401	613.4066195393222	75.27364992011911	36.26726647468936	1225.355740464271	448.92306758384507	1230.4955915489193	12.878652941202812	11551.230065171914	1352.5177228717605	12.2
40	1438.9514089774477	776.4554029742361	111.97387716367587	525.4578856008518	2034.5795750357322	1234.4047913252869	2931.733115099708	1202.7713609176037	1276.819353966473	128.28758637440893	717.0386686876982	214.20102736840036	218.1066993394989	1171.5154581685404	468.2021897509716	1235.2634844426993	203.52493861079324	8248.516571543518	1576.8830549685288	4.1
15	2343.639532916113	707.4793835009203	119.88706614716742	560.3269194241116	2352.8808529711664	1435.3851226833594	4774.206361385562	1585.2437202864096	1690.2301344970817	140.39525601863787	761.9269583911555	207.8096019243188	202.56874339342372	2046.456243853808	593.2209023317332	1462.4212310943415	240.29256737975314	10718.993367007693	1550.3157853694395	1.6
139	2090.907450116021	568.8971906297985	0.1953333678320761	415.2540920834212	2362.3348666898128	1191.6229390105561	3265.1999781754184	1339.1720387884843	1094.2980680497953	19.115310523181883	751.5674620046639	89.98021214355221	7.254125271353891	1343.914637056166	301.86257002777194	1208.6489858717239	38.7170617337175	10042.558222804975	1452.5202050861244	14.0
37	1976.3151950536912	853.9680236677812	116.97802101414663	659.7060131966836	2867.797478153391	1356.40932920507	3503.531941584182	1763.7887659496469	1575.073820763984	138.9942344181733	685.2705089663191	216.2963549760788	219.23129417774322	1382.2517889660562	456.03021718385065	1399.6735072737945	245.5987521980485	9866.299298521846	1626.224485252267	3.8
41	2298.6145176350533	737.7979674191505	108.67701003829015	575.6395677980231	2521.6529954422854	1180.0118661790664	5332.403354772603	1610.2939585826773	1874.6329105777115	101.3797625238619	606.0310658539111	178.01117685718737	184.09079045343393	2205.015632634533	431.0060411373886	1335.8688810317356	188.26528827043225	11921.876744440688	1273.833490979428	5.2
82	1965.87524079272	501.74451900754	14.18770532745401	565.5840897342789	2186.9807005409957	1112.73745092908	2992.5471488497697	1375.7944305590431	1252.0648115305635	16.894915320497546	467.2121146171395	64.88185018027893	54.30406300875047	979.0646535632893	430.34952811633025	1049.1474629462102	27.206494948568203	9807.138504085728	1195.131281402624	9.3
73	1396.601947978232	620.4620071041866	74.09740334897985	455.4905068386773	2093.818794236699	1124.3236983145553	2980.260072474983	1226.3044229462039	1380.7141053123153	50.76215482611289	487.78152294618167	118.61942364528818	112.32390476092417	1137.4520554071676	485.67941208994125	1167.1704578762121	86.24388912486377	8846.369724918342	1511.823692586474	7.4
150	2139.16143153909	641.7638545906433	0	385.5074788747923	2059.6889961224065	1157.08857121959	3698.052545455445	1357.7232188881828	1281.1922343413437	3.9421148094727867	681.7395487673227	53.77814174549978	44.83461394862603	1402.9569132869653	281.7624101126178	1160.545635501166	39.80366347559482	9896.30044280518	1425.2149673337578	15.1
57	1511.1242630985878	713.0182479059379	104.74940646791788	466.35782423166	1566.995092729269	1058.2766721315086	4639.555098574629	1076.9096519116686	1057.5208883397327	95.08754452075871	394.6719131653769	142.63571125832738	156.2430176703411	1387.7178500005134	429.8040315066088	948.9970132427919	152.66427472473384	9749.114869808069	969.7437504467277	6.8
158	2385.240856368074	814.5649090670339	0	526.3785933315571	2893.9831842054464	1241.785673753999	3657.04279731639	1624.135313008424	1485.4525862663738	3.386260398936642	737.6593999468109	53.21605918811049	15.245912524366469	1233.848913855951	268.3704583208532	1220.8631170060105	32.00990672436584	10679.406387979907	1446.876337381591	15.9
28	2245.3845713775327	777.5722623657564	114.61055969963128	722.4415703837922	3157.6383199668535	1409.2518387328669	5576.460388990789	1786.3110212295846	2059.235063005151	121.00693520686981	674.0124084844638	205.3022282666336	259.2526155779281	2281.433837491717	535.3649833419078	1459.0817064665257	255.02023446819064	12314.179647483916	1667.4298896170826	2.9
18	1893.6155850066739	778.6091133850808	114.69471496563632	654.3315171080222	2774.804159663497	1167.8645782582048	4793.723430075544	1560.4947729974738	1834.155545728271	129.00230808122254	712.9754330771533	173.4502737622939	259.93511525360526	1914.6048099305483	385.3785559743102	1143.3122727672353	298.55961240416775	10021.189116684083	1246.5456758344558	2.9
17	1723.5376479860925	687.7798177019669	120.29184023547379	700.1893683950467	2594.4918125320273	1316.5508872972568	2387.079693742463	1504.67613178186	1312.2837010423555	130.52022220219817	691.4013949714337	203.79521179447693	151.5337341570455	1294.1743169112935	478.8020616989347	1115.5017050862502	223.34974261723497	8304.471574206382	1584.8329838649304	1.8
83	1947.5548427115023	577.1516753427094	0.23216532911585575	464.68961630904766	1869.2981811267507	1179.8851120216946	3627.111988942892	1187.275523601374	1300.953081617297	4.7377670940170935	657.0166859135967	56.708579169332914	62.859248402271135	938.5558399711566	307.8341539922565	1200.689952791059	56.68004440141178	10154.207459341955	1428.337768280271	8.4
90	2194.4301490286603	590.4327604291118	12.781057098765428	633.3065305472173	2667.759731422871	1211.003810809399	4434.424021193226	1598.33466284466	1745.0083502633681	8.84340846454006	793.8980880419252	64.09821775410687	52.79624287960613	2051.6864837547914	460.2793165775237	1246.4365656819805	79.89366816278086	12075.365575929256	1529.3831377069498	9.1
147	1419.3825656356898	424.32401980531534	12.792844742063489	544.4471148088985	2357.34936804208	877.9490099255679	3230.194015371251	1430.2319745516868	1242.908606940033	12.978798535155057	132.86927756098274	42.41185469987243	49.98722883475423	767.6668528071625	340.39395719651975	1016.7075295093161	60.7945692964621	8778.269237470846	1209.0735424476024	15.8
72	2169.7195106082595	447.8088165374479	85.94805773529893	645.0932650083486	2540.3166109820377	1237.328183396012	3973.072570989229	1653.423666891655	1421.151018689472	81.00998628263767	590.1686740253849	147.540168638038	111.48336632166844	1155.7170863524418	378.56526769247404	1383.2374708955479	132.62702991776334	10572.646189266878	1583.8136081535833	7.3
49	1973.2446413279488	708.1757361685239	114.54533688361781	451.6646721414166	1754.716665162813	1355.584867914238	4211.754335669232	1336.969333562011	1579.6402943702892	120.74630096116297	907.6892148160317	189.48428308042804	176.75098553868284	1306.5010064888695	478.89233520562374	1348.3233870685153	217.55247274398775	10178.165867848782	1506.8250804398167	5.0
19	2460.353699572469	717.760542289503	112.79287976425343	585.0823636138247	3005.7338345097683	1315.1016049845025	5263.228723588765	1804.6630988549157	1920.9653196830534	119.04067025321758	680.7155466418864	208.1999870888019	259.5279342316078	2175.1963854052583	534.3021649002999	1499.2016692595387	235.72428891362438	11790.153718091782	1478.7202359034263	3.0
71	1980.8322953392794	513.311570545282	16.724404149392345	450.2815538573052	2641.933898560743	1140.4979229940657	4023.4009534048205	1588.2799482324403	1336.334908099122	24.515086465658193	458.0464380807269	83.61762682300257	63.02729708415843	943.640473978692	407.4085517816982	1130.1351892577654	50.61231134615129	10839.291606991137	1267.7203738715277	8.2
76	1320.7021538489287	506.03723360634467	16.214717518688868	525.6001367800652	1331.8907165744204	938.1101270486571	2234.513720770684	888.0037513078391	1015.4208222433568	2.0821964970648166	216.7610543650967	32.66888047134924	53.437262485848976	854.4239081783338	266.0590726934227	770.9841776100815	54.342797672042806	7417.933781607471	897.4638691295542	8.7
80	2142.378746339287	600.1534010613167	17.35862779934852	637.8051094287134	2758.3925266513356	1240.868672367123	4769.944759904964	1624.3104271227503	1882.5470170916135	17.89005006360146	539.0857847864978	81.62900109217966	78.17717265089561	2051.5869518324316	491.02514725011696	1279.7074638008837	89.12978688848762	12522.755539641863	1388.9423771920829	9.1
98	1378.438649934449	491.80659216610957	0	527.1249744148772	2289.1035821800356	751.5645918753761	2521.4022555478537	1292.670472257245	1247.8300653350284	4.796430498231927	89.70018006958084	49.67716236261623	54.18638949804952	1003.2738911617417	105.47075090514848	680.4435544129003	48.262853468745	8173.901006262251	1187.0270815432887	10.9
93	2125.951921694258	534.4788739773027	15.062440666029602	592.3710641180851	2447.9093435462564	1171.5632733114705	2325.076320267143	1427.2982862894455	1522.0892453468591	20.025007053269384	698.3710655792119	68.77792563991497	29.187570751490913	1411.882850582073	394.1136504475914	1112.0776308611707	60.74447593612577	9941.631792692278	1505.263807420747	9.4
103	1184.1333712596377	475.3857251169959	9.751196509009008	557.6689382531707	2104.763852332313	636.8117235692123	2282.0945020644995	1418.2840198237336	1152.660800635017	3.961837982418876	144.79316161715792	44.53856437398901	57.35404439285752	682.0365239308229	311.68471698722817	910.6561968131624	26.125304348423242	7760.3546467363	988.9116241750236	12.4
118	2218.508413515231	701.0579526659404	0	483.8837196745565	2449.5305174991804	1191.4766720000139	3668.9909941220426	1688.4618935304977	1329.4305571099226	0	563.4492467978478	75.63942017679913	34.65560574271509	1021.6405557158604	278.8169367816838	1231.151986952336	47.8159666288149	11204.870090349003	1483.6347400466468	11.9
157	1579.0971218957316	584.7969564937238	0	426.10036274389273	2430.57878526646	1008.3631349754882	3158.418370645543	1345.1753944192633	1195.4618854383186	0	344.0622270215713	45.839075854700894	48.2463097754198	932.8830972296752	146.13306398020694	875.9717758640726	25.01461385836388	8785.793495173933	1287.496085611689	16.8
149	2140.321374892592	623.2596747076672	12.986167726327633	394.0746760752232	1866.7419558816662	1211.8707224062045	3387.7490371346903	1174.9987816933542	1516.5342877250293	6.827927587944163	755.946357133092	53.28969060801774	55.40024976523116	1458.4095102727233	408.33487227413434	1168.7346427560922	35.65083118322837	9859.856547230758	1421.402624895419	15.0
12	2366.9139152678185	833.0302320921131	114.8195226069152	705.6656286832504	2904.50033565006	1434.8623772763106	3393.5695213469617	1752.767046962438	1702.464274254662	124.91479766170826	924.9926082884168	213.61697775515705	169.90625553410888	1395.2925249517275	562.0621997534586	1492.1929506574425	239.5558011579932	9378.966127765265	1636.3125250028236	1.3
48	2505.5497535244235	819.087631013075	108.0902936692582	563.2694510687793	2673.847567474137	1359.6707315024812	3570.648007466194	1697.7710947139967	1697.3575413020333	118.14435808128106	685.2135351736647	186.79427230655475	222.78922252940956	1648.8340271171364	447.7702840665793	1509.889548663009	249.30291148157278	10615.479577671736	1633.3721158471815	4.9
172	2220.9996328620327	592.2913144552974	12.806363049095603	517.1537601360723	2673.799760790135	1239.1894738239919	3437.0390950021106	1629.1788631621696	1515.0356158067855	0	558.1733056171713	64.05911272293164	29.402224875433973	1119.7599738594756	436.7031864081151	1219.8139158464996	57.724182698023796	9929.952702323953	1412.7057449425308	18.3
23	1695.1667543128783	731.8340763949058	114.6945323426972	708.5151338081259	2818.8109734390105	1257.990445168473	4945.313546082802	1602.4937523122423	1688.045794088361	123.94025559632587	711.7686629011743	190.95870421837353	217.9962180337622	2029.5446569382955	584.1567952338219	1315.6592785592434	218.1563603456801	10737.564959707826	1585.920027236481	2.4
130	2239.9971805467185	584.329773164567	0	522.5935675759247	2911.0580382481626	1274.7589825537982	4399.970765779027	1675.961952132675	1653.417842133598	0	531.8451481567575	64.0613425925927	23.528984629130292	1707.776679839545	288.851035167302	1214.1760783567927	4.915625	11708.431563946007	1395.2141401155036	14.1
104	2341.1520806305775	742.0347245718445	32.66565604470073	596.279265179894	2813.748653825095	1325.5117105461823	3502.41845163245	1732.3048256494003	1325.4341522368368	47.2088893691484	753.7449436032256	99.72762862655412	86.84886469375009	1265.3733134961342	481.34069856923526	1313.3471860957966	44.38338418837231	11211.80723166567	1547.5068244938038	10.5
27	2242.986225157487	773.1372031405342	114.81726010043826	626.6903332195523	3079.006855296405	1441.0441671686576	5527.311112418127	1784.2653859299555	2020.929840912768	123.94415404390573	708.054523400562	183.51310734171128	163.39399784676598	2282.249672508836	578.2985616512505	1477.042867179411	221.62317372287873	12129.754427318658	1659.7128201431985	2.8
91	1983.5905581972117	625.9508865375681	33.98787787679126	681.8623716371641	2679.158805119941	1196.9535067678673	4274.424014792806	1467.0995019682714	1656.8525785433014	23.86721099142383	850.432887747625	81.53153654678397	45.984505514562976	2046.4414317331841	417.8123806784631	1124.0590039838564	75.64479836366806	11782.072279241844	1531.2424931607438	9.2
164	2148.22995790863	462.25052468753364	0	438.14313990330027	2612.405864853755	1093.8100310218535	3278.2681054196505	1441.2570657788617	1285.1643348989955	0	570.7211221998865	51.99685728458056	49.92838070092715	1248.2445446851916	284.2339760573185	1216.380980006617	59.756242747283494	9711.204791948425	1392.825861573388	16.5
33	1790.9624234778078	724.0871401928682	114.07557468350659	524.97373522969	2271.1043015381297	1245.3184764418006	4344.5799831329305	1407.346737117048	1325.790697758394	111.50760001654183	455.0657776684471	163.1378537252002	208.07013912769372	920.3502989014899	537.9475133711825	1150.9084152995651	244.1478730417075	9763.194271334038	1232.4527310079782	4.4
8	2206.34725122369	814.7953680917699	115.26859952504684	614.2156662322669	2583.0958433612245	1358.2047790715571	2541.888475768831	1753.7710872622658	1627.2267513646461	132.92815678060256	900.4591015660983	209.23810891937384	143.79633318174598	1503.1270621077474	620.7273689763473	1407.038045372279	238.3861595072406	8898.352499735154	1619.8099799844301	0.9
160	2064.2685054758963	597.4465994003752	12.813234508547005	463.40174840170295	2530.7956275793867	1215.2514218663825	3208.287086334556	1558.614944749454	1363.526630428777	18.511603242982286	733.4380664308349	89.01865333449817	69.02195015483188	1170.047142713173	398.0812688651921	1203.6877631854823	57.908343445193296	9693.446276449053	1453.8027558497388	16.1
32	1870.7935608633757	887.2776662420735	114.47552394081767	700.9062003993504	2949.8248203999387	1278.791294693854	5315.136685438741	1524.3238721294908	1835.3514729737599	131.30175882964264	586.8757628281677	179.86012360512126	208.41922914634347	2091.7016196822156	394.50848685238583	1270.7261772347351	273.9388779684763	11349.721083750652	1435.4315935301804	4.3
87	1922.366612312555	591.8163594564479	28.420675464600862	462.7343798537827	2233.5442875619974	1154.2927252692782	4219.440157263831	1449.7190735896922	1500.5372227266296	35.26157494362739	470.8699696757561	98.20091833629945	60.124219892056665	1898.0614319366525	218.89951921678397	1165.5230070524058	118.88778598049744	11207.020732285606	1515.4022210631695	8.8
52	1303.1154644425599	751.4484803126734	101.09569401828422	667.1821494483403	2549.7067259489554	1202.2623620674951	4897.8039471813045	1496.9325148063706	1397.6634183506858	110.14090590486259	609.5095169417767	192.86367507187305	179.93802715044018	2138.668841182834	470.18461732005306	1258.5874325877073	250.34028578550223	11128.311159863777	1638.1574560239394	5.3
54	1490.2148914006218	589.4452116004604	87.67544189377448	539.5589030800711	2334.070886420467	1037.0553920039854	2778.495374098666	1304.164429396476	1471.3403660778463	81.4459091096499	341.45494820934533	126.99402286147647	138.54368562796796	1000.1470231726233	231.66785155934912	1134.0326357814754	148.37997812282165	8505.01179746618	1235.1909092584597	6.5
156	1754.937121731539	790.1204759900567	0.2338447498658236	517.6594999237395	2703.9537145014588	1120.402227718444	3885.511747356864	1525.7314015884012	1335.0641209844034	0	528.8238429168387	51.65069139863553	13.489669318863395	1560.6074450776582	274.19353439718986	1077.88548979943	1.8291057504873285	10315.512779711818	1473.6693937075797	15.7
122	2257.5834347193236	685.4006524994765	12.821240421455936	497.1649726749498	2665.023683739161	1275.945640984962	3741.4432915839675	1534.1706166373838	1413.598607250259	0	781.4348170490318	57.8911986082748	20.750156205832138	1453.8933638418428	438.7647550253619	1239.4937778993708	49.704327218380485	11545.83206558761	1440.3733914090055	12.3
162	2146.6434361702227	698.8641402399946	12.827477636534837	386.6416461819081	2212.94491244618	1243.1601893593868	3337.3103279247102	1463.4781021833153	1334.2842418021849	18.52450174636956	756.8364710460114	68.3472332278511	9.866648253367003	1103.6400768266603	427.0838981115086	1197.639828771936	0	9612.107806826323	1366.0152508475185	16.3
107	2489.1879313334057	940.9160858979446	53.0320413520996	551.8356068227062	3059.8605575740476	1426.3884509319596	4262.8850220493705	1726.5144124488277	1757.7187402767247	48.23109111236002	803.3578709871183	123.91128829025207	75.79736024480137	1940.2812240987676	498.6690886488519	1408.8364645040406	99.81552336342881	12406.28139648049	1618.0450430478409	10.8
121	2090.4355768171595	442.1441201922726	15.193200642041115	535.0076479624659	2734.9309016556854	1134.52954603843	3854.869971040744	1667.1564484985272	1644.1526436655042	15.109439165096148	620.4038462098968	73.12076358793887	56.60365319492656	1657.5972506786381	431.60424317795565	1286.474903897134	48.92266403788485	11662.691032081571	1488.6112667575264	12.2
35	1602.8120303127077	717.8111421095134	106.80793149532445	691.3508548720033	2671.4582771654923	1199.6995722681486	4540.867735235408	1542.4313437046867	1574.6796922508297	104.8666752192586	557.6040351103875	152.35385008462868	208.61978353626486	1066.2275079730164	341.92425232930924	1310.383183129886	200.86738376237915	9979.776719363086	1326.5466927089938	4.6
42	2147.393386917652	539.9531571821306	107.05143594525919	542.0091181239139	2520.5549494367133	1216.053733273008	4288.660749943799	1405.2265009079943	1461.2634308419383	113.58769289308407	673.4997179016443	191.2476242951766	190.53020909205586	1226.1524985183135	324.1042867694753	1392.292358590984	258.0520239831179	10401.471485985212	1594.155695962018	4.3
179	1974.4703422670316	590.6845367633837	0	340.5324167394195	1739.764048862068	1152.439569949601	2993.6064979117054	1212.2483210924136	1436.324428433413	0	711.4247729185645	50.5499781342067	35.02989858870971	1308.4995058965144	153.40397556050416	1069.2875960432602	65.7873088789437	8518.037707959196	1347.8126752961477	18.0
159	2149.5248474706004	414.6697231439876	0	483.74062749430936	2526.369814204198	1041.5682089684199	3283.9483825465427	1409.6101274512391	1241.7795925881496	4.4604542530951115	581.4911465528304	54.28510909767189	48.24590130318356	1354.690391999722	295.8983519981679	1227.4888618706398	36.683307160540544	9662.941020616174	1417.0266207424197	16.0
45	1897.440704930446	698.7940738597327	110.4297530747709	736.0003066103566	2797.418487571514	1194.3765234677358	5281.742694160599	1594.935901408937	1787.0493600982597	114.23632420610441	435.5794867017157	168.29611928169376	230.4971102310213	2104.173068592368	431.28954559571827	1284.0239490040738	171.38774575202308	11558.3834286952	1398.7796247318408	5.6
44	2186.3456320200858	864.791077883303	107.43515709557485	650.453075062253	2946.5508648153686	1381.2772717025825	3409.6562527689894	1750.0311541700098	1582.2751642365363	106.30631133473761	817.8622603662584	178.627992960318	199.7003616588397	1273.82643538658	416.45183451157317	1442.4843844580805	217.34317586676218	9980.717194009809	1678.0689320703375	4.5
92	2135.6642935819077	392.90862529036895	58.46777268481191	688.8186985348137	2723.7894452947503	1101.2302444073837	3666.0274996483104	1664.726054051176	1654.2589813049353	43.23307955352196	585.1800761595701	102.96295052747838	63.99413673030068	1838.8459724801448	488.7414753169167	1353.9886383125702	72.90916314648571	10902.36791288705	1539.8332456752341	9.3
125	1450.4191919079342	629.6382688639774	12.829257246376809	531.3024262044202	2396.584658073221	1053.7403322553073	3050.067484784065	1291.0005021088057	1234.164790865289	18.52510991008613	436.78059117033615	61.83211096684952	38.38345473631527	947.1753420279972	298.61485787494195	788.6814869767984	3.1492552334943635	9445.176609538436	1283.8073744541039	13.6
79	1544.470869103151	567.1724762163828	53.90845991044792	615.6041843045786	2422.4913805863525	871.7519628233348	2529.611363948716	1380.3973377109942	1329.0654153290159	48.49097338207158	214.58706125645608	77.5689374565969	98.34559724237923	998.9260313120863	347.22672467925764	1083.1541157304632	70.34298884292552	8729.582693877814	1180.181327657083	10.0
101	1123.6158951491234	508.2000837546757	0	529.7188527276711	2314.2987234996	759.3923190680466	2899.6542658888366	1211.0650541015818	1353.0638181060165	2.0835990479916533	143.14413227418297	48.28449410621435	66.57887331268255	1438.8572635413793	100.07657177551918	577.9281233643652	18.644666243815305	8683.965692341308	1099.0728805656793	12.2
69	2298.2198920225837	635.7530368779078	104.49743083266486	716.3953434183381	2551.591621821661	1292.6440317236759	2656.698974019133	1537.5033763222968	1647.4124156198832	95.66335107443756	902.3470066947058	157.70624584440603	129.38860020261947	1452.373744182717	457.78410167856447	1292.1129759018213	162.45114801928395	9751.804113978997	1619.414582031078	7.0
133	2254.5949724960287	754.4239087648111	12.83442732115677	520.2581686458883	2689.64208784256	1343.6461873329133	3811.6094361175215	1582.8488945460908	1621.5738686991976	5.464649399547184	830.7188602165405	64.27898005292649	22.26886522631178	1520.3489960604181	449.938886016466	1234.8837944894299	42.5023685982581	11222.46146720066	1481.496429815502	13.4
1	2100.620778094159	524.8077867660048	113.1292838489785	560.0257119823287	2485.0170382658025	1160.023305968295	3068.4815123571475	1676.9356978830065	1512.019574623512	120.136280461382	888.8109549969074	210.50945308833371	139.93389912698836	1302.0359027378474	522.1941608761235	1325.8931449112586	209.5364431731479	8227.789787133663	1597.2987700411195	0.2
29	2299.926884811701	677.9505169389773	113.36993136228226	703.5798825423	2719.520014413356	1188.8685071478674	4265.449603153275	1670.5750439587919	1710.4425664324217	130.4866404237041	887.9047585304455	192.9861640884709	173.84556540495635	1481.4284930671608	475.9503900785879	1262.9700375527493	204.67889138293674	10721.699380466818	1646.7546525117118	3.0
173	801.7293497190319	459.79499622552925	11.003517909356722	298.528954798877	1003.6722078918654	481.7592299019978	2408.852869315235	809.4021578217829	746.1116752418927	10.094256291468916	144.00262097691885	24.192534863884603	48.24186280796689	394.05127863015855	220.6726342846894	574.1210418175463	12.998023623511903	5537.145368351094	622.9391761152312	19.4
77	1601.8194360112586	701.7756097707417	68.29426990458722	488.6507997430944	1856.88319600854	1110.3904301000425	2809.318554866529	1097.0382232842906	1310.9268700143139	63.45839609445639	446.4176649680003	115.60017249467734	130.949050585723	1385.1677308859655	242.84348979236321	828.1913982744844	93.55121302757988	8578.63610437851	985.4485480928068	8.8
21	2581.5313201495974	793.1441233554845	113.44041131089132	663.7718305053104	2975.7276122526227	1448.881074876666	3647.8603458978478	1840.3661861110527	1689.7359597289483	122.80904024466466	728.4124978888606	192.24211800184727	234.53449738324656	1407.5605641297213	582.2026070812788	1503.9074350675353	207.3459796774076	10401.102196580114	1499.040996134676	3.2
140	2216.129825650567	652.0953315586061	0	543.5650498425679	2728.9858926612105	1273.2497607392222	4297.613994984854	1617.6184356737122	1549.720017497226	3.907270170964188	552.252323500138	67.94167510030591	45.805915622054584	1651.5025064453016	304.7980389339396	1226.3718853209925	39.76940666533568	11546.11866152418	1428.3010100345327	15.1
136	2361.2327169537575	786.2120017075933	12.943973064403718	505.45254751622736	2779.9947622837876	1366.3161832685876	4055.0192536579902	1669.7443793956168	1490.924160526116	19.222977427620684	652.2717000263999	69.94250368528246	20.43485583469499	1250.6378973543015	459.15339245537325	1282.1948252293232	7.318612557870371	11708.379016643361	1482.411127063022	13.7
113	2305.152232800068	751.4180106340967	14.530206353211735	494.3680967034003	2750.206893787188	1278.1187169162015	3858.4579024681893	1488.474859784609	1358.4317217926975	6.692818047931448	790.0634964129622	87.20407709344195	72.07039986109493	1691.1940249248667	472.2711376804799	1284.0838486145506	62.20103381449026	11666.953203813306	1583.988082020113	11.4
78	1879.45229257169	707.4891354281528	89.5832613005228	656.1050419847404	2861.2600521860522	1212.7315302169259	5199.010564062766	1730.0011096129892	1920.281718603672	83.89100907886856	445.45236362121045	141.4906708050414	147.50925983621235	2212.2330971784013	460.737314227096	1360.9906134191654	186.67815091683536	12533.554435962622	1631.071286032699	7.9
39	1334.9809003901428	564.602449250423	107.89618955854444	534.4881721055112	1559.4124604627077	1001.8974568172548	2349.117916594231	1043.932109431502	1244.328260690735	99.14499510947648	298.33560098892707	143.48161305156376	208.65914243678924	977.6108699279049	367.65402611604225	1004.4756509586091	154.9827679656279	7050.70678950418	958.8303193947835	6.0
146	2448.771906941552	815.3429526790345	12.83097718253968	540.8821711599843	2886.8664343065334	1389.9519857138378	3982.4855556046846	1668.14558404345	1516.9555649662948	18.528447826620848	781.0212912812227	68.33645708588017	50.338330056592895	1391.8798197539595	458.52670593477666	1273.4179465408952	3.151269014550264	11517.661700592964	1492.4302141129215	14.7
60	2093.9169852185896	749.3275678273667	106.9669076094439	605.9747356642031	1926.1440945992485	1389.8926285670807	4810.712983807132	1450.43713050579	1409.138502373478	99.98181041736716	867.5354350440176	176.43000664518647	173.1428237742239	2039.0416939689267	517.647832929321	1437.836069398308	198.03826931647004	11365.445208434132	1596.71016275345	6.1
3	2126.7793943355373	802.1430095528335	112.69672177180395	562.4695454513691	2416.418119156012	1287.5070165993495	2238.1300727474404	1336.2531612453502	1081.233978272473	130.97681456093557	722.512877119323	181.62909492485156	172.39736548957293	1313.993439203736	531.781008870048	1139.0391895142911	175.9318406993763	7973.27091535313	1256.3139953809787	1.4
62	2065.1522682595014	805.9235525266247	78.13528214379814	581.702589947473	2725.8549152534915	1293.9852603975974	3063.6600699855435	1490.7837736818617	1368.6560692779115	66.4289553519063	611.1419466924286	126.19603181812809	106.4340242437625	1074.595672944891	473.1758100463973	1307.4702433143302	126.88978194794369	9860.092184806646	1413.2778757558253	7.3
96	2059.2378543346695	615.3740067923661	0.8562381628787881	592.6666560125766	2578.159602687301	1182.1448540873107	4214.66375516726	1505.632868496038	1329.4077899888944	5.219941194271334	555.9491243211078	68.28894685942181	90.84156901017222	1712.3068600732972	228.16795807783987	1212.8901287457713	97.50477746191176	11683.288854780054	1516.00981916676	9.7
161	2145.1979617229335	646.2015470586658	12.839575530586764	565.7431791255374	2613.6342738502626	1273.0006628778883	3158.801035309216	1467.430524153913	1313.7901577987354	18.526898854841896	782.4851574747488	68.32452616965678	7.176131687242799	1147.1698433545153	455.18341622080885	1194.6758373776813	0	9653.021924667464	1470.2899109917569	16.2
66	2376.0945430124084	653.148849738637	100.3290218351992	719.7933299419287	2784.205159661701	1338.276286443944	4452.966096065694	1716.7516922347907	1561.5973250476704	86.42783512569716	677.8406900499308	150.96574039812455	134.9562374182751	1255.00151888638	533.7556493189803	1530.3042035032229	177.65649464308586	11804.594280229905	1617.628587779013	6.7
20	2164.694085304456	683.263115829643	109.7285973100036	548.5536021707439	1946.8337847849664	1405.4104037660886	4355.085064798027	1499.2860586155446	1358.3298238267341	130.63784964963546	886.8877102851538	196.36328820901284	166.16121109586342	1814.7906318237522	535.8571249175712	1505.9906437583247	227.74276278501995	10040.605377049227	1564.612352778836	2.1
13	2353.843999148092	671.6631258948883	112.97280901157065	603.9941725357279	2696.07100628007	1265.7085186473466	3119.3639568660515	1756.9596021656466	1550.4306958602895	120.20358647928836	890.9831734095998	186.72945604683784	154.02362576784208	1385.7236404468258	555.1350925799211	1484.153048076577	190.96365706268563	9022.395532333736	1679.325243192212	1.4
176	1361.4237531595852	471.3253474106313	0	363.54055045591303	1582.1229989098508	832.097176695365	2827.800343165277	1006.7123685488059	1125.480797850864	0	238.28650981795568	36.884745957074585	42.8130340807675	721.9398845124724	133.37117746394034	907.238292634707	27.794952829125958	7212.386148838591	898.5960408144317	18.7
84	2312.043156284127	584.0667455046703	65.52062526911902	717.8394496705263	2668.5084281277414	1316.301590963558	4198.283642595538	1733.256360402769	1735.8929007951974	74.12387814242092	736.9402695137048	132.00231874346125	79.63978727531375	1389.9226416029644	482.2827275658065	1375.1893925464638	99.3574504708884	11700.79960642875	1575.852568903349	8.5
152	2228.290525824962	622.8504686826282	0	487.4387549831743	2731.47817341887	1192.600511434109	3496.7567792766977	1613.043395070128	1438.506976997464	18.534260282928354	698.9051632186809	68.3344069775882	8.067307374338625	1292.5523782953953	299.9130668291991	1236.8056409112137	39.77773130158249	10249.886345268735	1485.8108088598233	15.3
11	2297.088437322335	836.2566832365452	111.59281028986211	700.0622890103052	3041.889565325467	1469.656054246812	5204.326919012574	1745.6852969638617	1956.7200015920253	126.83487585741425	729.1451223407039	195.61198225407682	170.2537540976027	2094.825431427802	573.0660340003589	1488.6537549920777	215.20722273673516	11304.709181740853	1488.6174942552252	2.2
132	2073.895556427079	602.7317999701702	0	451.2781801032856	2602.3653769832576	1181.8366696596506	3295.3693791836613	1458.7681755161277	1326.5656341108433	4.481073986142455	662.1618196442708	59.70216943821225	14.295119682674509	1060.847501224286	180.25419886571376	1172.8531677357503	59.754451242679266	10228.357178657505	1463.1194568135538	13.3
94	1708.7450543124085	588.9455910758726	14.541316316094393	634.1240275646783	2656.758847262001	993.9597652165638	4328.236587514307	1491.6829918051396	1521.1273720859833	23.858789460669684	346.9363118902486	78.93294439898494	61.22082320961685	1550.3320287017082	381.78722521378006	994.513721596731	78.46496971146746	11009.95273196	1304.1770190614795	10.5
86	1399.0570323531963	500.9130445327748	53.10734029910076	625.4237966164812	2504.940381983517	922.6945562378726	2589.709006370058	1467.5935828074983	1299.3460972867613	39.591460450432926	339.18013988668883	90.39329495248053	91.28247084820555	805.9044363180494	393.13797677550934	988.2608516906782	61.805838480596	9007.05552026365	1284.8983971444136	9.7
165	2208.9710525014957	798.2198516888454	12.836319444444442	568.907991687958	2777.420124162945	1269.279226761919	3516.9213862023253	1555.6390278123397	1414.6234392483063	3.9226131437863456	731.7824477116653	74.4571273506443	69.6374290502568	1373.633278182992	425.11501684504384	1132.4551633686308	86.3844344752175	10317.478044540372	1497.1322643229546	16.6
89	1258.0291529824608	561.4537343168581	52.37994227676152	549.2950064582192	2179.7591472073686	808.8164532928381	2448.599368495543	1146.8939766898065	1035.0342883226524	50.480776402483365	245.97476560484947	82.75269984422397	94.81234493474524	1193.0786969450096	268.7502286958991	681.8733853642836	54.71279647596442	8254.51280153284	1132.0997559722737	11.0
70	2574.203949811548	933.5441385782838	88.43901045117116	659.8885036495752	2967.573527522043	1477.7481603911933	3540.8699333865216	1716.2170609477673	1725.280012570107	97.33611599637162	779.4077539689968	174.90407995424044	122.8826096025501	1671.7126414354939	414.615221613675	1391.0750292937623	112.65498436868529	11395.812602859463	1508.6157256605404	8.1
46	1586.6361793779274	596.1786386969573	106.55432079411298	744.399142142664	2643.0826205057774	1020.2044449927648	4261.006310997501	1472.0005559640804	1421.3535742181177	108.78677695278148	398.1706291716064	154.38491219032426	207.6856344008001	916.7362575455239	462.63090723093813	1173.889649540967	170.4658062766002	9902.096243157053	1308.9541769825478	5.7
22	1211.7206135690833	617.9475967713921	109.75011813340123	670.9681852691266	2364.036632520733	845.9111697079604	3835.8785216494693	1461.2374102610245	1373.6234947068651	113.47274148088802	277.80556867959865	166.30662782688356	227.8138190513128	922.2066904056455	475.550761893258	1028.4547001125973	214.75250756728747	8154.025610555867	1049.3020100417855	4.3
123	2226.182457974506	858.0164815480056	0	522.4196623649842	2715.1350763699634	1268.5153640676604	2706.5170336424185	1580.472962023664	1304.1609687234795	18.559353899450116	700.6249192442821	81.64611450212874	44.4079289016291	939.0089973862655	270.50958606520874	1209.8912696134046	8.405746255429117	10368.750463654982	1352.9078238933832	13.4
169	1822.0267958454567	864.5030043880381	0	490.6919256269277	2665.9986741325856	1149.5036775032493	3705.8969300056983	1513.486704350901	1416.8701834152087	0	539.1698123385655	63.091910603616995	43.93576970825573	1388.4969931210744	237.80435417686377	1068.4681160592706	0	9898.801955321063	1384.4456980732127	18.0
51	2312.2676947604327	817.8433436551791	101.20592621478261	663.1104299331488	2846.8698047512885	1423.6026394533083	3210.630045722785	1700.6364603413929	1541.893187693769	114.38169165947103	864.4624642405923	174.22619692668354	170.76083148938514	1268.7806909114745	416.66213940635976	1480.1379086261977	179.8025294883498	10071.177216692227	1598.4772852997648	5.2
102	2165.0049851781823	786.9304777187327	22.301209873154566	447.01005240398524	2218.31909240143	1236.9278615119756	4269.937647865592	1480.826340576878	1698.377681157391	24.564393482066198	762.595118522788	87.3249575062007	54.63094209851791	1843.375855543364	201.73854420319958	1215.9055584833795	77.82640028574983	11408.66776732988	1471.4594851047614	10.3
95	1781.4299952516892	629.2469434027555	27.64984612457229	584.6132906347614	2251.228788760404	1056.2134337897646	2532.6315162887504	1472.2521603761652	1310.928030137389	38.38158190434579	435.73056038453575	89.46533852949109	69.93667852161508	1149.458482457117	373.8645252774655	1111.3462957567826	44.59959548739336	9403.604638981125	1275.3402864550344	10.6
31	1531.13942463596	760.9907432857466	104.97220257162704	705.444383716338	2642.084631814592	1245.5217191071065	4811.316628197059	1339.4542077522658	1576.7285702490303	128.63864641210492	750.934667695611	207.28235895584186	247.728052168518	2039.1334053266462	349.5409730887023	1257.8913249726622	233.3934424470327	10676.356861584001	1593.4362182432444	3.2
61	1777.2189581196506	677.1577813162594	76.9621101972834	601.582436410879	2751.6689571169504	1187.408285562808	3377.4521618325643	1652.613429213285	1460.3935245315256	71.35335212610912	398.4856989153197	148.4465657815086	122.66538788872218	1230.1934172044907	350.23402676109833	1325.720336408216	107.03940755720964	9964.527416456353	1452.562797247892	7.2
4	2124.7142726796037	829.4415499117329	109.23000051726665	615.1421912874225	2769.170503063144	1446.4717910671447	4610.12363094917	1500.4860725487915	1599.4774775050614	118.54040956779457	846.5151046682068	193.34158160032322	165.92850634451202	1957.0478259577335	518.37192491482	1246.652279164898	205.8516475819779	10226.704977220981	1268.108194962793	1.5
109	2123.7266592516435	639.817596083504	12.81907571288102	603.0746695619395	2639.2342445423715	1116.8651469013257	4226.516893751334	1603.1210155489837	1619.0066190663774	0	498.48276524780675	82.93078468322177	20.677339334464513	1671.1655178894962	459.48118019487873	1174.6642174972337	38.81909842698733	11677.725920301054	1341.4702032406642	12.0
119	1952.1602558589943	573.436110501631	12.822459795321635	388.489192930103	1743.0412885192989	1062.0605405888043	3246.052943656151	1307.836504503761	1298.9829115262726	7.256052877612866	696.5663624954802	59.72156563589443	44.75554002105113	1294.1132324680575	345.04611195467726	1159.5873578407363	48.20470057024565	10106.874515231857	1360.0384471376715	12.0
50	2093.5928874161095	741.6155222942452	104.37312407004364	442.5019215051537	1885.0141087247653	1373.796966772506	4124.5476969669535	1278.8194687400082	1340.1745981257227	114.00129351239164	873.4372393374209	179.80510468958246	169.60576917022192	1309.5457528496565	506.5282403436454	1368.4581405768604	189.54885104361924	10025.980013450202	1498.9550844235614	5.1
143	1778.8882853048099	543.8490098745157	12.828379430076625	555.6152170225098	2615.80931680356	1125.4958213595753	3383.4375134799884	1511.7141322881562	1344.8893398138853	0	412.01806175526843	50.88181873537861	48.29807374338622	969.8753709302309	398.83910974082636	1024.9330256493283	28.004867311507965	9910.526262562438	1334.7810744472963	15.4
127	2215.5380741340646	691.6472081788132	0.12397670955451567	571.0183708095892	2704.0911814927917	1215.9168448467515	3701.5008543229515	1602.2273936133074	1435.955990104999	1.569950839319041	564.2107939222819	61.6334515180717	64.83663695063375	1101.7906677697292	282.9527003585238	1200.0354803912605	47.77143653755437	11044.553824819925	1407.2221477465516	12.8
63	1946.7798154593006	679.78453497816	93.80808116776912	637.8059792304912	2468.027664040348	1325.743023296503	2303.7807277001602	1334.284021902433	1200.8822890081044	109.12422324769922	693.9484355773918	169.07948364679632	150.61238591218643	1242.9193081843757	256.22403138024373	1135.8751865002346	145.31440207847578	9113.618482469334	1574.5571643742096	6.4
144	2225.632510663291	677.3136269401366	12.826797385620912	478.9087249601296	2636.302031942398	1233.865283297197	4066.0519496704665	1600.2397959876012	1469.8430346056425	0	756.0118377221199	48.86386521464651	51.58313721079514	1588.5330115004647	429.3563112473305	1209.1604845903703	5.562426567849362	11099.065355655875	1433.053458133084	14.5
131	2121.2057491596966	702.819571484662	0	496.9874982902824	2645.9481232711423	1274.8521185944624	3949.45963758664	1673.773640398657	1464.8004671415877	18.54220792781155	802.9762858882355	70.73611198812192	49.052627759971486	1645.9892346781785	287.1411336086766	1244.3797418858348	13.501437552609433	11146.248855151995	1481.3345443732735	13.2
36	2153.846741261222	698.6375628263396	107.23829192414418	668.7778180258177	2776.645907758687	1343.0767220659268	5266.193492491904	1624.0000500542337	1884.5765073867976	117.12217319516311	696.8063274531696	175.31929884847113	177.72013006029283	2201.2492166722227	566.5093668165682	1404.5699154236377	215.94550413691437	11791.359876862947	1590.5885493841909	3.7
38	1534.7429584223241	729.8088303058	103.15585456611008	656.1517234750374	2583.877457968006	1033.232687635994	2786.216977039599	1423.8681656359547	1590.0223462651118	96.19025877666277	551.4292674830721	136.31359703942783	207.67484548578122	1217.3291931080305	442.8691537506356	1154.1355377759585	200.093211085701	8129.611275677028	1284.4510458899942	4.9
168	1367.6913133758592	469.9617317196546	0	497.0957417469556	2378.475919016098	742.4203014756472	3103.747195809267	1331.6112407452092	1520.0114853663301	0.5452831487320527	172.88728189595412	33.866478821900394	48.65177389320394	1037.8367683792387	119.54560893686066	950.5150332682009	25.769683677513587	8094.0041548189765	1165.0817359592509	17.9
129	1926.9317127258905	607.6404880679454	0.7342637388612677	366.4853339272034	1904.4024316104335	1126.035917815233	3230.6787263155497	1271.2994840897738	1183.8981569084922	15.16664301519759	730.1299684280165	70.47187385194434	29.90369563817778	1267.1144601070916	218.64275672243085	1099.6990253895358	38.19213235877582	9635.8207430535	1327.6001531240856	13.0
116	2341.5245090508906	942.9711161704737	16.11471237436746	567.1122139525655	2950.700192084628	1418.0839316069114	4279.2803782616975	1651.6605433456614	1773.0042350167012	15.144269246724075	832.2523242432675	61.53957759880442	61.991439770147565	1941.690078717377	454.5743271465163	1297.1628726236665	24.81445947898661	12387.685035732102	1519.0559503579618	11.7
134	2219.7807544174707	717.269669592416	12.822420634920633	523.3436490564327	2714.2238026535924	1270.6636503321001	4308.342734907264	1600.116716463827	1448.5883429746955	0	763.7142880305223	58.2070935719374	30.60022630296111	1814.4904187600846	433.16037697389396	1195.30219296325	48.13931867859812	11481.54258277048	1427.5212296427724	13.5
64	1400.678180591658	635.5427705676814	100.46392777720244	633.622650997799	2562.0810849136897	1085.7798804255576	4987.872827189471	1521.6945005961043	1814.654001976614	89.21230131208848	292.73073951394593	148.62873267637218	145.745580755155	1997.1670460579542	479.2616494980094	1212.8257912720667	141.89525847737062	11237.084473626042	1320.452922935702	7.5
148	1548.7926449959311	687.1789870153826	0	485.6127452064919	1812.9465967152498	978.5076591241435	3126.87327672218	1165.5721016001971	1279.3256295716972	3.9177506718195874	351.32667667793436	64.79325123186715	68.64611240341003	898.0834183397068	218.42436916386873	808.4325686683569	50.26462905134248	8451.687766829304	1000.6145421267212	15.9
128	2259.568559277676	622.0737997359021	15.114231775029486	546.2645176095918	2666.5553494917876	1266.847407429601	4131.391873412159	1660.6308173153727	1714.864856358779	17.74880538551611	582.1993485240585	88.75467783635366	41.05438644018046	1661.3487321338457	465.3047204680303	1281.3482193452721	83.48974775630052	11676.29605813945	1407.7894206579172	12.9
85	2382.8992937311723	748.578290832609	95.20274831552638	564.0328485310467	2787.0466415404476	1415.0415889297847	3383.944133657436	1629.0325249818723	1413.4690114841917	98.71960319053957	722.104361052247	158.73164122464033	141.27666860169728	1267.6897759474305	530.7249580119176	1369.2349918270222	112.7862063816728	10813.048076708406	1591.0255093764517	8.6
175	1755.0833857109108	741.2637240081777	12.827952714164542	427.0872782611087	2440.5248245072517	1146.0766120533992	3297.6566000131425	1485.4499248014633	1320.2859640118675	3.9215981477529844	444.688629576636	52.78672081396434	15.238223379629627	1023.0915897412095	419.00130670193874	1065.4209438816692	0	9144.403151079105	1430.8640572664106	17.6
75	1905.3998086685326	646.0161827541054	95.70509152358271	646.4866888114944	2084.734012978325	1156.8591717078016	4442.038421305268	1354.9264421500723	1364.1521566582471	84.16085680359733	458.8438055493901	144.53751503735495	146.61673077831747	1650.5712602646825	466.30439137765205	1064.683974990903	158.37436785031775	10699.086489428733	1180.7549157293317	8.6
47	2271.7673168464758	751.6592465048324	105.96920922408003	679.3349087662699	2905.33379773219	1358.7009542505143	5641.833919054942	1727.7384662459633	1988.302200729441	102.107158950136	648.21962930243	161.14706732581402	202.06927243846647	2290.8807960707295	556.6687265799391	1345.1478860461991	195.26650405332444	12619.268993207494	1601.6395961799396	4.8
25	1067.1488122924507	611.3760173659662	98.16496050108232	566.568162179494	2085.243263387753	749.9600297000347	4194.954291616815	1268.756934012768	1416.7701334614096	101.59973376780354	240.06738302342833	134.38452004452938	184.88276535253038	1474.384021110946	234.73800711794757	998.0429191535399	236.04729678802633	8405.423543107448	1056.3375998137599	4.6
106	2297.364340308832	628.9979085661898	13.7170524691358	559.6748571324915	2923.8062966281236	1298.3286814740445	4736.301176523336	1639.783745358252	1819.237209691557	23.73641716101383	581.3377967600607	97.38974539834518	58.87565952266917	1945.8496275680113	456.6157822085389	1225.782652946461	53.67307172766158	12540.247482694691	1488.3582624264743	10.7
154	2157.021147753653	437.8126528947041	12.956383767459702	477.3254424523732	2575.9346193296738	1117.3552633646873	3694.8123194352856	1411.4446020759954	1555.0746668704803	0	565.5608191573264	48.864981818678956	11.442930018576568	1437.467648702214	433.442421648487	1215.2758076130885	57.338670522844616	10253.402486479798	1404.473309339152	15.5
74	2114.3106973934064	559.7907378758701	95.26527520264783	708.1788003632594	2698.598727285927	1261.9046938124454	4961.583743626202	1612.1638721104214	1877.3774086304825	87.37047917198095	605.0852894831825	147.40419087515312	114.46952783714086	2263.6162144805285	523.5778767135939	1402.4954808777231	140.9847585581433	11995.144204411663	1580.039887278637	7.5
117	2206.0838661946555	737.4492550644352	1.7132657947837	517.1231757027138	2561.782845608823	1212.9985874877857	3769.291430111314	1545.9933369574055	1342.5478145866352	13.22200449442787	614.4564672195534	64.10491277561498	62.751901150317295	1353.0139277943829	217.0236521612844	1152.685440036639	53.77539515456552	11304.856360338397	1436.1134328844896	11.8
178	1206.3017897584282	464.2414740019566	12.833008593125497	506.02684359362286	2351.7984312882595	896.8469447767396	3009.4190569530915	1359.5564865557494	1243.1014318991704	18.549696361541077	221.69673165677057	59.4225655821903	48.30133737927041	942.5772046607234	362.21220600447367	1011.3951130060628	23.461195774711417	7937.813552410921	1242.0990461161387	18.9
142	2264.344086853939	734.1751283130699	2.0904637896825404	540.7601274526578	2655.2159299022587	1263.837852213986	3797.703203995941	1617.1323845384143	1413.3577789341311	3.777031240306466	716.6661127837278	50.70491254442834	51.70098251863873	1178.5951399699359	304.70183040318557	1207.6522469630195	50.79566228593824	10861.001516723562	1467.786814803836	14.3
88	1758.0825136830579	792.7994029872636	88.59057034592584	574.5672662842445	2665.6218723055295	1193.6215422617454	3574.2189738300567	1635.7155463036304	1493.62308533485	83.09847475520628	459.88866423794883	145.52223085081218	120.03980665156502	1202.140559114791	351.80814516927694	1278.371849043167	137.58958248720322	10615.276580938362	1587.9373360582545	8.9
59	2545.7752163617856	958.3477206171717	100.97077928240888	498.0241972391765	2478.8775920063567	1552.7117516212538	5218.009539467126	1616.4847059322276	1320.2497109440237	104.28254728024139	843.7615490339929	186.18857803420732	150.68156070991407	1995.8890951855467	536.4111487511161	1348.3983105314353	163.18259145453015	12655.833228880774	1292.6594741647286	7.0
141	2216.2468243573117	525.2626305254915	12.833029817404814	536.1518171927409	2773.567035624204	1169.2159746415566	3944.6860818736313	1645.114255193788	1694.7409094147824	0	545.5548266307102	86.40048629669373	57.52652635108008	1460.0881023653967	445.7397410906675	1272.1874904456424	37.193107702482756	11251.745965373004	1330.978198049463	15.2
174	1987.4128363911648	726.4663138807717	0	513.1751976767451	2612.9482840208693	1162.3297766033288	3067.3496360482504	1405.9438078552614	1370.0988920628145	0	522.0312471732102	55.18558304398155	44.8458646146146	1188.8510924925656	241.6143023724376	1009.5938839204135	39.1532574080472	8968.547954074262	1368.9085178116168	18.5
112	2417.826323163887	833.7987172719543	79.77986824918088	621.6477990952172	2840.550330757723	1381.6585195481055	4441.476225276475	1660.24948894284	1834.366037873128	64.44749626236477	902.9698855262678	127.67610515973293	124.30523821464051	1934.537274796518	515.641350661885	1325.1621866322712	142.9078172818912	12315.765066745016	1563.9953461359805	11.3
56	2554.1076965422258	908.4454645058726	102.52290835615429	702.1561863830453	2983.1239058515253	1503.0487460254606	3279.4556181403855	1787.868376454838	1536.4904848985411	110.56144993397506	907.2081607562955	181.48500650214254	173.412312598723	1354.390226938317	546.8742493540468	1490.4845419117173	192.3589168618294	10717.942513703603	1628.8778501691745	5.7
135	2223.8171463998588	656.060765858376	14.927260487528342	532.4744134507608	2742.425423039902	1243.57633117312	4268.733765511621	1564.1387170909622	1417.822592866765	19.881283544164003	636.534644820044	94.20558792430765	53.55956916438281	1710.7103590478257	475.21633930989316	1208.2681743880034	54.57766792779279	11598.307486174295	1474.904240296313	13.6
163	2026.208419124172	792.3180886400904	0	451.49968874563035	2403.457645951094	1150.6885181159753	3263.722832214294	1439.3810184567008	1276.1437747192517	18.544785829220388	640.5251636909169	75.60557106927166	36.63337283349513	1066.8225712422573	245.8366493485464	1052.9361012782374	29.829209821428606	9481.357479940207	1244.333384212727	17.4
108	2234.123065337341	689.083125702245	81.25152136752372	555.9690825755401	2669.768347572841	1243.369315806068	4525.766520130372	1587.9406480487778	1808.0870633229852	67.02114305555207	550.878703779339	133.5441903199067	100.94654083198009	1899.9448793637089	514.9363530382111	1288.7408470999558	115.83145476834329	11924.502821917715	1567.1138402234808	10.9
55	2304.5435988104696	905.3171365685154	102.76145130572314	648.7606860265765	2796.170321409145	1429.04540387171	5230.659984814356	1733.494748381759	1516.8239525595375	101.87355283472603	887.7695695104522	180.15679652050608	183.10222982442684	2063.9948602814375	550.8148206919604	1439.8546994029907	208.9331426471421	12322.848189949633	1619.4420157350646	5.6
170	2041.000127567159	637.7571641432694	12.838380702722587	402.87094674082164	2083.792230226109	1232.0908928756687	3086.9688540177253	1251.905663881409	1270.4190655723314	18.549041678909973	770.985539877075	67.41582449385527	44.84781933922557	1068.4945305539359	448.20666715035907	1166.1531110910294	0	8825.517476391815	1369.2375822562967	17.1
2	2115.4819411061717	705.6111743108279	104.57195709578657	428.73455996222185	2337.9482807672603	1337.7770604979269	2975.63195391155	1264.3891558213568	692.1013460667433	116.01065731979	882.1954475041418	201.91492871943967	171.64009241622807	1182.8011532050261	545.489163774663	1015.4477894204689	210.34522598031214	8008.630708890392	1142.131545136976	0.3
138	1319.3734738471853	569.9053209781034	0	520.0881291117671	2529.998542422014	847.6127197746086	3419.7858007014283	1371.5207572110828	1227.3691553124459	15.173729165880896	297.021255379487	48.10759694910534	54.54989682206827	1028.214947644387	160.30175710600304	1033.5719690670974	25.9491985506324	9144.438230737867	1215.243369441663	14.9
6	2480.8533486765773	895.0286229220508	104.45039099892465	572.3628414945374	2788.5083354864823	1424.8797075478462	4446.807118062794	1437.3069485297672	1620.8033629045203	120.8069048629764	904.6880127937584	185.26676545366473	140.35274033191553	2029.394060256575	564.0609449114402	1393.449354959431	190.49670630417972	10594.82552167566	1520.703420040685	0.7
5	2106.9028905433274	858.3062506466731	104.44728296491886	431.1121919996094	2354.298828667245	1263.5192737851814	3840.5359633856156	1302.6954704640145	780.378171098816	122.68920544775484	850.427844400881	178.40386407032386	154.90095365986642	1033.256758098548	518.7412605792096	1095.291561506817	212.52172171212354	8825.923589850638	972.4004082212286	1.6
171	2094.8625663348157	644.0555468494381	0	516.8759988241608	2606.022404739083	1186.9999950830618	3393.9547945508784	1584.5650559135156	1353.183354553494	18.54338436062965	727.8048970877668	67.4109456559812	8.96498724489796	1369.1676548079422	267.30547807547526	1155.9582505041637	31.391189972985284	9450.067433429775	1434.6917034999688	17.2
81	1371.6248798074241	676.7795745216182	68.83847633111756	579.3775628975424	2469.156520631104	1109.1900985610857	3756.461028028637	1556.8536993541106	1248.3654294051994	74.02311207598522	558.8269598369667	156.9415653282628	115.21828866418689	1182.6206078921161	362.9460680541004	1175.636685164964	180.719846240264	10356.934293435648	1576.2708104252063	8.2
26	2140.7340305159864	732.7660948377787	104.55173201739088	676.8110883348919	2693.2228661720487	1386.4470569077414	4286.132580601661	1660.1567455092106	1414.181727188521	113.86149581349798	713.7533118765199	178.6812058775438	155.47988809438186	1163.0616449892887	562.7714789367593	1413.1193197736645	211.00787547870308	10452.879873959975	1580.991325566047	2.7
151	2128.306129824412	619.3027215609843	0	555.5003620830637	2597.9360270217535	1163.0021835082682	3454.3246207527263	1557.6734849657012	1290.4565136774354	18.549896081575994	731.227544959128	67.41824677602051	48.28913149928773	1305.692308817675	300.2445973052074	1193.1306705985246	64.46191828878919	10132.300895304137	1442.9278405600921	15.2
58	2398.697171903175	714.0887413387987	92.78660876224563	672.222118327891	2686.4996479193946	1328.0454257750491	3196.6313438557327	1570.937079923895	1784.1081909018105	105.40650670927472	607.5866698330816	156.47059025640698	165.07366419927015	1587.5268481915411	336.82858177702366	1329.0876601521152	181.52640368070823	10644.134259656657	1541.235271228879	5.9
68	1520.0268699861383	628.7426133131423	75.49292025410661	576.6826849602114	2662.448348321822	924.8666173094394	4663.3961417464125	1427.6751145003898	1453.0325762248813	69.1980013699201	285.0263754433412	120.24907218080507	131.2873120327415	1787.3419722916829	355.4081921938855	983.1389494949586	99.02131082908784	10670.654643881031	1305.4222683077335	7.9
114	2118.7641713511716	614.5801090152904	15.038644958958095	572.513863897226	2658.6931278745483	1191.7923720727408	3705.862250722061	1481.9221742733162	1341.3418006273669	4.496136340287957	651.3867162196995	55.574475990191196	49.84045713242456	1676.2814028234861	465.08590126456676	1183.931600004428	19.872980753397062	11199.391933314639	1493.9276111786971	11.5
0	2411.191478058917	817.029514197664	104.31848676242878	499.0204274101584	2671.954218534877	1474.9316001369587	3476.394960346998	1495.3208752678268	1297.4668161852587	124.31713429165205	943.1600006925411	184.90318953499536	128.33124420006274	1344.7275129328868	621.698759446493	1308.119707564074	213.57714333456403	9331.134991067927	1311.1121690293924	1.1
155	2140.340473710055	426.42373247362207	0	522.0396653454042	2652.309123869705	1107.0395786283025	3781.0295796531564	1566.0814289295713	1443.941921902955	0	500.8797530683219	48.86245239695345	44.83456384015593	1504.4852035316858	300.1313808969146	1162.7364199421522	39.191732238579455	10285.910505841814	1462.165853695045	15.6
110	1384.8886667612328	679.8519602258732	14.448179713804711	544.184964568799	2677.677221133764	1049.4760271569298	3864.273791231416	1445.819698118395	1519.4863117682353	1.0201935739213503	587.63493073176	48.86282719017098	55.79738408535751	1905.2667028606402	403.53467838711424	967.3098117570214	14.338478535353541	10714.368201983927	1457.3131505011143	11.1
99	2078.5641686600156	651.8772585216841	31.56288599707283	535.380416419867	2552.5250639600827	1266.697986618454	3702.387077122474	1455.2295969420836	1248.338441065782	39.45814710418794	884.5220692938666	111.21521878331576	78.02367981934842	1332.4016043448682	395.8768527867526	1096.0202419307016	73.61743206681282	10825.756406572704	1499.74302467513	10.0
7	1806.9255006010837	843.5387394186891	104.09751037692773	663.4513927140631	2682.066969296161	1454.12870630499	2368.2986260263638	1356.5976989244766	1580.9432711488207	123.85751039422458	893.8316950463633	200.2228796726885	187.52457190186826	978.3059287658284	378.893460006875	1137.1545636364065	215.3323573262682	7606.706588887605	1302.4392312776831	1.8
124	1924.1816621898706	419.0089781794374	12.824962797619044	493.8222955385935	2296.057192940091	1036.395425259824	2215.9478001455122	1424.7541818426514	1392.0136736574184	0	469.96255409918797	69.19452762335285	14.49588450535642	976.4331324732414	353.5041201418901	1046.220172405756	18.022517041585022	9339.823672722827	1413.3225426760266	12.5
24	2250.82753222079	603.5745385284031	104.40444726778155	641.081053331896	2582.045278618593	1205.5278341647854	2353.582340812021	1497.5882581169337	1404.3688921140306	123.29821111466693	767.340298063075	189.6825659710271	144.37301158153	1322.4158150540195	383.2644928859957	1233.2972690534818	176.95453117593433	8458.253365403674	1539.5067703768827	2.5
53	1847.6987711868157	498.06986306879355	86.3463628003567	528.7838364317818	2565.0514953745032	1077.5460479712258	4224.443675529065	1510.1829802976297	1600.2497486241234	92.52756881425144	632.4674063408709	148.9525950739255	173.51276932609892	1386.4882486911504	431.8859738540747	1214.5738563365146	193.1522487198198	10573.752634937131	1530.8519751205615	5.4
97	2013.3765538127568	558.7439799893677	2.949134990253412	533.5263898642153	2590.400139257271	1103.8985137194225	3872.6285371706294	1601.8239818804448	1391.043492025049	0	481.1283671216057	66.74340904576101	35.263539853342856	1086.6341340863391	330.1948071890923	1175.7273327856246	106.96253890828383	10866.125325457228	1461.8355203037204	9.8
166	2073.232646356128	605.0420507665441	0	514.1516954196973	2493.5213612992993	1123.8249907460186	2190.0935525617324	1438.5321697091438	1329.9398748941996	0	515.9309399402159	48.864555108214084	11.660603632478631	1067.0798397150952	298.4459572732577	1108.8881741967377	7.809458280396407	8731.274531441983	1473.3082476731067	16.7
120	2368.4712055996183	852.2619181860595	12.817818721901089	561.8820834803281	2734.2657435634605	1312.6062673402266	3876.3447229177805	1613.7170292465903	1436.316335033834	18.55128676100802	775.492696146716	85.45193041692076	59.838930081993254	1322.3492634755767	443.3681772540168	1230.6124107563587	42.43053909616253	11667.358678700817	1378.0608913261276	13.1
115	1057.704802811176	441.9475593910183	10.988535680076625	263.61823523433054	1134.8716228379099	545.3364510294126	2681.161396483331	554.5661738477696	857.6546944242252	3.931084784985522	126.9047569528717	24.50802936095353	55.82150606894284	1058.8120713173091	207.27318107442588	335.6462411651684	42.223775424151754	7285.448547664622	573.4181831701519	13.6
126	1796.854532552144	529.1156831615879	0.11171903579090714	543.69784868927	2696.3791585242107	1074.0390320861784	3699.7566306404774	1445.1484064893393	1435.2253654883286	5.252878355685144	397.3252135638451	61.333694311335734	54.55514141814358	1195.9814092480276	213.36390420522844	1125.072070580254	85.32541684770968	10436.437996810275	1287.3353666886421	13.7
30	2348.877558609837	583.0806617151	103.24621253803875	567.6017469883433	2684.9125352303254	1370.6862353575316	3203.140365163497	1745.2067002771041	1471.3705638457589	123.28542539824359	794.6900369759347	186.49755652909795	171.75645845851898	1400.6659355121783	541.5346975533006	1521.7393250989608	184.6221576257261	9598.572840763418	1585.3757600138476	3.1
65	2315.496724729827	898.6501981624738	85.48908353818639	651.87766545119	2887.3619686698203	1447.7060811885128	3478.7611270779084	1704.6468969571667	1634.3520582162953	84.44608876873257	875.9951977773236	146.4684113750845	143.51131894786033	1545.9711624167453	424.2192489248267	1375.2433793120408	129.6691298722234	11015.81482752647	1621.7093084938904	6.6
16	2465.2553610261184	875.1512339147757	103.45778366746413	641.8124032444251	2975.6822145483925	1510.0252783932544	5172.522321958886	1770.4980331753698	1915.297939689742	123.01576078665545	862.7929631204566	182.05056724882675	142.0090345293346	2171.8738848424778	544.2266392091254	1520.3453373296436	189.2140258918993	11601.858232618712	1643.1069990175215	1.7
145	2015.494429513516	588.6950469325152	12.813072237740531	419.78781178801194	2280.875921424046	1154.6193782358516	3675.585564714273	1392.0751654131789	1355.1473638502107	0	582.3968725272083	48.86482332516344	44.84062499999998	1099.1686126826867	445.7993930584322	1110.3031961971406	39.2053828011369	10161.579978009142	1384.2641029774527	14.6
34	2110.2674076006033	816.6787128539761	103.02271906670688	607.6815902572906	2664.7357663157377	1355.6914837156598	4365.706564611615	1733.488720127175	1543.5980277659835	114.5310897729971	867.0891748932257	195.43992611648184	186.14144411155564	1248.0040216680397	532.6769609110223	1440.4418314656175	224.20304998983772	10582.3845330441	1600.586477053083	3.5
