Explore_Iteration	MacroPopSize	MicroPopSize	Accuracy_Estimate	AveGenerality	ExpRules	Time(min)
100	996	1000	0.9083117854736921	0.32033333333333264	0.0	0.45868290265401207
200	986	1000	0.9280892381912095	0.3243333333333326	0.0	0.8890464822451274
300	978	1000	0.9514487214336821	0.32866666666666594	0.0	1.3022215962409973
400	974	1000	0.8821898045189828	0.33266666666666594	0.0	1.7025014638900757
500	969	1000	-7.548480766574655	0.33466666666666595	0.936016511867905	1.9976559321085612
600	960	1000	0.7396877823139423	0.33766666666666595	0.9395833333333333	2.204542664686839
700	954	1000	0.7342099408630692	0.34099999999999925	0.9423480083857443	2.402803615729014
800	943	1000	-2.1454974178881234	0.34333333333333266	0.9522799575821845	2.5835822145144145
900	933	1000	0.7245878561218139	0.344666666666666	0.9581993569131833	2.7528745810190838
1000	929	1000	0.709515487872884	0.345666666666666	0.9515608180839612	2.923784613609314
1100	919	1000	0.7739426238063356	0.346666666666666	0.9510337323177367	3.0917883634567263
1200	916	1000	0.7436045697565161	0.34866666666666596	0.9519650655021834	3.2535892009735106
1300	911	1000	-9.545650752996874	0.34999999999999926	0.9429198682766191	3.4120411475499473
1400	904	1000	0.47376200384057776	0.3513333333333329	0.9435840707964602	3.5626866976420084
1500	897	1000	-0.556089371237112	0.35199999999999954	0.947603121516165	3.715512235959371
1600	886	1000	0.7739180683216559	0.3573333333333328	0.9424379232505643	3.8591416319211325
1700	878	1000	0.6753909036204772	0.35933333333333295	0.94874715261959	3.9869312326113384
1800	867	1000	0.4115072604741612	0.3603333333333329	0.9538638985005767	4.1222439169883724
1900	867	1000	0.8476256834658177	0.3616666666666664	0.9480968858131488	4.253349781036377
2000	857	1000	0.7165765852935416	0.36133333333333334	0.9509918319719953	4.379019085566203
2100	852	1000	0.7332433889517158	0.362333333333333	0.9507042253521126	4.499636499087016
2200	845	1000	0.6565517799816323	0.3669999999999997	0.9467455621301775	4.614595814545949
2300	838	1000	0.8067910080085221	0.3666666666666665	0.9522673031026253	4.731394632657369
2400	836	1000	-0.1631092495462932	0.3683333333333333	0.9593301435406698	4.850053401788076
2500	834	1000	0.69813228900039	0.3696666666666666	0.960431654676259	4.963645215829214
2600	834	1000	0.4973775817011448	0.3686666666666664	0.9592326139088729	5.0771352807680765
2700	837	1000	0.6563952342286321	0.36666666666666653	0.955794504181601	5.1883432825406395
2800	832	1000	0.6534567230385178	0.3683333333333332	0.9615384615384616	5.303474080562592
2900	827	1000	0.9722064748239844	0.3676666666666666	0.9576783555018138	5.419550116856893
3000	819	1000	0.881933411780445	0.3706666666666664	0.960927960927961	5.532979647318522
3100	815	1000	0.7071332395135994	0.3733333333333331	0.9570552147239264	5.645566129684449
3200	814	1000	0.7672035491385594	0.37366666666666637	0.961916461916462	5.755346202850342
3300	807	1000	0.7952942480654478	0.372333333333333	0.9640644361833953	5.870291582743326
3400	808	1000	-0.44888343469428305	0.3696666666666664	0.9603960396039604	5.984316066900889
3500	801	1000	0.7531120607038959	0.3693333333333329	0.9637952559300874	6.097060434023539
3600	794	1000	0.8347408952561028	0.3729999999999997	0.9634760705289672	6.206237781047821
3700	796	1000	0.8057929794580744	0.37433333333333296	0.964824120603015	6.319614330927531
3800	794	1000	0.8156123998207143	0.37466666666666637	0.9622166246851386	6.438719248771667
3900	787	1000	-0.9991454087948861	0.3746666666666663	0.974587039390089	6.554887648423513
4000	785	1000	0.4822892897737177	0.37633333333333274	0.9732484076433121	6.6635083794593815
4100	779	1000	0.8484628797646843	0.3759999999999994	0.9807445442875481	6.770259881019593
4200	775	1000	0.7444155263968145	0.3739999999999993	0.984516129032258	6.878790696461995
4300	775	1000	0.6792742554168198	0.3749999999999995	0.9754838709677419	6.982193581263224
4400	769	1000	0.7415342882986126	0.37733333333333285	0.9739921976592978	7.083268729845683
4500	771	1000	-1.1987870834946777	0.37633333333333285	0.9675745784695201	7.185711816946665
4600	770	1000	0.6899107689378293	0.37766666666666626	0.964935064935065	7.295055298010508
4700	770	1000	0.8303362822011502	0.3799999999999997	0.9662337662337662	7.401140399773916
4800	768	1000	0.7139172530327343	0.37866666666666626	0.9674479166666666	7.512571998437246
4900	763	1000	0.6075604873871573	0.37866666666666626	0.9698558322411533	7.620836599667867
5000	766	1000	0.7742478363347929	0.38033333333333286	0.9634464751958225	7.732879467805227
5100	768	1000	-1.2737714526892763	0.37899999999999967	0.96484375	8.522639719645182
5200	771	1000	0.7864663584119661	0.3816666666666662	0.959792477302205	8.640923364957173
5300	767	1000	0.7132652117927141	0.3799999999999996	0.9595827900912647	8.755926581223806
5400	758	1000	0.8542182532795592	0.3809999999999996	0.9617414248021108	8.872578132152558
5500	757	1000	0.8557199320127747	0.3813333333333328	0.9603698811096433	8.990389633178712
5600	752	1000	-0.533596330120478	0.37999999999999945	0.9667553191489362	9.10797376235326
5700	746	1000	0.8898167652247204	0.37899999999999945	0.9745308310991957	9.222259883085886
5800	746	1000	0.780409709796654	0.3799999999999995	0.9745308310991957	9.33637299935023
5900	748	1000	-0.5945521472233771	0.3803333333333328	0.9759358288770054	9.451815382639568
6000	748	1000	0.7580188406755336	0.3819999999999995	0.9679144385026738	9.560860232512157
6100	740	1000	0.398165180252821	0.38266666666666627	0.9702702702702702	9.673942049344381
6200	735	1000	0.47660870522103116	0.3829999999999996	0.9741496598639455	9.786160496870677
6300	738	1000	-1.5951507351286685	0.3829999999999995	0.9715447154471545	9.897237849235534
6400	734	1000	0.8217173375254583	0.3823333333333327	0.9809264305177112	10.009392968813579
6500	731	1000	0.6526705421559703	0.38133333333333275	0.9781121751025992	10.117561101913452
6600	728	1000	0.7221563312186708	0.38166666666666615	0.9739010989010989	10.216999367872875
6700	721	1000	0.7050339348016285	0.3819999999999996	0.9791955617198336	10.32197877963384
6800	720	1000	0.8826748000474103	0.38233333333333286	0.975	10.426930681864421
6900	715	1000	0.6440279912825876	0.3829999999999997	0.9734265734265735	10.528870300451915
7000	715	1000	0.6960978804680259	0.3809999999999997	0.9776223776223776	10.63657279809316
7100	714	1000	-0.011952331395372788	0.3806666666666664	0.9747899159663865	10.743351912498474
7200	711	1000	0.6919529442880942	0.3829999999999998	0.9789029535864979	10.845013765494029
7300	705	1000	0.8232278426904004	0.3816666666666662	0.9815602836879432	10.94940908352534
7400	704	1000	0.7101553371582984	0.3806666666666663	0.9772727272727273	11.048160382111867
7500	702	1000	0.7528478080970135	0.3806666666666664	0.9772079772079773	11.151206950346628
7600	704	1000	0.7110387718061411	0.3803333333333331	0.9715909090909091	11.253769465287526
7700	703	1000	0.753080564508639	0.3823333333333331	0.972972972972973	11.36421931584676
7800	702	1000	0.5581669937559927	0.38366666666666643	0.9686609686609686	11.468015114466349
7900	697	1000	0.8443646903436145	0.3819999999999997	0.9741750358680057	11.5745778799057
8000	696	1000	0.7187775377373045	0.3826666666666663	0.9727011494252874	11.685538550217947
8100	693	1000	0.858569462186897	0.38333333333333314	0.974025974025974	11.787841800848643
8200	694	1000	-0.9673205645374836	0.3836666666666664	0.9711815561959655	11.887365015347799
8300	687	1000	0.761728683759989	0.3839999999999996	0.975254730713246	11.984591766198475
8400	687	1000	0.8235059285914283	0.3849999999999997	0.975254730713246	12.082863903045654
8500	685	1000	0.5900694610557234	0.38499999999999956	0.9708029197080292	12.187392417589823
8600	682	1000	0.8972262016800507	0.3829999999999996	0.9750733137829912	12.2898725827535
8700	684	1000	0.6870109880086696	0.38266666666666627	0.9707602339181286	12.391862479845683
8800	686	1000	0.9042661699996368	0.37966666666666626	0.967930029154519	12.499058214823405
8900	686	1000	-1.9992387807858767	0.37766666666666626	0.9737609329446064	12.602884213129679
9000	690	1000	0.9230894283468415	0.37799999999999956	0.9637681159420289	12.715016865730286
9100	693	1000	0.8782426070779187	0.3789999999999995	0.9581529581529582	12.830462384223939
9200	687	1000	-0.0617745163933575	0.38099999999999945	0.9592430858806404	12.941964896519979
9300	685	1000	0.907582681068676	0.38233333333333286	0.9576642335766423	13.048046068350475
9400	679	1000	0.815348797823808	0.3836666666666663	0.9631811487481591	13.151622800032298
9500	676	1000	0.9707813226859712	0.38233333333333286	0.9689349112426036	13.262868817647298
9600	669	1000	0.6411854723055748	0.38366666666666627	0.9805680119581465	13.368262302875518
9700	666	1000	-0.17109915343181203	0.38466666666666643	0.9819819819819819	13.469315830866496
9800	663	1000	0.949663020651949	0.38666666666666644	0.9788838612368024	13.571655066808065
9900	665	1000	0.7027666658448791	0.3863333333333329	0.9759398496240601	13.676718068122863
10000	663	1000	-1.3316271940204143	0.3853333333333328	0.9819004524886877	13.780754081408183
