N0	N1	N2	N3	N4	N5	N6	N7	N8	N9	N10	N11	N12	N13	N14	N15	M0P0	M0P1	M1P0	M1P1	Class
1	0	0	0	0	0	0	103.8	1	0	0	0	2	1	0	1	1	0	0	1	2.45703815648
0	0	0	2	1	1	0	75.9	0	0	0	0	2	1	0	0	0	0	0	0	0.130767326159
2	0	1	2	0	2	0	58.2	0	0	0	1	1	0	0	1	1	0	0	0	43.8442110655
2	1	0	0	1	0	0	307.8	0	0	0	1	0	2	0	1	0	0	1	0	122.901640311
1	0	0	2	0	1	0	183.6	0	0	0	0	0	1	1	0	0	0	0	0	56.8711235942
0	1	0	0	0	0	1	65.1	1	0	1	0	1	0	1	2	0	0	1	1	40.9769565323
0	0	0	0	0	0	0	312.9	0	0	0	0	1	0	2	1	0	0	0	1	116.445587819
1	0	0	1	0	1	0	295.2	0	0	0	0	1	0	0	0	1	0	0	0	100.900057655
2	0	0	1	0	0	0	231.9	0	1	1	0	0	0	0	1	1	1	0	0	86.2103104222
1	0	0	0	0	1	0	81.9	0	0	0	0	0	0	1	0	0	0	0	0	32.4275727993
1	0	0	0	0	1	0	343.2	0	0	1	0	1	0	1	1	0	2	1	0	108.468251809
0	0	1	1	0	0	0	458.7	1	0	0	0	0	1	1	0	0	0	0	0	180.297898947
0	0	0	1	0	1	0	112.2	1	0	0	1	2	1	2	0	0	1	0	0	38.9840122156
1	1	0	1	0	1	1	171.6	0	1	0	1	0	2	1	0	0	0	0	0	89.9597802004
0	0	0	1	0	0	0	419.1	0	0	0	0	0	0	0	1	0	0	0	0	170.749372339
0	0	0	1	1	0	1	234.3	1	0	0	0	1	0	0	1	0	0	1	1	88.7221755277
1	1	0	2	0	0	0	27.9	0	0	0	0	0	0	1	0	1	0	0	0	5.55470646886
1	1	0	1	1	1	1	28.8	1	0	0	0	0	1	1	0	2	2	0	1	5.37216263325
0	0	0	2	0	0	0	431.7	0	1	0	0	0	1	1	2	1	1	0	0	175.570109458
0	0	0	1	0	1	1	43.8	0	0	0	0	1	0	2	1	2	2	1	1	48.5261526784
1	0	0	1	0	0	0	323.1	0	0	0	0	1	0	1	0	0	0	0	0	132.356969291
0	1	0	2	0	1	0	289.5	0	0	0	0	1	2	1	1	1	0	1	1	107.347158579
2	0	0	2	1	2	0	421.2	0	1	0	0	1	1	0	1	0	0	0	0	154.805511444
0	0	0	1	0	0	0	119.1	2	0	0	0	1	0	2	1	1	0	1	0	43.2767068872
1	0	0	1	0	0	0	448.5	0	0	0	0	1	0	1	0	0	1	0	0	152.980480569
0	1	0	1	0	0	0	126.0	0	0	0	0	2	1	1	0	0	1	0	0	99.016594797
1	0	0	0	0	1	0	219.3	0	0	0	0	2	0	0	0	1	0	1	1	78.8964266411
2	0	0	2	0	0	0	27.6	0	0	0	0	0	0	1	1	0	0	0	0	46.7154633316
0	0	0	1	0	1	0	178.5	0	0	1	0	1	1	2	0	1	2	0	1	75.1041881311
1	1	0	2	0	1	0	120.3	0	0	0	0	2	1	2	0	0	1	0	0	42.1945343835
1	0	0	0	0	1	0	428.1	1	1	0	0	1	1	0	0	1	1	1	1	158.860596071
2	1	0	0	0	2	0	285.6	0	0	0	0	1	1	0	1	0	0	0	0	104.294555637
0	0	0	1	0	1	0	325.5	0	0	0	0	0	0	0	1	0	0	0	1	126.124247199
0	0	0	2	0	0	0	467.4	0	0	0	1	0	0	1	0	0	0	0	0	176.948863047
1	0	0	1	0	1	0	227.4	0	0	0	0	1	0	1	0	1	0	0	0	59.4317426119
1	1	0	2	0	1	0	434.1	1	0	0	0	1	1	1	0	0	0	0	0	188.812446313
0	0	0	1	0	0	0	89.7	0	0	0	1	2	1	1	0	0	0	0	0	7.75913724985
1	0	0	1	0	0	0	363.9	0	0	0	0	0	0	0	1	1	1	0	0	169.648678895
0	0	0	1	1	0	0	108.3	0	0	0	0	1	0	0	0	1	0	1	0	41.572832247
1	0	0	2	0	1	0	240.3	0	0	0	0	2	0	2	1	2	0	1	1	89.374956933
0	1	0	1	0	0	0	294.0	0	1	0	0	1	1	2	0	0	1	0	0	113.838213435
1	1	0	1	0	0	1	435.0	0	0	1	0	0	0	0	0	2	0	0	0	152.036000104
1	0	0	1	0	1	0	118.2	0	0	1	1	1	0	1	1	1	0	0	0	42.5796977811
0	0	0	1	0	0	0	93.9	0	0	0	0	1	1	1	1	1	1	0	0	5.79117137765
1	0	0	1	0	1	0	95.4	0	0	2	0	0	1	0	0	0	0	1	1	17.0946075228
0	1	0	0	0	1	0	310.2	0	0	1	0	0	0	0	0	0	0	0	1	111.207718848
2	0	0	1	0	0	1	174.9	1	1	1	0	0	0	1	1	0	0	0	0	57.4341211732
1	1	0	0	0	2	0	92.7	0	0	1	0	0	0	1	1	0	0	0	0	28.6103837188
1	0	0	1	1	1	0	39.9	0	0	0	0	0	0	1	0	0	0	0	0	15.4042154081
0	0	0	1	0	1	1	205.8	0	0	0	0	0	2	2	0	1	0	1	0	59.9160702519
0	0	0	2	0	1	0	222.0	0	0	0	0	1	0	0	0	0	0	0	0	69.3660283039
0	1	0	0	1	0	0	442.8	0	0	0	0	2	0	1	0	0	1	0	0	169.909014165
1	0	0	0	0	0	0	438.3	0	0	0	0	0	2	1	0	0	2	0	1	158.220151511
1	0	0	1	0	0	0	240.9	0	0	0	0	0	0	0	1	0	0	1	0	59.5840501564
1	1	0	2	0	1	0	125.7	1	1	0	0	0	0	1	0	1	0	1	1	99.1934089193
0	1	0	1	0	1	1	468.6	0	0	0	0	1	1	0	0	1	1	0	0	162.637330752
1	1	0	0	0	0	0	174.6	0	0	1	0	0	1	1	1	0	0	2	0	99.1960937675
2	0	0	1	0	0	0	136.5	0	0	1	0	2	0	0	2	1	1	1	1	84.9709543266
0	1	0	1	0	0	0	244.8	0	0	0	0	2	1	1	1	1	0	0	1	122.971929173
2	0	0	1	0	0	1	354.6	1	0	0	0	1	0	1	1	0	1	0	0	114.637626322
1	0	0	1	0	0	0	367.5	0	0	0	0	1	2	0	0	1	0	1	2	161.174585976
1	0	0	0	0	2	0	75.0	0	0	1	0	0	0	0	0	0	0	0	0	10.1042848226
0	0	0	2	0	2	0	219.6	0	1	0	0	1	1	2	0	0	0	0	1	91.687092582
1	1	0	1	0	1	0	207.3	0	0	0	0	1	0	2	0	0	1	0	1	73.8138119991
0	0	0	2	1	1	0	234.9	0	1	0	0	1	0	0	0	1	1	1	1	73.9371188216
1	1	0	1	0	1	0	54.6	1	0	0	0	1	0	1	0	0	0	0	1	37.5804745934
2	0	0	2	1	0	0	20.4	1	0	0	0	0	1	1	0	2	0	0	0	28.1963898229
1	0	0	0	0	0	0	219.9	1	0	0	1	1	2	1	1	0	0	0	0	67.5234251877
0	0	0	1	0	0	0	307.5	0	0	1	0	1	1	2	1	0	0	0	0	144.243967073
1	1	0	0	0	1	0	6.6	0	1	0	0	1	0	1	1	0	1	0	1	23.0878354507
1	1	0	2	1	0	1	107.1	1	1	0	0	0	1	1	0	1	0	0	1	42.4638376577
0	0	0	1	0	1	0	467.1	0	0	1	0	2	1	0	0	1	0	0	0	181.277165036
0	0	0	1	0	1	0	123.9	0	0	1	0	1	1	0	1	0	1	2	0	72.3011626631
1	1	0	0	0	1	0	74.7	0	0	0	0	1	1	1	2	0	0	0	0	38.3469257317
0	0	0	1	0	1	1	277.8	0	0	0	0	0	1	1	0	1	1	0	1	100.335841297
0	0	0	2	0	2	0	216.6	2	0	0	0	1	0	0	0	1	2	0	1	51.7443562263
1	1	0	1	1	1	0	259.8	0	1	1	0	2	1	2	0	1	0	0	1	100.842317689
0	0	0	1	0	0	0	151.8	0	0	0	0	1	1	1	1	0	1	1	1	68.6819658771
0	0	0	1	1	0	0	322.2	1	0	0	0	0	0	0	1	0	0	1	1	105.657097107
0	1	0	1	0	0	0	239.7	1	0	1	0	0	0	0	1	0	0	1	1	87.3138394992
0	0	0	1	0	0	0	100.5	1	1	1	0	0	1	1	1	1	0	2	0	10.1698611342
0	0	0	0	0	0	0	406.2	0	0	0	0	1	0	0	0	0	1	0	1	172.75048067
1	2	0	1	0	1	0	396.0	1	0	0	0	0	0	1	1	2	0	1	0	165.687208078
0	1	1	1	0	0	0	142.2	0	0	0	0	2	0	2	0	1	1	1	1	53.6997737363
1	1	0	2	0	0	0	349.5	0	0	0	1	0	2	0	0	0	1	0	0	101.868247276
0	0	0	1	0	0	0	469.2	2	0	1	0	0	0	1	1	0	0	0	0	160.490845869
0	1	0	2	0	0	0	59.4	0	0	0	0	0	1	0	0	0	0	0	1	16.185957232
1	0	0	1	0	0	0	284.4	1	0	1	0	2	0	1	1	0	0	0	0	103.736352805
1	2	0	1	0	1	0	53.7	0	1	0	0	0	1	1	1	0	1	0	0	27.769680249
0	0	0	2	0	1	0	113.7	0	0	0	0	1	2	1	0	2	0	1	0	17.7004290382
2	0	0	0	1	0	0	459.0	1	0	1	0	0	1	1	0	1	0	0	0	156.276353584
1	0	0	2	1	1	0	299.1	0	0	0	0	0	1	0	0	0	0	1	0	138.523617099
1	1	0	1	0	0	0	296.4	0	0	0	1	1	0	1	1	0	1	0	1	122.476646832
0	1	0	1	0	1	0	398.7	2	0	0	0	1	0	1	0	0	1	0	1	190.606262531
2	0	0	1	0	1	0	3.3	0	0	0	1	1	1	1	1	0	1	0	0	12.8412796017
0	0	0	0	0	1	0	152.4	0	0	0	1	0	0	1	0	0	0	0	0	97.8087125833
1	0	0	1	0	1	0	276.9	0	0	1	0	0	0	2	0	0	1	1	1	116.783875455
1	0	1	2	0	0	0	457.2	0	0	1	0	1	1	0	1	0	1	0	1	150.06782055
1	0	0	1	0	0	0	57.9	0	0	1	0	0	0	2	1	1	0	0	0	13.7363159868
0	1	0	0	0	1	1	337.8	0	0	0	1	0	2	1	0	0	0	1	1	106.001295144
1	0	0	1	0	0	0	68.1	1	0	1	0	1	0	1	1	0	0	2	0	28.3289584842
1	2	0	1	0	0	0	119.4	0	0	0	0	0	0	2	0	0	0	1	0	28.1352360492
1	0	0	0	0	0	0	202.2	0	0	0	0	1	1	0	0	0	1	0	0	52.0778722451
0	0	0	0	0	0	0	208.5	0	0	0	0	0	0	0	0	0	0	0	0	96.8283978807
2	0	0	1	0	1	0	320.7	0	0	0	0	1	0	1	0	2	2	0	1	141.217253349
1	0	0	1	1	0	0	25.8	1	0	0	0	2	1	0	0	0	0	1	0	9.43670710169
1	0	0	1	0	1	0	436.5	0	0	0	0	1	2	2	1	1	0	0	1	195.500732599
0	0	0	1	0	0	0	472.2	1	0	0	0	0	0	2	0	0	0	1	1	164.030015641
2	0	0	1	0	0	0	237.6	1	0	0	0	2	0	0	1	0	0	0	1	67.2501184026
1	0	0	0	0	0	1	159.9	0	0	1	0	1	0	0	0	0	0	1	2	86.8857466794
0	0	0	0	0	0	1	20.7	0	0	0	0	1	1	0	1	0	0	0	1	35.447388442
1	0	0	0	1	1	0	429.0	0	0	0	0	1	0	2	0	0	1	1	1	196.164772369
2	1	0	2	0	0	0	43.2	0	1	0	0	0	1	0	0	0	0	1	1	10.1700126387
0	0	0	1	0	0	0	127.8	0	0	0	0	2	0	1	0	0	0	1	1	54.2995462953
0	0	0	1	0	1	1	98.7	1	0	1	0	1	2	1	0	0	0	0	1	40.9407285134
1	1	0	1	0	1	0	146.1	0	0	1	0	2	1	0	0	1	0	1	1	61.0902696669
1	1	0	1	0	0	0	96.0	0	0	0	0	1	0	0	0	1	0	1	1	4.53937683675
0	0	0	1	0	0	0	345.3	0	0	1	0	0	1	1	0	1	0	0	1	136.044877623
0	0	0	1	0	0	0	247.8	0	0	0	0	1	0	0	0	0	1	1	0	129.282384818
1	0	0	1	0	0	0	228.0	0	0	0	0	1	1	2	0	1	1	0	0	56.9302148825
1	0	0	0	0	1	1	218.1	1	1	0	0	1	0	1	1	1	0	1	0	59.0940188635
1	1	0	1	0	0	0	288.0	0	0	0	0	1	1	2	0	0	0	0	0	149.093280273
0	0	0	1	0	0	0	321.3	1	0	0	0	1	0	0	0	0	0	0	0	123.61817188
0	0	0	1	0	0	0	262.5	0	1	0	0	0	0	1	0	0	1	0	0	104.996696891
1	0	0	2	0	2	0	270.0	1	0	0	0	1	1	1	0	0	0	0	0	146.561937267
0	0	0	1	0	0	0	148.5	1	1	0	0	1	0	0	0	1	1	0	1	76.0189886766
1	1	0	0	0	0	0	10.2	0	0	0	0	1	0	2	1	0	1	0	2	10.5043509993
0	1	0	1	0	0	0	115.2	0	0	0	0	1	0	1	0	0	0	0	1	11.4789283063
0	0	0	1	0	0	0	110.1	1	0	0	0	2	0	2	0	0	0	0	1	44.7995720879
1	1	0	2	0	1	0	21.0	1	0	0	0	2	0	1	0	0	1	0	0	43.7026755839
0	0	0	1	0	0	0	117.3	1	0	0	0	0	0	1	2	0	0	0	1	10.1110634533
1	0	0	2	0	0	0	217.8	0	0	0	0	0	1	1	1	0	0	2	0	63.0903947846
2	1	0	1	0	1	0	3.9	0	0	1	0	0	0	1	0	0	0	1	0	25.1290553582
0	0	1	1	1	2	0	435.3	0	1	2	0	0	1	0	0	1	0	1	0	152.725719991
1	1	0	1	1	1	0	313.5	0	0	1	0	1	0	0	0	0	1	0	0	105.154757124
1	1	0	1	0	0	0	368.7	1	0	0	0	0	1	1	0	0	0	0	0	151.089915359
1	1	0	1	0	1	0	81.6	0	0	0	0	1	2	0	0	1	1	0	0	38.0847796524
1	1	0	1	0	1	1	233.1	1	0	0	0	0	0	1	1	0	0	0	0	76.6232320353
1	0	0	0	0	1	0	309.0	0	0	0	0	1	1	1	0	0	0	0	1	116.010190582
0	0	0	2	0	0	0	466.2	0	0	0	0	1	1	1	1	0	0	2	0	153.296096676
1	1	0	0	0	1	0	265.2	1	0	0	0	1	1	0	0	0	0	1	0	138.990653561
0	0	0	1	0	0	1	83.7	0	0	0	0	0	1	1	1	0	0	0	0	6.18724039867
0	0	0	1	0	0	0	289.2	0	0	0	1	0	2	1	2	0	0	0	1	116.96624426
1	1	0	0	0	2	0	396.9	0	1	0	0	1	1	0	1	0	0	0	0	189.099669307
1	0	0	1	0	0	0	201.6	0	0	0	0	0	1	1	1	0	0	0	0	53.4615320555
1	0	0	1	0	2	0	242.4	1	0	0	0	1	1	2	0	0	0	0	0	90.5496268529
0	1	1	1	0	0	0	369.9	0	0	0	0	1	1	1	2	2	2	0	1	160.18738697
0	0	0	0	0	1	0	355.8	1	0	1	0	1	0	1	0	0	1	0	1	127.1997302
2	1	0	1	1	1	0	27.3	0	0	1	0	0	1	1	2	0	0	1	2	25.6438946786
1	1	0	0	0	1	0	404.1	0	0	0	1	2	0	1	0	0	0	1	0	177.503407561
0	0	0	0	0	1	1	216.9	0	1	1	0	1	0	1	1	1	0	1	0	50.818580806
0	0	0	2	1	0	0	259.5	0	1	0	0	1	0	2	0	0	0	0	2	128.56340751
0	1	0	2	0	0	0	341.4	0	0	0	0	0	0	1	1	1	0	1	0	140.161861352
0	1	0	0	0	0	0	130.2	1	0	1	0	1	0	1	0	1	1	0	1	59.1268731923
1	0	0	1	0	1	1	359.4	0	1	0	0	1	0	0	0	0	1	0	0	107.012122081
0	0	0	1	0	0	0	419.4	0	0	0	0	0	1	0	0	0	0	0	0	178.928104369
1	1	0	1	0	1	0	89.4	0	1	0	0	1	1	1	0	0	1	0	1	7.78883543296
1	0	0	1	0	0	1	283.2	0	0	2	0	1	0	1	1	0	0	1	1	115.470655243
1	0	0	0	0	0	0	175.8	1	0	0	0	2	1	0	0	1	2	0	1	87.5627871069
0	0	0	1	1	0	0	399.3	0	0	0	0	0	0	0	0	0	1	0	0	178.094079145
2	1	0	1	0	1	0	83.1	0	0	0	0	1	0	0	0	1	1	1	1	26.3997230002
1	0	0	0	0	1	0	275.4	0	0	0	0	1	1	1	1	0	0	1	1	122.12200581
0	1	0	0	0	0	0	204.6	1	0	1	0	0	0	0	0	0	1	0	0	83.2157029288
0	0	0	0	0	0	0	84.3	0	1	0	0	1	0	2	0	0	0	0	0	4.73926667312
1	0	0	0	1	1	0	242.7	0	0	0	0	2	1	2	1	1	0	0	0	144.635728499
1	1	0	1	0	0	0	457.5	0	0	0	0	1	1	1	1	0	1	1	0	173.556211903
2	1	0	2	0	1	0	447.3	1	0	0	0	1	0	1	0	0	0	0	1	165.653960118
0	0	0	1	1	0	1	195.0	0	0	2	0	0	2	2	0	0	0	0	1	74.4720353209
0	0	0	1	0	0	0	424.5	0	0	0	0	0	0	1	1	0	0	0	0	176.020245367
2	1	1	0	1	1	0	31.5	0	0	1	0	0	1	0	0	0	0	0	0	48.3022175167
0	0	0	2	0	1	0	176.4	0	1	0	0	1	0	0	1	0	0	0	0	94.9815867821
0	1	0	1	0	2	0	346.5	0	1	0	0	2	1	1	1	1	1	0	1	101.52255039
1	1	0	2	0	0	0	377.4	0	1	1	0	0	2	1	0	0	0	0	0	184.760679459
1	1	0	0	1	2	0	143.4	0	0	0	0	1	1	2	0	1	1	0	0	98.756777823
1	0	0	1	0	0	0	386.4	0	0	0	0	2	1	2	1	1	2	0	0	157.766477473
0	0	0	1	1	1	0	12.3	0	1	1	0	1	0	1	0	1	0	2	0	14.7134383688
2	0	0	1	0	1	0	263.7	0	0	1	0	0	0	1	0	0	0	0	1	137.122938836
2	0	0	0	0	1	0	182.7	0	0	2	0	2	2	1	0	0	0	0	0	79.8098274764
2	0	0	1	0	0	0	478.5	0	1	0	1	1	1	0	0	1	1	0	1	194.780795416
1	0	0	2	1	0	0	35.4	0	0	1	0	1	0	1	1	0	1	0	0	48.6493125539
2	0	0	2	0	0	0	347.7	0	0	0	0	0	0	1	1	0	1	0	0	132.284638553
1	0	0	0	0	2	0	266.1	1	0	0	0	0	0	2	0	0	0	0	0	108.973445795
0	0	0	1	0	1	1	35.1	0	1	0	0	0	1	2	1	1	1	1	1	41.0386081419
1	0	0	1	0	1	0	210.9	0	0	0	0	0	1	2	2	0	0	1	1	91.1146067301
1	0	0	0	0	1	0	94.8	0	0	1	0	0	0	0	0	0	0	0	0	28.0124845896
1	0	0	2	0	0	0	138.9	0	0	0	0	0	1	1	1	0	1	1	1	85.7625876684
1	0	0	0	0	0	0	381.3	1	0	0	0	1	2	1	1	1	1	0	0	181.827320922
1	0	0	1	0	1	1	129.6	0	0	0	1	2	0	0	0	0	0	0	2	79.7904724858
2	1	0	1	0	0	0	251.1	0	1	0	0	2	2	1	1	0	0	1	2	138.10366276
1	0	0	1	0	0	0	373.5	0	0	0	1	0	1	0	1	1	1	1	2	165.791758785
1	0	0	1	0	0	0	417.9	1	1	0	0	1	1	1	0	1	1	0	1	168.216795208
0	0	0	2	2	0	0	248.4	0	0	0	0	1	0	1	0	0	0	0	0	122.279287865
1	0	0	2	0	0	0	222.3	0	0	0	1	1	1	2	2	0	0	1	1	73.1514574528
1	1	0	0	0	0	0	408.0	0	0	0	1	0	0	1	0	0	1	1	0	160.105096425
1	0	0	0	0	0	1	179.1	0	0	0	0	0	2	1	0	0	0	1	0	65.1960592053
0	1	0	2	0	1	0	183.3	0	0	0	0	1	2	1	0	0	0	0	0	76.0503166523
0	0	0	1	0	0	1	451.5	0	0	0	0	1	0	1	0	1	0	0	1	169.092472131
2	1	0	2	0	1	0	167.7	1	0	1	0	2	0	1	0	0	0	1	0	51.3819954041
1	0	0	1	0	0	0	432.0	0	0	0	1	2	1	1	0	0	0	0	1	166.26069272
0	1	0	0	0	0	0	447.6	0	0	0	0	1	1	2	0	0	1	0	1	183.156010701
1	0	0	0	0	0	0	422.4	0	0	0	0	1	1	1	0	1	0	2	0	197.726597034
2	1	0	1	0	1	0	46.2	0	1	0	0	2	0	2	0	0	0	0	0	3.96890903413
1	0	0	1	0	1	0	454.2	0	1	0	0	0	0	1	1	1	0	0	1	160.685075123
0	0	0	1	0	0	0	96.6	1	1	1	0	0	1	0	2	0	0	1	1	45.2545726347
0	0	0	1	0	0	0	247.2	1	0	0	1	0	1	1	0	0	0	0	0	133.42205866
1	0	0	2	1	0	0	164.7	0	0	0	0	1	1	2	2	0	0	0	1	89.1213872639
0	1	0	1	0	0	0	278.4	1	0	0	0	0	1	1	1	0	0	1	1	113.396297891
2	1	0	0	1	0	0	416.1	0	0	0	0	1	0	1	1	1	0	2	0	160.742818426
1	0	1	1	0	0	0	47.1	0	0	0	0	1	0	1	0	0	0	1	1	33.6497703761
0	0	0	1	0	0	0	190.2	0	0	1	0	1	1	2	0	0	0	0	0	67.644367367
1	1	0	1	1	0	1	6.9	1	0	1	0	0	1	2	0	0	0	2	0	30.7277719959
0	1	0	0	0	1	1	316.2	0	0	0	0	0	0	1	0	1	0	1	1	111.741130601
2	0	0	1	0	0	0	292.8	0	0	0	0	1	1	0	0	0	1	1	1	143.802863624
1	1	0	1	0	2	0	401.1	0	0	0	0	1	1	1	1	0	0	1	0	155.210822406
1	0	0	1	1	1	0	118.8	0	0	0	0	1	0	1	0	0	0	0	1	14.3030867198
1	0	0	1	0	0	0	292.5	0	0	0	0	0	1	1	0	0	1	0	0	125.145011878
0	0	0	1	0	1	0	34.8	0	0	0	0	1	1	1	0	0	0	0	1	18.8662132005
2	1	0	1	0	0	0	199.2	0	0	2	0	0	0	1	0	1	0	0	0	75.5975231176
0	1	0	0	0	1	0	403.8	0	0	0	0	1	0	0	0	0	1	1	0	189.326025741
1	1	0	0	1	1	0	446.1	0	0	0	0	1	0	1	0	0	0	0	0	184.734105195
2	1	0	1	1	0	0	89.1	0	0	0	0	1	0	1	1	2	1	0	1	1.58880674683
0	1	0	0	1	0	0	6.3	0	0	1	0	0	1	1	0	1	0	0	0	24.585086058
1	0	0	1	0	0	0	77.4	0	0	0	0	0	1	0	0	0	0	2	1	38.0869076477
1	2	0	0	0	1	0	30.0	0	0	0	0	0	0	1	0	1	1	1	0	24.424798301
1	0	0	2	0	0	0	72.3	0	0	0	0	1	1	2	1	0	0	0	1	34.6627396102
0	0	0	0	0	1	0	354.0	0	0	0	0	0	0	1	1	1	0	0	1	120.423181616
0	0	0	1	0	1	0	230.1	1	0	0	0	1	0	0	1	0	0	0	0	78.4593095676
2	1	0	1	0	1	0	460.8	1	0	0	0	1	2	0	1	1	1	1	0	198.820220825
1	0	0	1	0	0	0	354.3	1	0	0	0	1	1	2	0	0	0	0	0	138.836518981
0	0	0	2	0	2	1	30.9	0	0	0	0	1	0	1	0	0	0	0	0	44.1495010313
2	0	0	0	0	0	0	443.1	1	0	0	0	1	1	2	0	0	0	0	0	172.821992039
0	1	0	1	0	0	0	460.5	2	0	0	0	1	1	1	0	1	0	1	1	152.742051385
1	0	0	1	0	1	0	147.0	0	0	0	0	0	0	2	0	1	0	0	1	81.7963776029
2	1	0	1	0	0	0	313.2	1	0	1	0	1	0	0	1	2	1	0	1	123.610965792
0	1	0	1	1	1	0	389.4	1	0	0	0	1	1	0	0	0	0	0	1	188.757248676
1	1	0	1	0	0	0	81.0	0	0	0	0	0	2	1	1	1	1	0	1	8.89157144851
0	1	0	2	0	1	1	477.9	1	0	0	0	1	1	1	2	0	0	0	0	161.738509951
1	2	0	1	0	0	0	292.2	1	0	0	0	1	0	0	0	0	1	0	0	108.680499678
1	1	0	2	0	0	0	442.2	0	1	1	0	0	0	0	0	0	0	1	0	192.952940037
2	0	0	1	1	0	1	438.0	0	0	0	0	0	1	0	0	0	1	1	0	194.725104232
1	1	0	1	1	0	0	13.8	0	0	1	0	0	1	1	1	0	0	2	1	42.3114779963
1	0	0	0	1	0	0	439.2	1	0	1	0	0	1	1	2	1	0	0	1	160.832542392
0	1	0	1	0	1	0	418.2	0	0	0	0	1	1	2	0	0	0	0	0	161.041209613
2	2	0	1	0	1	0	123.6	1	0	0	0	0	0	1	1	0	0	0	1	68.8969186441
2	0	0	2	0	2	0	298.5	0	0	1	0	0	1	1	0	0	0	0	0	149.458434244
0	0	0	2	0	0	0	79.5	1	0	0	0	1	1	1	0	0	0	0	0	47.0770299611
0	0	0	0	0	1	1	238.2	0	1	1	0	1	0	1	0	1	0	0	0	57.8718098391
2	1	0	1	1	1	1	148.2	0	0	0	1	1	0	2	0	1	0	0	1	64.4068239952
1	0	0	2	1	1	0	51.9	0	0	0	1	1	0	2	0	0	1	1	0	39.4314914996
1	0	0	1	0	0	0	349.8	0	0	0	0	0	1	1	0	1	0	2	0	124.917857814
1	0	0	1	1	0	0	364.5	1	0	0	0	1	1	1	0	1	0	0	0	169.960876687
0	0	0	0	0	1	0	380.1	0	0	0	0	1	1	1	1	0	0	1	1	172.252252013
1	1	0	1	0	1	0	144.9	0	0	0	0	0	0	1	0	1	0	2	2	84.3775850628
1	1	0	1	0	1	1	240.0	0	0	0	0	0	1	2	0	0	0	2	0	72.1246651538
0	0	0	0	1	1	1	228.3	0	0	0	0	1	2	1	1	0	0	1	0	85.6856963083
1	0	0	2	0	0	0	439.5	0	0	0	0	1	1	1	0	2	0	0	0	175.405641344
0	0	0	1	0	0	0	189.0	1	0	0	0	1	1	2	0	0	0	1	1	89.2842967379
1	1	0	0	1	0	0	400.5	0	1	1	0	2	0	1	0	0	0	0	1	193.656553566
1	0	0	0	0	0	0	246.9	0	0	0	0	2	1	1	1	1	1	0	1	126.035407301
1	0	0	0	0	0	0	22.5	0	0	0	0	0	0	1	1	0	1	0	0	26.3976694921
1	0	0	1	0	1	1	153.0	0	0	0	0	1	1	1	0	1	0	0	1	80.5152870413
0	2	0	1	0	1	1	117.0	0	0	0	0	0	0	0	0	0	0	1	1	25.5976075224
1	0	0	1	1	0	0	169.8	1	1	0	0	0	1	1	0	1	0	1	0	85.2042368212
0	0	0	1	0	0	0	306.3	0	0	0	0	1	0	2	1	1	0	0	1	124.005281488
1	1	0	1	0	1	0	33.0	0	1	0	0	0	1	1	0	0	0	0	0	24.043633927
2	0	0	1	0	2	0	413.4	0	0	0	0	1	0	1	1	1	1	0	1	184.199781334
1	0	0	1	0	1	0	268.2	0	0	0	0	1	1	1	0	0	0	0	0	106.452440134
1	0	0	1	0	0	0	107.4	1	0	0	0	1	1	1	0	1	0	0	1	22.2294669887
1	0	0	2	0	1	0	368.4	0	0	1	0	1	0	2	1	1	1	1	1	158.457446992
1	0	0	0	0	0	0	113.1	0	0	0	0	1	0	0	1	1	0	0	0	6.11545942463
1	2	0	0	0	1	0	183.0	0	0	0	0	1	0	1	1	1	2	1	1	78.5821373197
1	0	0	1	0	1	0	107.7	1	0	0	1	1	0	0	2	0	0	0	0	0.888699253024
0	0	0	1	0	0	0	363.0	0	0	1	0	0	1	1	0	1	0	0	0	194.763970773
0	1	0	0	0	0	0	355.2	0	0	0	0	1	0	0	1	1	0	1	0	131.130365844
1	0	0	0	0	0	1	445.5	0	0	0	0	0	1	1	2	0	1	0	1	162.202405196
0	0	0	0	0	1	1	207.6	0	0	1	0	0	0	1	2	1	0	0	2	81.3774254448
0	1	0	2	1	1	0	403.2	1	0	1	0	1	0	1	1	0	0	1	0	177.023094039
1	0	0	1	1	1	0	261.3	0	0	0	0	0	0	1	0	0	1	0	1	129.318343777
0	0	0	0	0	1	0	163.8	0	0	0	0	0	0	1	1	0	0	0	0	52.6482385301
0	1	0	0	0	0	0	100.2	0	0	1	0	1	1	1	1	1	1	0	0	24.9606440689
2	0	0	1	0	1	0	291.9	0	0	1	0	2	0	1	1	0	0	1	0	106.61535513
1	0	0	1	0	0	1	459.3	0	0	0	0	1	0	1	0	1	1	0	0	153.577238073
2	1	0	0	0	1	0	87.3	0	1	0	0	1	0	0	1	1	0	0	0	39.0540640731
2	0	0	1	0	1	0	223.2	0	0	1	0	2	1	1	0	0	0	0	0	78.1223092006
1	0	0	0	1	1	0	356.4	0	0	0	0	1	2	2	0	1	0	0	1	139.564038807
2	0	0	1	0	0	0	438.9	0	0	0	0	1	0	2	2	0	2	0	0	181.468545562
0	0	0	2	0	1	0	420.0	1	0	0	0	0	1	0	1	1	1	1	0	186.841877354
0	0	0	1	1	1	1	339.9	1	0	0	1	2	0	0	1	0	0	1	1	145.185267933
0	2	0	2	0	0	0	407.7	0	0	1	0	0	1	1	2	0	1	1	0	173.624126486
2	0	0	2	0	0	1	7.2	0	0	0	0	0	0	0	1	0	1	1	0	47.7245844827
0	0	1	1	0	0	0	90.3	1	0	0	0	2	1	2	0	0	0	0	2	21.8042382367
0	0	0	1	0	0	0	301.8	1	0	0	0	0	0	1	0	0	0	0	0	143.241039831
1	0	0	0	0	1	0	333.0	1	1	0	0	0	1	1	1	0	0	1	1	101.316141475
1	0	0	1	0	0	0	78.9	0	1	0	0	0	2	2	0	1	1	0	1	3.13829046977
0	0	0	1	0	0	0	284.1	0	0	0	0	0	1	1	0	1	1	0	0	139.729211247
0	0	0	1	0	0	0	42.6	0	0	0	0	1	1	1	0	1	0	1	1	14.0218075885
0	0	0	1	0	0	0	326.4	0	0	1	0	2	1	2	0	2	0	1	1	116.135155808
2	0	0	1	0	0	0	34.2	0	0	0	0	0	0	0	0	0	0	0	1	9.50134081627
0	0	0	2	1	2	0	160.5	1	0	0	0	1	0	0	1	0	1	1	0	74.6826182899
0	1	0	0	0	0	0	198.9	0	0	0	0	0	0	1	1	1	0	1	0	73.3148701481
1	0	0	0	0	1	0	168.0	0	0	0	0	2	0	1	1	0	1	0	0	96.274304589
1	0	0	0	0	0	0	97.5	0	0	0	1	1	1	1	0	0	0	1	1	31.6456628157
1	0	0	0	0	0	0	257.4	0	1	0	0	0	1	1	0	0	0	0	0	102.210343672
2	1	0	2	0	2	0	305.4	0	0	1	0	1	1	0	1	0	0	0	1	128.2711469
0	1	0	2	0	0	0	317.4	0	0	0	0	0	0	0	0	0	1	0	0	100.941221639
2	1	1	1	0	1	0	180.0	0	0	0	0	2	1	0	0	0	0	0	0	57.7252856007
0	0	0	0	0	1	0	116.7	0	0	0	0	1	1	0	1	0	0	0	0	39.5109293638
1	0	0	0	0	1	0	34.5	0	0	1	0	0	2	1	0	0	0	0	0	10.2380145706
2	1	0	2	0	0	0	146.7	0	0	0	0	0	1	1	1	1	0	0	0	83.6897442279
0	0	1	0	0	1	0	351.0	0	0	0	0	0	1	2	0	0	1	1	0	125.940927086
0	0	0	1	0	0	1	423.9	0	0	0	0	1	0	0	0	0	0	0	0	171.118444551
1	0	0	0	1	0	0	150.6	1	0	0	0	1	0	1	0	0	1	0	1	52.7070693069
0	2	0	2	0	2	0	242.1	0	0	0	0	0	1	1	0	0	0	0	0	56.5041347176
0	1	0	0	1	0	0	306.6	0	1	0	1	1	0	2	0	0	0	1	1	140.484724558
1	1	0	1	0	0	0	453.6	0	1	0	0	0	0	1	1	1	0	1	0	182.028148066
1	0	1	0	0	0	0	167.1	1	0	1	0	1	0	1	0	0	0	1	0	85.8697641257
0	1	0	1	1	0	0	429.3	0	0	1	0	1	1	2	0	0	0	1	1	183.174609037
0	0	0	1	0	2	1	120.0	0	0	0	0	1	1	0	1	0	1	1	1	0.268359819646
2	0	0	1	1	0	1	245.4	0	0	0	0	1	1	1	0	0	1	0	0	138.876549587
0	0	1	1	0	1	0	153.3	0	0	0	0	1	1	0	1	0	0	1	0	81.1051076195
1	1	0	1	1	1	1	348.9	0	0	1	0	2	1	0	0	0	0	1	0	136.240645313
1	0	0	1	0	0	0	55.5	1	1	0	0	2	0	2	0	0	1	0	1	14.5416330125
1	0	0	0	0	1	1	28.5	0	0	0	0	1	1	1	0	1	0	0	0	18.4902280351
1	0	0	1	1	0	0	342.9	1	0	0	0	1	2	1	1	0	0	1	0	140.366495424
1	1	0	1	0	1	0	246.6	0	0	0	0	1	1	1	2	0	0	1	0	114.961187124
1	0	0	1	1	0	0	279.0	0	1	0	0	1	0	0	0	0	0	0	0	139.451116512
1	0	0	1	0	0	0	457.8	1	0	0	0	0	0	0	1	0	1	1	1	193.972044054
0	1	0	1	0	0	1	78.3	1	0	0	0	1	0	1	1	0	0	0	0	3.68597780043
1	0	0	0	0	0	0	12.0	0	0	0	0	2	1	1	0	1	0	0	1	17.9170356571
0	0	0	0	0	0	0	326.1	1	0	1	0	0	1	1	0	0	0	0	1	126.08048995
1	1	0	1	0	0	0	477.3	0	0	0	0	1	0	0	1	0	1	1	1	175.357100214
1	0	0	1	0	1	0	401.7	0	0	0	0	1	0	1	0	0	0	0	0	153.208010955
0	1	0	2	0	0	1	411.0	0	2	0	0	1	1	1	0	0	0	0	0	178.223555676
0	0	0	1	0	0	0	475.2	0	1	0	1	1	1	1	0	0	1	1	1	187.032147171
0	1	0	0	0	1	0	315.0	0	0	0	0	1	0	2	0	0	1	0	0	136.568637568
1	0	0	0	0	0	1	465.0	1	0	0	0	1	0	0	0	0	0	1	1	153.297229171
0	1	1	0	0	0	0	412.8	0	0	1	0	1	0	1	0	2	0	1	1	174.421069796
1	1	0	2	0	0	0	248.7	1	0	1	0	1	1	1	0	0	0	1	0	101.775944595
2	0	0	2	0	0	1	255.9	0	0	0	0	0	1	1	0	0	1	1	2	146.526594733
1	0	0	0	0	0	0	82.8	0	0	0	0	0	0	1	0	1	1	0	0	8.88454795268
1	0	0	1	0	0	0	309.9	0	0	0	0	1	1	0	1	1	0	0	1	132.567977557
0	0	0	0	0	0	0	294.3	1	0	0	0	0	1	0	1	0	1	0	0	129.179834742
2	0	0	0	0	2	0	86.4	0	0	0	0	0	1	1	0	0	0	0	1	24.8847685375
1	0	0	1	0	2	0	16.8	0	1	1	0	1	1	1	0	1	0	1	0	29.9059159037
0	1	0	0	0	0	0	464.1	0	1	1	0	0	2	1	0	0	0	0	0	179.354130167
2	0	0	1	0	1	0	48.6	1	0	0	0	0	0	0	0	0	0	0	0	31.4470443824
2	1	0	1	0	0	0	70.8	1	1	0	0	0	2	0	2	1	0	1	1	11.2563449287
2	0	0	0	1	0	0	4.2	1	0	0	1	1	0	1	0	0	1	0	1	10.0490237762
1	0	0	2	0	1	0	231.0	0	0	0	0	1	1	0	0	0	0	1	1	56.7675319858
2	0	0	1	0	0	0	366.3	0	0	0	0	0	1	1	0	0	0	1	1	195.188357702
0	1	0	2	0	1	1	206.4	1	0	0	1	2	0	0	0	1	2	0	0	87.6793214846
1	0	0	0	0	1	1	194.7	0	0	0	0	0	1	0	1	0	1	1	0	62.1272514629
0	1	0	2	0	1	0	468.0	0	1	0	0	0	0	2	0	0	1	1	1	178.186391215
1	0	0	1	0	0	1	37.5	0	1	0	0	0	1	2	0	1	1	0	0	27.4531740392
0	2	0	0	1	0	0	101.4	0	0	0	0	1	1	1	0	0	1	1	0	11.1038023332
1	0	1	1	0	1	0	54.3	0	0	0	0	2	0	1	1	0	1	0	0	25.3954063965
1	1	0	1	0	0	0	362.4	0	0	0	0	1	2	0	0	1	1	1	0	117.799315119
0	0	0	1	1	0	0	41.1	0	0	0	0	1	0	0	0	0	1	0	0	47.9547733135
1	0	0	0	0	0	0	15.3	0	0	0	0	1	1	1	0	1	0	2	0	45.1610707766
0	1	0	0	0	0	0	210.3	0	0	0	0	0	0	1	0	0	0	0	1	89.9846974237
2	2	0	2	0	0	0	24.9	0	0	0	0	1	0	1	0	0	0	0	0	9.06240040546
0	1	0	1	0	0	0	298.8	1	0	0	0	0	0	1	1	0	1	1	0	135.85205422
0	0	0	1	0	0	0	156.0	1	0	0	0	0	0	2	0	1	0	1	0	52.741674206
0	1	0	0	0	1	0	51.6	0	1	0	0	0	1	0	1	1	1	0	1	40.9926363924
1	0	0	0	0	1	0	93.0	0	0	0	0	1	1	2	1	0	2	0	0	9.40385493251
2	0	0	1	0	0	0	180.6	0	0	1	0	1	0	0	0	1	1	1	0	60.5222841995
1	0	0	2	0	0	0	270.3	0	0	0	0	0	0	0	0	2	0	0	1	110.420909133
1	0	0	0	1	0	0	140.1	0	0	0	0	0	0	2	1	0	0	0	0	58.6609610885
0	0	1	0	0	0	0	328.8	0	1	0	0	1	1	0	0	0	0	0	0	117.84123656
2	0	0	2	0	1	1	351.6	0	1	0	0	1	0	0	1	0	1	0	0	128.236815639
0	0	0	2	0	0	0	288.3	0	0	0	0	0	0	1	0	0	1	1	1	114.952927217
1	1	0	0	0	0	0	444.9	1	0	0	0	0	0	2	0	0	1	0	1	180.894393562
1	0	0	2	0	1	0	133.5	0	0	1	0	2	0	0	0	1	1	1	1	95.8580348894
0	0	0	2	0	0	0	444.0	0	0	0	0	0	1	0	0	0	1	0	0	156.700653638
2	1	0	0	0	0	0	229.8	0	0	0	0	1	0	1	0	0	0	0	1	56.8747056593
2	0	0	1	0	0	1	329.7	0	1	0	0	0	1	0	0	0	0	1	1	107.670666345
2	0	0	0	0	0	0	254.1	0	0	0	0	1	2	1	1	0	0	0	0	135.419495658
0	2	0	1	0	1	0	456.9	0	0	1	0	1	0	0	1	1	1	0	2	184.822525017
1	0	0	0	0	0	1	156.9	0	0	0	0	1	1	2	0	1	0	0	1	69.1018513081
0	1	0	1	0	0	0	77.1	0	0	0	0	0	0	0	0	0	0	1	0	1.40301767495
0	0	0	1	0	0	0	127.2	2	0	1	0	0	0	0	1	0	2	1	1	97.068535426
0	0	0	0	0	1	0	271.2	0	0	1	1	1	1	2	0	0	0	1	2	101.240289305
0	1	0	1	0	0	0	138.6	0	0	2	0	1	0	0	0	0	0	0	0	91.7098033896
0	0	0	0	1	0	0	374.1	0	0	1	0	1	0	0	1	1	1	1	0	197.701350574
1	0	0	1	1	0	0	212.4	0	0	0	0	1	1	1	0	1	0	1	0	88.0759795464
0	0	0	0	0	0	0	384.6	1	0	0	0	0	1	1	0	1	0	1	1	181.491675328
1	0	0	0	2	1	0	320.1	0	0	0	0	2	0	0	0	0	1	1	1	117.094097258
1	1	0	1	0	0	0	450.6	0	1	0	0	1	1	0	0	1	0	1	1	164.73467699
2	0	0	2	0	1	0	17.4	0	0	0	0	0	1	2	1	0	0	1	1	39.370681238
1	1	0	1	0	0	0	9.9	0	1	0	0	0	1	0	2	1	0	0	0	3.22724986
1	0	0	2	0	0	0	329.4	1	0	0	0	0	0	1	1	1	1	0	1	107.096803536
0	0	0	1	0	1	1	339.3	0	1	1	0	1	0	2	0	0	0	1	0	118.848127722
1	0	0	0	0	1	1	479.4	0	0	0	0	0	1	1	0	1	1	0	0	193.483856421
0	1	0	1	0	1	0	357.9	0	0	0	0	0	1	0	1	1	0	0	2	116.468827062
0	1	0	0	0	0	0	249.0	0	0	0	1	0	0	2	1	1	1	0	0	149.302506794
2	0	0	2	0	1	0	19.5	0	0	1	0	1	0	0	0	0	0	1	0	36.0776320739
0	0	0	0	0	0	0	82.5	0	0	1	0	1	1	1	1	0	2	0	0	37.1379804095
1	1	0	1	0	0	0	330.0	0	0	0	1	2	1	1	1	1	0	0	0	101.532620624
0	0	0	1	0	0	1	432.6	0	0	1	1	1	0	0	0	0	0	0	0	186.630637339
0	0	0	1	0	0	0	309.3	0	0	0	0	1	1	0	0	0	0	1	1	112.629114654
0	0	0	2	0	0	0	425.1	1	0	1	1	0	1	2	2	2	0	1	1	157.966654107
2	1	0	0	0	1	0	41.7	0	0	0	0	0	0	1	0	1	1	1	1	46.5293337785
1	1	0	0	0	1	0	23.4	1	0	0	0	0	2	1	0	0	0	0	0	26.1622711092
1	0	0	2	0	1	0	9.6	0	0	0	0	0	0	1	0	1	0	1	0	41.5630561177
0	0	0	0	0	0	0	163.2	0	0	0	0	2	1	2	0	1	0	0	2	94.48172999
2	1	0	2	0	2	0	422.7	0	0	0	0	1	1	1	1	0	2	2	1	181.807802356
0	0	0	2	0	0	0	63.9	0	0	0	0	0	0	1	0	0	1	0	0	39.519979485
1	0	0	1	0	0	0	179.4	1	0	0	0	1	0	1	0	1	0	0	0	52.7546459925
1	0	0	0	0	1	0	393.9	0	0	0	0	1	0	1	0	1	0	1	0	159.759903502
2	1	0	1	1	1	0	260.4	0	0	0	0	0	1	2	0	1	0	1	0	128.756608876
2	0	0	1	1	0	0	74.4	0	0	1	1	0	1	0	1	0	0	1	1	43.0436603317
0	0	0	1	1	0	1	427.5	0	0	0	0	1	0	1	1	1	0	1	1	160.216597511
0	0	0	1	0	0	0	302.1	0	0	0	0	1	0	1	0	0	2	0	1	135.834926831
0	2	0	0	0	1	0	415.2	0	1	1	0	0	0	0	1	1	1	1	1	198.678969295
0	0	0	2	0	0	1	237.0	1	1	0	0	1	1	2	0	0	0	1	1	77.6927268864
2	0	0	1	2	0	0	367.8	0	0	0	0	1	1	2	0	1	1	0	0	191.945022544
0	0	0	2	1	0	0	205.2	0	0	0	0	1	0	1	2	0	1	0	1	55.3381413789
1	1	0	1	0	0	0	111.0	0	0	0	0	1	0	1	0	1	1	0	0	15.5378255468
1	0	0	0	0	0	0	141.3	0	0	1	0	2	1	2	1	1	1	0	0	63.0978619976
1	0	0	1	0	1	1	187.8	0	0	0	0	0	0	0	1	0	0	0	0	50.9378194222
0	0	0	1	1	0	0	85.8	0	1	0	0	1	0	1	0	0	0	0	0	20.4664528897
0	0	0	0	0	1	0	340.5	0	0	0	0	0	1	1	1	0	0	0	1	113.749008655
1	0	0	0	0	0	0	290.1	0	0	0	1	0	1	0	0	1	2	0	0	118.980976219
1	0	0	1	0	0	1	132.9	1	0	0	0	1	1	0	0	0	0	0	0	90.4033429514
0	1	0	0	0	1	0	138.0	0	0	1	0	0	0	1	0	1	0	0	0	67.996109779
0	1	0	0	0	0	0	125.1	0	0	0	0	1	0	1	1	1	1	0	1	84.3034927934
2	0	0	1	1	2	1	477.0	0	0	0	0	1	0	1	0	1	0	0	0	193.977780355
1	0	0	0	0	0	0	396.6	0	0	0	0	1	1	1	0	1	0	1	0	166.860374602
2	0	0	2	0	0	0	150.0	1	1	0	0	2	1	1	1	0	1	1	0	81.9164138859
1	2	0	1	0	2	0	407.4	0	0	0	1	1	1	1	0	0	0	0	1	175.853748171
1	0	0	0	1	0	0	220.5	0	0	0	0	1	0	0	0	1	0	2	0	68.0259782012
0	2	0	1	0	1	0	135.3	2	0	1	0	2	0	1	1	1	1	2	1	63.4179655841
1	1	0	0	0	1	0	264.6	0	0	0	0	1	0	2	0	0	1	1	0	134.467868922
1	0	0	0	0	0	0	325.8	1	0	0	0	2	1	0	1	0	0	0	0	137.733644573
1	0	0	1	0	0	0	196.2	1	0	0	0	0	1	0	0	0	0	0	0	51.651873451
1	0	0	1	0	0	0	318.9	0	0	0	0	1	2	2	1	0	0	0	1	122.28227413
0	0	0	1	1	1	0	261.6	0	1	0	0	0	0	1	0	0	2	0	1	120.859697466
1	1	0	1	0	0	0	357.0	0	0	0	0	0	0	1	0	0	0	1	0	134.741279797
2	0	0	1	0	0	0	181.5	0	1	0	0	0	1	0	1	0	0	1	0	66.9515626115
2	1	0	1	0	1	0	53.1	0	0	0	1	1	0	0	1	1	0	1	1	5.05409811245
0	0	0	0	0	1	1	122.1	0	0	0	0	1	1	0	0	0	1	0	0	17.4097923323
1	0	0	1	0	2	0	144.0	0	0	0	0	0	0	1	0	0	0	1	1	66.05409338
2	0	0	1	0	0	0	481.8	1	0	0	0	2	1	1	1	0	0	1	0	174.629453748
1	1	0	0	0	0	0	271.5	0	0	0	0	1	1	2	0	0	0	1	0	145.887916536
1	1	0	2	0	1	0	260.7	0	0	0	0	1	1	0	0	1	0	0	0	102.747004346
0	0	0	1	0	0	0	430.5	0	0	0	0	1	1	1	0	0	0	0	0	162.336074927
1	1	0	1	0	1	0	388.5	0	0	0	0	2	1	1	1	0	0	0	1	158.089614813
1	0	0	1	0	1	0	121.8	1	0	0	0	1	0	1	0	0	0	0	1	33.1438637086
1	0	0	1	0	0	0	297.0	0	0	0	0	1	0	1	0	0	1	0	1	147.448617719
1	1	0	1	0	0	0	455.1	0	0	0	1	0	1	1	0	0	0	2	0	158.834391964
0	0	0	1	0	0	0	55.2	1	1	1	0	1	1	1	0	1	0	0	0	35.0933090257
2	0	0	2	1	0	0	235.2	1	0	0	0	0	1	1	1	1	1	1	1	58.8650733578
1	0	0	1	0	1	1	3.0	1	0	0	0	1	0	1	0	1	0	0	1	23.0171888643
0	0	0	0	0	0	0	43.5	0	0	0	0	0	1	0	0	0	0	0	0	30.4779530182
1	0	0	1	0	0	0	45.9	0	0	0	0	2	0	1	0	0	0	0	0	29.5252363323
0	0	0	0	0	0	0	8.4	0	0	0	0	0	0	2	0	0	0	1	0	36.7755038791
1	0	0	2	0	1	0	246.0	0	0	0	0	1	0	1	1	0	0	0	0	108.591187343
0	0	0	0	0	0	1	250.5	0	0	0	0	1	0	2	1	1	0	0	0	130.754205317
2	0	0	0	0	0	0	251.4	0	0	1	0	2	1	1	0	0	1	0	1	141.620629048
2	1	0	0	0	0	0	119.7	0	0	0	0	1	0	2	0	0	0	0	1	17.5845231258
0	0	0	2	1	1	0	106.2	1	0	0	0	2	1	1	2	0	1	0	0	44.6055589776
1	1	0	2	0	0	1	238.5	0	0	0	0	0	1	1	1	0	0	0	0	80.0406687366
0	0	0	1	0	1	1	366.6	0	0	0	1	1	1	1	0	1	1	1	0	191.563693703
0	0	0	1	1	1	0	381.6	0	0	1	0	1	0	1	0	2	0	0	0	180.558064202
1	0	0	1	0	1	0	139.5	2	1	1	0	2	2	2	1	0	0	0	0	88.4540781798
1	1	0	0	0	0	0	131.1	0	0	0	0	1	0	2	0	1	0	1	1	88.3841858258
0	0	0	1	1	0	0	393.0	0	0	0	0	1	0	1	0	0	1	1	0	172.317614424
2	0	0	0	0	0	1	73.8	0	0	0	0	1	0	1	1	1	0	1	0	21.6628981853
2	0	0	0	0	0	0	161.7	0	0	1	0	1	0	1	1	0	1	0	1	85.8438118985
0	0	0	2	0	0	1	69.3	0	0	0	0	0	0	0	0	0	1	1	0	2.49948918995
0	1	0	1	1	1	0	69.0	1	0	1	0	1	0	1	0	1	0	0	0	3.45789113103
0	0	0	1	1	0	0	224.4	0	0	0	0	1	0	1	0	1	1	0	0	74.5585894303
1	0	0	2	1	1	0	66.3	1	1	0	0	1	0	1	0	0	0	1	1	45.5150143677
0	0	0	1	0	1	0	202.8	0	0	1	0	0	1	1	0	1	0	0	1	82.8171679863
2	0	0	1	0	1	0	209.1	1	0	0	0	1	1	1	1	0	0	0	1	72.3610070876
1	0	0	0	0	0	0	124.2	0	0	0	0	0	0	0	1	1	1	0	0	74.9966543274
1	0	0	0	0	0	0	21.3	0	0	0	0	1	0	0	0	0	0	0	1	26.8952787562
1	1	0	0	0	1	0	244.2	0	0	0	0	0	0	1	0	0	1	1	0	148.312752493
1	0	0	1	0	1	0	90.0	0	0	0	0	0	0	0	0	0	0	1	1	29.1339029426
1	1	0	2	0	1	0	423.6	0	0	1	0	1	1	1	0	1	1	0	0	161.148568454
0	0	0	2	0	0	0	208.2	0	0	0	0	1	0	2	0	0	0	0	0	50.6838243555
1	0	0	2	1	0	0	201.9	2	0	0	0	0	1	1	0	1	1	0	1	71.2956137065
1	0	0	1	0	2	0	378.3	0	1	0	0	1	0	1	0	1	0	2	1	194.484581106
0	0	0	0	0	0	0	354.9	0	0	0	0	0	1	1	0	0	1	0	0	142.04291707
1	1	0	2	0	0	0	474.6	0	0	0	0	1	1	0	0	0	0	0	0	174.580732213
0	0	0	0	0	0	0	384.0	0	0	1	0	1	1	0	1	0	0	0	0	184.478177788
0	1	0	1	0	1	0	128.4	2	0	1	1	0	1	1	0	1	1	1	1	98.8555716868
1	0	0	1	0	1	0	66.9	0	0	0	1	1	0	1	1	0	0	0	0	7.29670823937
1	0	0	2	0	1	0	157.2	0	1	1	0	1	2	0	1	0	1	0	0	55.612064398
1	0	0	0	0	1	0	114.6	1	0	1	0	0	0	1	0	0	0	1	0	13.2425282492
1	1	0	1	0	0	0	433.8	0	0	0	0	0	0	2	1	0	1	1	1	158.743230662
1	0	0	0	1	0	1	67.2	1	0	0	0	0	0	0	0	0	0	1	0	35.6317290077
0	0	0	1	1	0	0	318.6	0	0	0	0	0	1	0	1	0	1	1	1	122.998995336
0	0	0	0	1	1	0	40.2	0	0	1	0	1	0	1	0	0	0	0	0	32.5827415697
2	0	0	1	1	1	0	126.9	0	0	1	0	0	0	1	1	0	0	1	0	52.201125245
0	1	0	1	1	1	0	274.8	0	0	0	0	0	1	0	0	0	0	0	0	108.874547303
1	0	0	1	0	1	0	134.1	0	0	0	0	0	1	0	2	0	1	0	0	79.1787584648
0	0	0	2	0	0	1	344.1	0	0	0	0	2	0	2	0	0	1	1	0	107.436796919
1	1	0	1	0	1	0	439.8	1	0	0	0	1	2	2	1	0	0	1	0	177.007514858
0	1	0	0	0	0	0	361.8	0	0	1	0	0	0	2	1	1	1	1	0	121.419890787
0	1	0	1	0	0	0	389.7	0	0	0	0	1	0	1	0	0	0	0	1	190.343268085
1	0	0	0	1	1	0	23.7	0	1	0	0	0	0	1	1	0	1	0	1	11.7191438656
2	0	0	1	1	0	0	449.4	0	0	0	0	1	0	0	0	0	1	1	0	151.363809894
0	0	0	0	0	1	0	409.2	0	0	1	0	1	0	2	0	0	0	0	0	160.702823583
1	0	0	1	0	1	0	333.6	1	0	0	0	1	1	1	0	1	0	1	1	127.745709981
2	0	0	2	0	0	1	372.9	0	0	1	0	1	1	0	1	1	2	0	0	161.975700756
0	0	0	2	0	0	0	266.4	0	0	0	0	1	0	0	0	0	1	0	1	119.009170444
1	1	0	2	0	1	0	248.1	0	0	0	0	0	2	0	0	0	0	1	0	129.636868238
1	0	0	2	0	0	0	98.4	1	0	1	0	1	2	2	1	0	1	1	1	28.4304982746
2	0	0	0	0	0	0	51.0	0	0	2	0	0	1	1	0	0	0	0	0	10.535763792
0	1	0	1	0	1	0	9.3	0	0	0	0	1	0	1	1	0	0	0	0	45.0047976319
0	0	0	1	1	0	1	195.6	0	0	0	0	0	2	2	0	1	1	2	1	66.1226754901
2	1	0	1	1	1	0	161.4	1	0	1	0	0	1	0	0	0	2	0	0	99.2619281588
1	0	0	0	0	0	0	351.3	0	0	0	0	2	0	1	1	0	1	0	1	124.263026646
1	0	0	1	0	0	0	175.2	2	0	1	0	1	2	1	0	1	1	1	0	72.6419374276
1	1	0	1	0	0	0	279.9	0	0	0	0	0	2	1	0	0	1	1	2	145.588131269
1	0	0	2	0	1	0	359.7	0	0	0	0	0	0	1	0	0	1	0	0	103.639922348
1	0	0	1	0	0	0	6.0	1	0	0	0	1	0	0	0	0	1	1	0	9.24368388079
2	0	0	1	0	1	0	29.1	0	0	1	1	0	0	1	2	1	1	1	1	48.9507391496
1	1	0	0	0	0	1	334.8	0	0	0	0	1	0	2	0	0	0	1	0	134.844342682
1	0	0	1	0	1	0	250.8	1	0	0	0	1	1	1	2	0	0	1	0	128.101262062
0	0	0	1	0	0	0	326.7	0	0	0	0	0	0	1	0	1	1	0	1	123.914925427
0	0	0	0	0	1	0	262.8	0	1	0	0	0	0	1	0	1	0	0	0	127.820769247
1	1	0	2	1	0	0	411.3	0	0	0	0	0	1	1	1	0	0	0	0	162.320402608
0	0	0	1	0	0	0	389.1	1	0	0	0	2	1	1	0	0	0	0	1	180.598608488
0	0	0	1	1	1	0	341.1	0	0	0	0	2	1	2	0	0	1	0	0	118.44676367
1	1	0	1	0	0	0	102.9	0	0	1	0	1	0	0	1	0	0	0	0	33.7684070414
0	0	0	2	1	0	0	371.1	0	0	0	0	0	1	1	1	0	0	0	0	188.183857753
0	0	0	1	0	2	0	15.6	1	0	1	0	1	0	0	1	0	1	0	1	32.1580936797
1	0	0	0	0	0	0	461.4	1	0	0	0	2	0	1	1	1	1	0	0	176.665998271
0	1	0	1	1	1	1	36.6	0	0	1	0	1	1	0	0	0	0	0	0	24.944288073
0	0	0	0	0	0	0	253.2	0	0	1	0	0	0	1	0	0	2	0	0	131.221049609
1	1	0	2	0	0	0	2.7	0	0	0	0	1	1	0	0	0	1	0	0	19.3249746365
0	0	0	2	0	0	0	436.2	1	0	0	0	1	0	0	0	1	0	1	0	180.259152378
1	0	0	0	0	0	0	303.6	0	0	0	0	0	1	2	0	0	0	1	0	112.642636202
1	0	0	0	1	0	1	425.7	2	0	0	0	0	1	1	0	1	2	0	0	155.066232556
1	0	0	2	0	0	0	42.9	0	0	0	0	0	0	1	1	0	0	0	0	26.8532976852
1	1	0	0	0	1	0	63.3	0	0	0	0	0	2	0	0	1	0	0	0	35.8274814138
0	0	0	0	0	0	0	144.6	0	0	0	0	2	0	1	1	1	1	1	1	55.4675167083
1	2	0	1	0	0	1	117.9	0	0	0	1	1	1	1	0	0	1	0	0	8.1026296909
1	0	0	1	0	0	0	29.7	0	0	1	0	0	0	1	0	0	0	1	1	26.9302693268
0	0	0	1	0	0	0	396.3	0	0	0	0	0	0	2	1	0	0	1	0	192.832021587
0	1	0	1	0	1	0	98.1	0	0	0	1	1	0	2	2	0	0	0	0	8.56086876628
0	0	0	2	0	1	0	147.9	0	0	0	0	0	0	1	0	0	0	0	1	60.1351961793
1	1	0	1	0	1	0	416.7	1	0	0	1	0	2	0	0	0	0	1	1	186.466820056
2	0	0	1	0	0	0	424.8	1	0	0	0	2	0	1	1	0	0	0	0	163.36041322
1	1	0	1	0	0	0	52.5	0	0	0	1	0	0	1	0	0	0	0	0	18.5974123586
1	0	0	1	0	1	0	446.7	0	0	0	0	0	0	1	0	0	0	0	1	166.365230221
1	1	0	1	0	0	0	139.2	1	0	0	0	0	1	1	0	0	1	0	0	79.6979424055
0	1	0	1	0	0	0	149.1	0	0	1	0	0	1	0	0	0	0	1	0	93.8324155533
1	0	0	0	0	0	1	146.4	0	1	0	0	0	0	0	0	0	0	0	0	60.2621491483
2	0	0	1	0	0	0	313.8	0	0	0	0	1	0	0	2	0	0	1	0	119.291094494
1	0	0	2	0	2	0	272.4	0	0	1	0	1	0	1	2	0	0	0	0	110.132220596
1	1	0	1	0	1	0	296.7	1	0	0	0	0	0	1	0	1	0	0	1	140.826742626
1	1	0	1	0	0	0	450.3	0	1	0	0	0	2	1	0	0	0	0	0	160.747092615
0	0	0	2	0	1	1	158.4	0	0	0	0	1	1	1	0	0	0	0	0	97.3795984216
1	0	0	1	0	0	0	232.8	1	0	0	0	0	0	1	1	0	0	0	2	93.9886774592
1	0	0	1	0	0	0	55.8	0	0	1	0	0	0	1	1	0	0	0	0	32.4655017414
1	0	0	1	0	0	0	367.2	0	0	0	0	1	1	1	0	0	0	1	0	172.673688328
0	0	0	2	0	1	1	373.8	0	0	0	0	1	1	1	1	0	1	1	1	179.730200894
0	1	0	2	0	1	0	473.7	0	0	0	0	0	1	2	1	0	0	2	0	150.71206968
2	1	0	2	0	2	0	222.9	0	0	0	0	0	1	0	0	0	0	1	0	91.4126532312
1	0	0	1	0	1	0	172.8	0	0	1	0	0	0	0	1	0	0	0	0	74.5886632148
0	0	0	2	0	0	0	184.2	1	0	0	0	0	0	1	0	1	1	0	0	76.3526755517
1	1	0	1	0	1	0	178.2	0	0	1	0	2	1	0	0	0	1	1	1	55.170603068
1	1	0	1	0	0	0	311.1	0	0	1	0	1	0	0	0	0	0	0	1	137.279778605
1	0	0	1	1	0	0	188.4	0	0	0	0	1	0	0	0	0	0	0	0	97.921469381
0	0	0	2	0	0	1	383.4	0	0	0	0	0	0	1	0	0	0	0	0	199.359319331
2	0	0	1	0	2	0	474.3	1	0	1	1	2	2	0	0	1	0	0	0	158.388790194
0	0	1	0	0	0	0	322.8	0	0	1	0	0	0	0	1	0	0	0	1	130.930698532
1	0	0	1	0	0	0	281.1	1	0	0	0	2	0	0	0	2	0	0	0	143.767845053
0	0	0	1	0	2	0	209.4	0	1	0	0	2	1	0	1	0	1	0	1	58.4289513766
1	0	0	0	0	1	0	38.1	0	0	0	0	2	1	1	0	0	0	1	1	4.66301456724
1	0	0	1	0	0	0	297.9	0	0	0	0	0	1	0	0	1	0	0	0	136.97834378
1	1	0	0	0	1	0	103.2	0	1	1	0	1	0	0	0	1	0	0	1	34.4290045745
2	1	0	2	0	0	1	197.4	0	0	0	0	2	1	1	0	0	1	0	1	81.8630349407
0	1	0	2	0	0	0	379.8	0	0	0	0	0	1	0	1	1	1	1	0	175.164924608
1	0	0	0	0	2	0	187.5	1	0	1	0	1	0	0	1	1	1	0	1	57.5797575977
2	0	0	0	0	0	0	213.6	0	0	1	0	0	1	1	1	1	0	0	1	65.971187361
1	1	0	1	0	0	0	265.5	0	0	0	1	0	0	1	0	0	1	0	1	101.887030393
1	0	0	0	1	0	1	302.4	0	0	1	1	0	0	0	0	0	0	1	0	146.566477975
2	0	0	1	0	0	0	76.2	1	0	1	0	0	0	1	0	1	0	1	1	26.5090697416
1	0	0	1	0	1	0	252.6	0	0	1	1	1	1	2	0	0	1	0	1	126.161057501
0	0	0	1	0	1	0	134.7	0	1	0	0	1	1	1	1	0	1	0	0	72.4570697387
0	0	0	2	1	0	0	267.3	0	0	1	0	0	0	1	0	0	0	1	1	134.491569685
1	1	0	1	1	1	0	193.2	0	0	0	0	2	2	1	0	0	0	0	0	69.048652285
0	1	0	2	1	0	0	37.8	1	0	1	0	0	1	1	0	0	2	0	0	15.906087666
1	0	0	1	0	0	0	64.5	0	0	0	0	2	0	2	1	1	0	2	0	28.938869624
0	0	0	0	0	1	0	309.6	0	0	0	0	0	0	1	1	0	0	0	0	113.782914802
0	0	0	1	0	1	0	410.7	1	1	0	0	1	0	0	0	0	0	1	0	171.207182508
0	1	0	1	1	0	0	295.5	0	0	0	0	1	0	1	0	0	1	0	0	121.926132578
2	0	0	0	0	0	0	174.0	0	1	0	0	0	2	1	0	0	0	1	1	83.9396952202
0	1	0	1	1	1	0	338.1	0	0	0	0	0	1	0	0	0	0	0	0	125.855162995
0	0	0	1	0	0	1	268.8	0	0	2	0	1	1	1	0	0	0	1	0	127.740822572
1	0	0	2	0	2	0	185.7	0	1	0	0	0	0	2	0	0	0	1	0	79.4835452033
2	0	0	0	0	0	0	379.5	0	0	0	1	0	0	1	1	0	0	0	0	184.132978544
0	0	0	1	1	0	0	204.9	0	0	0	0	0	0	2	1	1	2	1	0	56.9674951216
0	2	0	0	0	1	0	66.6	0	0	0	0	1	0	0	0	0	1	1	0	25.3406142146
0	0	0	1	0	0	0	277.2	1	0	1	0	1	1	0	0	0	1	0	0	117.797654447
0	1	0	0	0	0	1	282.9	1	0	0	0	0	1	0	1	0	0	0	2	134.47901659
2	0	0	2	0	0	0	72.6	0	0	1	0	0	0	0	1	1	0	0	0	2.68832237013
1	0	0	0	0	1	0	243.6	1	0	0	0	0	1	2	1	0	1	0	1	139.208661166
0	1	0	0	1	1	0	339.6	0	0	0	0	0	1	1	0	1	0	0	1	146.062686701
0	1	0	1	0	0	0	27.0	0	0	0	0	0	1	2	1	0	0	0	1	39.2781773515
1	0	0	1	0	0	0	136.2	0	1	0	0	0	0	0	0	0	0	1	1	93.7921895713
2	0	0	1	0	1	0	261.9	0	0	0	0	1	0	1	0	1	0	0	0	109.358891801
0	1	0	0	0	1	0	64.2	0	0	0	1	2	0	1	0	0	0	1	0	25.2152341908
0	0	0	1	0	1	1	45.0	0	0	0	0	1	0	1	0	1	1	1	0	14.4634796714
1	1	0	1	1	0	1	88.8	0	0	0	0	1	0	1	0	1	0	1	1	17.6491954072
0	0	0	0	0	0	0	374.4	0	0	1	0	1	1	1	0	0	1	0	0	179.578999023
1	0	0	2	0	0	0	105.3	1	0	1	0	1	1	2	0	1	0	1	0	17.3359894838
0	0	0	1	0	0	0	461.1	0	0	0	0	0	1	1	1	0	1	0	0	194.657297661
0	0	0	1	0	0	1	409.5	0	0	0	0	1	1	0	1	0	0	0	0	192.415628185
1	1	0	1	0	1	0	327.3	1	0	0	0	0	0	1	0	0	0	0	0	115.767942158
0	0	0	2	1	0	1	92.4	0	0	0	0	1	0	1	0	0	0	0	1	5.7864910077
0	0	0	2	0	0	0	330.6	0	1	0	0	0	0	0	0	0	0	1	0	119.679357692
1	1	0	0	0	0	0	397.2	0	0	0	0	0	1	0	0	2	0	1	0	161.810063135
0	0	0	2	1	0	0	239.4	1	0	0	0	1	0	0	1	1	0	2	1	75.5997422541
1	1	0	1	1	1	0	82.2	0	1	0	0	1	1	1	1	0	0	0	0	7.33550150945
1	0	0	1	0	0	1	415.8	0	2	2	0	2	1	1	0	1	1	0	0	158.079195022
0	1	0	1	0	2	0	157.8	0	0	0	0	0	1	1	0	0	0	1	1	96.3103155378
1	0	0	2	0	1	0	168.3	0	1	0	0	0	2	0	1	1	0	0	0	58.8666689101
1	0	0	2	0	1	0	72.0	1	0	0	0	1	1	1	0	0	1	1	0	38.9586390491
2	0	0	1	0	0	0	454.8	0	1	0	0	2	1	0	0	1	0	0	1	189.492069928
2	1	0	0	0	0	0	474.9	0	0	0	0	1	0	1	0	0	0	0	0	192.06824198
1	0	0	1	0	2	0	95.1	0	0	0	0	1	0	0	0	0	0	0	1	3.63246969735
2	0	0	0	0	0	1	377.1	1	0	1	0	0	1	1	0	0	0	0	1	170.630978011
0	0	0	2	2	0	0	172.5	0	0	1	0	0	2	2	1	1	1	1	0	67.3655723543
1	0	0	1	0	1	0	462.6	1	0	0	0	0	0	0	0	1	0	0	0	184.967458968
1	0	0	1	0	1	0	471.9	0	0	0	0	2	0	2	1	0	0	0	2	182.1207068
1	0	0	0	0	0	0	180.9	0	0	0	0	1	1	1	0	0	0	0	0	98.0543892519
0	1	0	1	0	1	0	315.9	0	0	0	1	0	1	0	1	0	0	0	1	135.830889582
1	0	0	1	0	0	0	233.7	0	0	0	0	1	0	0	1	2	0	0	0	65.7057764883
1	1	0	2	0	0	0	178.8	0	0	1	0	0	0	1	1	1	0	0	0	74.7242554794
0	0	0	1	0	1	0	212.1	0	0	1	0	1	1	0	0	1	0	0	0	82.6205047142
1	0	0	0	0	0	0	50.7	1	0	1	0	0	0	0	0	0	1	1	0	26.0730689036
0	1	0	1	0	0	0	143.7	0	0	0	0	1	1	1	0	0	2	0	0	92.4187610927
0	0	0	0	1	0	0	84.0	0	1	0	1	0	0	1	1	0	0	0	0	26.9781490282
2	1	0	1	0	1	0	75.6	0	0	0	0	0	1	0	1	0	1	0	0	21.7105299413
0	0	0	1	0	0	1	200.7	0	0	0	0	1	2	1	0	0	0	0	1	62.0667592254
0	0	0	0	0	2	1	154.2	0	0	0	0	1	1	2	0	1	0	0	0	87.4842826684
0	0	0	2	0	2	0	323.7	0	0	1	0	0	0	2	0	0	0	0	0	102.180044491
1	0	0	1	0	0	0	237.9	1	0	0	0	0	0	0	2	1	1	1	0	84.173774221
1	0	0	0	0	1	0	387.3	1	0	0	0	1	1	1	0	0	0	0	0	167.750324401
0	0	0	1	1	0	0	173.7	0	0	0	0	1	0	0	0	0	0	0	0	67.8614127308
0	0	0	1	0	0	0	221.7	0	0	1	0	0	2	1	0	1	1	1	0	89.8252796056
1	1	0	1	0	0	0	192.6	0	0	0	0	0	1	0	1	0	0	1	2	88.2845259134
0	0	0	1	0	1	0	345.6	0	0	0	0	1	0	1	2	0	0	0	0	119.424553655
0	0	0	1	0	2	0	24.3	0	0	0	0	1	0	1	1	0	1	0	0	29.1479810884
0	0	0	2	0	0	0	111.6	0	1	0	0	1	0	1	0	0	0	0	1	47.3925594049
0	0	0	1	0	0	0	153.6	0	0	0	0	0	0	0	0	1	0	0	0	77.6373912811
1	1	0	0	0	1	0	164.1	1	0	0	0	2	0	1	2	0	0	0	2	65.0551364527
0	1	0	0	1	1	0	211.2	0	0	0	0	1	0	2	0	0	2	0	0	52.3430754511
1	1	1	0	0	1	0	47.4	0	0	0	0	1	0	2	0	0	0	1	1	24.8453960719
1	0	0	1	0	0	0	275.1	0	1	0	0	0	0	0	1	1	1	2	0	112.113012383
0	0	0	1	0	1	0	372.3	0	0	0	0	0	0	0	1	0	0	1	1	179.628838627
0	1	0	0	0	0	0	11.7	0	0	1	0	1	1	0	0	0	0	2	0	30.0435760947
1	0	0	2	0	1	0	120.6	0	0	0	0	2	0	0	0	0	1	0	0	2.98946067438
1	1	0	0	0	1	0	19.2	0	0	0	0	1	2	0	1	1	0	1	0	23.0047537313
0	1	0	1	0	0	1	359.1	0	0	0	0	0	0	1	0	1	0	0	1	128.105133709
0	0	0	1	0	0	0	32.4	0	0	0	0	0	0	2	0	1	1	0	0	9.2747376535
2	0	0	1	1	1	0	352.8	0	0	0	0	1	0	2	0	1	2	0	0	149.36584912
0	1	0	1	0	1	0	163.5	0	0	0	0	1	1	1	0	0	1	0	1	65.6079528041
0	1	0	0	0	1	0	159.6	1	0	0	0	0	1	2	0	0	1	1	0	81.3607680123
1	0	0	0	0	0	0	434.4	2	0	0	0	1	1	1	0	0	2	1	1	166.798750106
0	0	0	1	0	1	0	114.9	0	0	0	0	0	0	1	0	1	0	1	0	21.1686643853
0	1	0	1	1	0	0	405.9	0	1	1	0	0	1	1	0	1	0	0	1	189.161179811
1	1	0	1	0	0	0	459.6	0	0	0	0	0	0	0	1	0	1	0	0	181.987279468
0	0	0	0	0	1	0	212.7	2	0	0	0	1	1	0	1	1	0	0	0	88.0133239675
2	2	0	2	0	1	0	135.0	0	1	0	0	1	0	0	0	0	0	0	0	97.5474347309
2	0	0	0	1	0	0	264.3	0	0	0	0	1	0	1	1	1	2	1	0	139.360843837
0	0	0	1	0	0	0	249.9	0	1	0	0	0	0	1	0	0	0	0	0	102.210958597
2	0	0	2	0	1	1	471.6	0	1	0	0	0	0	1	0	1	1	0	0	197.773560984
0	2	0	1	0	0	1	230.4	0	0	0	0	0	0	1	0	0	0	1	1	55.802753932
1	1	0	2	0	0	1	466.5	1	0	0	0	1	1	1	1	0	0	0	0	177.926292416
0	0	0	0	0	0	0	67.5	0	0	0	0	0	1	0	1	1	0	0	0	18.5154711569
0	0	0	2	0	0	0	472.8	0	0	0	0	0	0	0	0	0	1	0	0	177.406384888
0	0	0	1	0	0	0	171.0	1	0	0	0	1	2	0	1	1	1	1	1	88.2536048085
0	1	0	0	0	0	0	78.6	1	1	1	0	1	1	1	0	0	0	1	0	8.26019962878
0	0	0	1	0	0	0	61.2	1	0	0	0	0	2	0	2	0	0	0	1	45.915821347
0	0	0	2	0	2	0	395.4	1	0	1	0	2	1	1	1	0	0	0	0	195.821926295
0	0	0	1	1	0	0	184.8	0	0	0	0	1	1	2	0	1	1	0	0	89.0628442108
1	0	0	0	0	0	0	239.1	0	0	0	1	1	0	1	0	0	1	1	1	75.5405547693
0	1	0	1	1	1	1	263.4	0	0	1	0	1	1	1	1	0	1	1	0	116.390521029
1	0	0	1	0	1	0	177.3	1	0	1	0	1	1	2	0	1	0	0	0	61.4894593808
2	0	0	0	0	0	0	262.2	0	0	0	0	1	1	1	0	0	1	1	0	105.27336863
1	0	0	0	0	0	0	57.6	0	1	0	0	1	0	1	1	0	0	0	0	8.31468262907
1	0	0	1	1	1	0	121.2	0	0	0	0	1	1	2	0	0	0	0	1	11.217853035
2	0	0	1	1	1	0	440.4	1	1	1	0	0	0	1	1	0	1	1	0	199.425176117
0	0	0	2	0	1	1	437.1	1	0	0	0	0	2	1	1	0	0	0	1	167.5651373
1	0	0	1	0	1	0	63.6	1	0	0	0	0	1	1	1	0	1	1	0	6.05180088814
0	1	0	0	1	0	1	227.7	0	0	0	0	1	0	2	1	1	1	2	1	83.3799409994
0	0	0	1	0	0	0	228.6	1	0	0	0	1	0	0	1	1	1	2	0	70.4187302534
0	0	0	1	0	1	0	274.5	0	0	1	0	0	0	0	0	0	0	0	0	130.335191383
0	0	0	1	0	1	0	71.4	1	0	0	0	1	0	0	0	0	1	0	0	30.3372867682
1	2	0	2	0	1	0	353.1	0	0	1	0	1	0	1	0	0	1	0	0	116.922290496
0	0	0	2	0	0	0	265.8	0	1	0	0	1	1	1	0	0	0	0	1	127.474834045
1	1	0	0	0	1	0	186.9	0	0	0	0	0	1	1	1	0	1	0	0	61.7789355517
1	0	0	0	0	1	0	382.5	0	0	0	0	1	0	0	1	0	0	1	2	177.240081351
1	0	0	0	0	1	0	249.6	0	0	2	0	1	0	1	0	1	1	0	1	120.244719064
0	0	0	1	0	0	0	45.6	0	0	0	0	0	1	1	0	0	0	1	0	47.7323205842
1	0	0	0	1	1	0	324.0	0	0	0	0	1	1	1	0	0	0	0	0	133.099935286
1	0	0	1	1	0	0	297.6	0	0	0	0	1	1	1	0	1	0	0	0	121.6411615
1	0	0	1	0	0	1	14.4	1	0	1	0	1	1	2	0	0	0	0	0	13.757716235
0	0	0	2	0	0	0	263.1	0	0	1	0	0	0	0	1	1	1	0	0	142.630405183
0	1	0	1	0	1	0	197.7	0	0	1	0	0	0	2	1	1	1	2	0	73.3111106145
1	0	0	1	0	0	0	300.6	0	1	0	0	1	0	1	0	1	0	0	0	127.927729558
0	0	0	0	0	0	0	287.4	0	0	1	0	1	0	0	1	0	0	0	0	127.407513804
0	1	0	0	0	1	0	321.0	0	1	0	0	1	2	0	1	1	1	0	0	126.865807583
1	1	0	1	1	0	0	361.5	0	0	1	0	1	0	1	0	1	1	0	0	111.020974842
0	0	1	1	0	1	1	108.0	1	1	0	0	1	0	0	0	2	0	1	0	18.0141120155
0	1	0	0	0	0	0	366.9	1	0	0	0	1	1	2	1	0	1	0	0	186.170779908
0	0	0	1	0	1	0	60.6	1	0	0	0	1	0	2	0	1	1	0	0	23.3443497673
0	0	0	1	0	1	0	345.0	0	0	0	0	1	1	1	0	0	0	0	0	106.239088773
1	1	0	0	0	1	0	346.8	0	0	1	0	0	0	1	0	0	1	0	0	129.853357111
0	0	0	1	0	0	0	9.0	0	1	0	0	2	1	0	0	2	1	1	1	40.385546768
1	0	0	1	0	2	0	387.9	0	0	0	0	0	1	2	0	0	2	0	0	183.936773681
0	0	0	0	0	2	0	380.4	0	0	0	0	1	2	1	0	1	1	1	1	193.613369924
0	0	0	1	1	1	0	282.3	0	0	1	0	1	0	0	1	0	0	0	0	137.498125382
1	0	0	1	0	0	0	225.0	0	0	1	1	0	1	2	1	0	0	1	1	90.2272365695
0	0	0	0	0	1	0	282.6	0	0	0	0	0	0	1	0	0	0	0	0	121.454589774
1	1	0	2	0	1	0	39.6	0	0	0	0	0	2	1	0	1	1	0	0	1.04191904706
1	1	0	0	0	0	2	162.9	0	1	0	0	1	1	1	2	1	0	1	0	90.3178105549
1	0	1	0	0	0	0	108.9	0	0	0	0	1	0	1	1	0	0	1	0	46.76955693
2	0	0	2	0	1	0	96.3	0	0	0	0	0	1	1	0	1	1	0	1	22.8775194071
1	1	0	0	0	1	0	37.2	0	0	0	0	1	0	0	0	1	0	1	2	47.4177183637
0	0	0	0	0	0	0	436.8	0	0	0	0	0	1	2	0	1	0	0	0	153.190389368
1	0	0	2	0	1	0	372.6	2	0	0	0	0	0	0	0	1	1	1	0	196.855166655
0	1	0	1	0	1	0	15.0	0	0	1	1	1	0	1	0	0	0	1	0	41.7911098111
1	0	0	0	0	1	0	455.7	0	1	0	0	0	0	1	0	0	0	1	0	183.706633055
0	0	0	1	0	0	1	255.3	0	0	1	0	1	1	1	2	0	1	0	0	137.82636992
0	1	0	2	1	0	0	24.0	0	0	0	0	1	0	0	0	0	1	0	0	16.3255594901
0	0	0	0	0	1	0	194.4	1	0	0	0	1	0	0	0	0	0	0	0	76.9773819949
1	0	0	1	0	1	0	286.8	0	0	0	0	0	0	1	2	0	0	0	0	129.631579276
1	0	0	0	0	0	0	285.3	1	0	0	0	0	0	0	0	0	0	1	1	124.918214621
1	0	0	1	0	1	0	392.4	0	1	0	0	0	0	2	2	0	0	1	1	154.601525179
1	1	0	2	0	0	0	207.9	0	0	0	0	1	0	0	0	1	0	0	1	74.3599714968
1	0	0	1	0	0	1	257.7	1	1	0	0	1	0	0	0	1	0	1	0	122.166430169
2	1	0	1	0	1	0	172.2	0	1	0	0	1	1	2	0	0	0	1	1	94.610514746
1	0	0	1	0	1	0	353.7	0	1	0	0	1	0	1	0	0	1	0	0	120.228154621
0	0	0	2	1	1	0	286.5	1	0	0	0	1	0	2	0	0	0	1	1	140.168489052
1	0	0	1	0	0	0	79.2	1	0	0	0	1	1	2	2	0	0	0	1	14.6322665975
1	1	0	1	0	0	0	378.0	0	0	0	0	1	1	0	0	0	0	1	0	180.233119072
1	1	0	1	0	2	0	129.3	1	0	0	0	1	1	0	1	0	0	0	1	87.2878630327
1	0	1	2	0	0	0	348.3	1	1	1	0	1	1	1	1	1	0	0	0	118.72560971
0	0	0	1	0	0	0	388.2	0	0	0	0	0	0	1	0	0	2	1	0	183.282730409
1	0	0	0	0	1	0	416.4	0	2	0	0	0	1	1	1	1	1	0	0	190.448222921
1	0	0	2	0	1	0	465.6	0	0	0	0	0	1	0	0	0	1	0	0	168.805242003
1	0	0	1	0	0	0	144.3	0	0	0	1	0	0	2	0	0	0	2	0	94.1496735257
2	1	0	0	0	0	1	306.0	0	0	0	0	1	0	1	0	2	0	0	1	126.152528165
0	0	0	2	0	1	0	287.1	0	0	0	0	2	1	1	1	1	1	0	0	101.994948541
0	2	0	0	0	1	0	404.7	0	0	0	0	1	1	0	0	1	0	0	0	183.064995621
0	0	0	1	0	1	0	392.7	0	0	0	0	1	1	1	1	1	0	1	0	154.010606352
0	0	0	1	0	2	0	179.7	0	1	0	0	0	1	1	1	2	0	0	0	87.9150176627
0	0	0	1	0	0	0	76.8	0	0	1	0	0	1	0	1	0	0	0	1	33.7111754925
1	1	0	2	0	0	0	272.1	0	0	0	0	1	2	0	1	0	0	0	0	120.915615757
1	0	0	0	0	1	0	343.8	0	1	0	0	1	1	1	0	2	0	0	1	119.167608612
0	0	0	1	1	0	0	17.1	0	0	0	0	1	1	1	1	0	0	0	1	16.0629894212
2	1	0	1	0	0	0	364.8	0	1	0	0	1	1	0	0	1	0	0	0	155.201712728
1	1	0	1	1	1	0	181.2	0	0	0	0	1	2	0	1	0	0	1	0	95.5051180849
1	1	0	2	0	1	0	280.5	0	0	0	0	1	1	2	0	0	0	1	2	125.566815132
0	0	0	1	0	0	0	162.0	0	1	0	1	1	0	0	0	0	1	0	1	91.3198773117
2	1	0	1	0	0	0	281.7	0	0	0	0	1	1	1	0	0	2	1	1	147.483633937
1	1	0	2	0	1	0	28.2	0	0	1	0	0	0	0	1	1	0	0	0	41.7548159929
1	1	0	0	0	0	0	469.5	0	0	0	0	1	2	1	0	1	0	0	0	199.507558461
1	0	0	1	0	1	1	384.3	0	0	0	0	1	1	2	0	1	1	2	0	189.062453445
0	0	0	0	0	1	0	224.7	0	0	0	0	2	0	1	0	0	0	1	1	78.4021727862
1	1	0	2	1	2	1	425.4	0	0	0	0	0	1	1	0	0	0	0	0	165.389798687
1	0	0	1	0	0	1	466.8	0	0	1	0	0	2	1	0	1	1	0	0	198.657228071
1	0	0	2	0	1	0	479.1	1	0	0	0	0	2	2	0	0	0	1	0	174.783189395
0	0	0	1	0	0	0	342.0	0	0	0	0	1	0	1	1	0	1	1	0	140.212761594
2	2	0	1	0	2	0	266.7	0	0	0	0	1	0	2	0	1	1	1	1	131.23108347
0	0	0	1	0	2	1	225.6	0	0	0	0	1	1	0	1	0	0	1	1	86.1727619685
1	0	0	0	0	0	0	475.5	0	1	0	0	2	0	1	0	0	0	1	0	165.49963179
1	0	1	1	0	1	0	337.5	0	1	0	0	1	1	1	1	1	2	1	0	104.439647998
0	1	0	1	0	1	1	185.1	1	0	1	0	2	0	1	0	0	0	0	0	95.5416516747
1	0	0	2	0	1	0	387.6	0	0	0	1	1	0	1	0	1	0	0	0	158.755898115
1	0	0	1	0	0	0	73.2	0	0	0	0	1	0	2	0	1	0	0	0	17.8438246015
2	0	0	2	0	1	0	159.0	0	0	1	0	1	1	1	0	0	1	0	0	94.7448019727
2	0	0	1	1	0	0	413.1	1	1	0	0	0	2	0	0	0	0	0	0	150.106000404
0	0	0	1	0	1	0	281.4	0	0	0	0	1	0	1	0	0	0	0	1	140.311207461
0	0	0	1	0	0	0	288.9	0	0	1	0	1	2	0	0	1	1	0	0	113.345192725
1	1	0	0	1	1	0	260.1	1	1	0	0	1	0	1	0	0	2	1	0	147.269502171
1	0	0	1	0	0	0	106.8	0	0	1	0	0	0	0	1	0	0	1	0	18.1949516992
1	1	0	1	0	0	0	461.7	0	0	0	1	2	0	0	2	1	0	1	1	183.021613144
0	2	1	2	0	1	0	377.7	0	0	0	0	1	1	2	1	0	0	0	0	150.376212954
0	0	0	0	0	0	0	220.2	1	0	0	0	0	1	0	0	0	0	0	1	77.09289505
1	0	0	2	1	0	0	464.4	0	1	0	0	0	0	1	1	0	1	0	0	192.334676379
1	0	0	0	0	0	0	88.5	1	0	0	0	1	2	1	0	0	0	1	0	17.8151377579
0	1	0	1	0	1	0	162.3	0	0	1	0	1	0	0	1	1	0	0	0	77.2268079615
1	1	0	1	0	0	0	420.3	0	0	0	0	1	0	2	0	0	0	0	0	161.123730908
0	1	0	2	1	1	0	109.8	0	0	1	0	1	1	1	0	1	0	1	1	35.7637390285
0	0	0	0	0	0	0	412.5	0	1	0	0	0	1	0	0	0	0	1	1	198.130926378
1	0	0	1	0	1	0	215.7	0	0	0	0	0	0	1	0	0	0	2	0	53.9705946968
1	0	0	0	0	1	1	160.8	0	0	0	0	1	0	1	1	0	0	1	0	63.4340363674
0	0	0	1	0	0	0	418.5	0	0	0	0	0	1	0	0	0	0	0	0	172.327664719
1	1	0	0	0	0	0	217.5	0	0	0	1	0	1	2	1	0	0	0	0	96.5617263136
1	1	0	1	1	0	0	411.9	0	0	1	0	1	0	2	1	0	0	1	0	191.885829674
0	0	0	0	0	1	0	173.4	2	0	0	0	1	2	0	0	0	0	0	1	58.008418462
2	0	0	1	0	0	0	36.3	0	0	0	0	0	1	1	0	0	0	2	1	14.3016004394
1	0	0	1	0	0	0	276.3	1	0	0	0	2	0	2	0	0	0	1	0	146.776850824
1	1	0	1	0	0	0	303.9	0	0	0	0	0	0	0	0	0	0	0	0	146.568342724
0	0	0	2	0	2	0	467.7	0	0	0	0	2	0	0	1	0	0	1	2	163.126196195
0	2	0	2	0	0	0	308.1	0	0	0	0	0	2	0	1	1	0	0	1	137.377221796
0	0	0	1	0	1	1	429.9	1	0	0	0	1	0	0	0	1	1	0	1	160.232552097
1	2	0	1	0	1	0	210.6	1	0	0	0	2	1	1	0	0	1	0	0	69.9011296199
0	1	0	1	0	0	0	478.2	0	0	0	0	0	0	1	1	0	1	1	1	174.357168536
1	1	0	1	0	0	0	127.5	0	0	0	0	1	2	1	0	1	0	0	0	59.2250678325
1	1	0	0	0	1	0	470.1	0	1	0	0	0	0	0	1	0	0	0	1	169.355610629
1	0	0	2	0	0	0	130.5	1	0	0	0	0	1	0	0	0	1	0	0	80.489623414
0	0	0	0	0	1	0	243.9	0	0	2	0	0	0	0	0	0	1	0	0	135.897055736
0	0	0	2	0	1	0	450.9	0	0	1	0	0	1	1	0	1	0	1	0	172.102240401
1	0	0	1	0	0	1	236.1	0	0	1	0	0	1	0	1	0	1	0	0	87.7448782285
2	0	0	1	0	0	1	56.4	0	0	0	0	2	0	0	0	0	1	1	0	9.36697461283
0	1	0	1	0	0	0	203.4	0	0	1	0	1	0	1	0	1	0	0	0	76.4971883198
2	0	0	0	1	1	0	41.4	0	0	1	0	1	0	1	1	1	0	0	0	1.77012504069
0	0	0	2	0	2	1	376.5	0	0	0	0	1	1	2	0	0	0	0	0	195.313275123
0	0	0	0	0	0	0	480.3	0	0	2	0	0	0	1	0	1	1	1	1	189.512197349
0	0	0	1	0	0	1	18.3	0	0	0	0	0	0	1	0	1	1	1	0	19.5028736416
1	1	0	0	0	0	0	199.5	1	1	0	0	0	0	1	0	0	1	0	0	97.448628092
2	0	0	1	0	0	0	291.0	0	1	0	0	0	0	1	1	1	0	1	0	123.897663956
1	0	0	0	0	1	0	155.1	0	0	0	0	0	0	2	1	0	0	0	1	79.4477731301
1	1	0	1	0	0	0	137.4	0	0	0	0	0	1	1	0	1	0	0	0	90.6559616573
1	0	0	1	0	0	1	391.2	0	0	0	0	1	0	1	0	1	0	1	0	188.941853586
1	0	0	1	0	0	0	236.7	0	0	0	0	0	0	2	0	0	0	0	0	62.5759573602
2	0	0	2	0	1	0	403.5	0	1	0	0	0	0	2	0	0	0	1	1	177.016493633
1	1	0	2	0	1	0	311.4	0	0	1	0	0	1	0	0	0	1	1	0	138.756537268
1	0	0	1	1	1	0	345.9	0	0	0	0	2	2	0	0	1	0	1	0	114.827192135
0	0	0	1	0	1	0	454.5	1	0	0	0	0	0	0	1	1	0	1	0	170.658759525
1	1	0	2	0	0	0	300.3	0	0	0	0	1	1	0	0	0	0	0	0	118.688331625
0	1	0	1	0	0	1	168.6	0	0	0	0	1	1	1	1	0	0	2	0	75.6191619927
0	0	1	1	0	1	0	291.6	0	0	1	0	1	0	0	0	0	1	0	0	110.460815402
0	0	0	1	1	0	1	18.9	1	0	0	0	0	1	1	1	0	1	0	0	0.881380598035
1	0	0	1	0	0	0	87.0	0	0	1	1	1	1	1	1	1	1	0	0	14.7912440285
1	0	0	0	0	1	0	99.3	1	0	1	0	0	1	2	1	0	0	0	2	42.9772560245
0	1	0	0	0	0	0	5.4	0	0	0	0	0	0	2	1	1	0	0	0	21.0158281361
0	0	0	1	0	0	0	404.4	0	0	0	1	2	0	2	0	2	0	2	0	153.191815667
1	1	0	1	1	0	0	211.8	0	0	0	0	1	2	1	0	0	1	0	1	90.5025056405
1	0	0	0	1	1	0	382.8	1	0	1	0	0	2	0	1	0	0	1	1	172.677921763
0	0	0	0	0	0	0	4.5	1	0	0	0	0	2	1	1	0	0	1	0	31.7611031337
1	0	0	0	1	0	0	340.2	0	0	0	1	0	1	1	2	0	1	1	0	115.415181547
1	0	0	1	0	0	0	149.7	0	0	0	0	0	0	1	0	0	1	1	0	61.7962233513
1	0	0	0	0	1	0	289.8	0	0	1	0	1	1	0	0	0	0	0	0	108.888117093
0	1	0	2	0	1	0	141.6	0	0	0	0	1	0	1	0	1	1	0	0	74.0705547164
1	2	0	2	0	0	0	112.5	0	0	1	0	0	0	1	0	0	0	2	1	29.3995165441
2	2	0	0	1	1	0	375.0	0	0	0	0	0	1	2	0	0	0	0	0	164.317325225
1	1	0	0	0	1	0	370.8	0	0	0	1	1	1	2	1	1	1	0	0	153.298266752
1	1	0	1	0	0	0	452.4	0	0	0	0	1	0	0	0	0	1	0	1	165.728778198
0	1	0	0	0	1	0	481.5	1	0	0	0	0	2	0	1	1	0	1	1	169.118999736
1	0	0	1	1	0	1	234.0	0	0	0	0	0	0	0	1	0	0	1	0	83.0304481727
1	0	0	1	0	1	0	29.4	1	0	0	1	2	2	0	0	0	0	0	0	29.7758541967
0	0	0	1	0	0	0	411.6	1	0	1	0	0	1	0	0	0	0	0	0	153.457414568
1	1	0	2	0	0	0	462.3	0	0	0	0	0	1	0	0	1	0	1	1	162.379168829
1	0	0	0	0	0	0	303.3	0	0	2	0	1	1	1	0	1	0	1	0	111.110893121
1	1	0	0	0	1	0	355.5	0	0	0	0	0	0	1	0	1	0	1	0	119.476376608
2	0	0	1	0	0	0	479.7	0	0	0	0	2	1	0	0	0	0	1	1	177.913849691
0	0	0	0	0	1	1	427.8	0	0	0	0	1	1	2	0	0	0	0	1	151.663750447
0	1	0	1	0	1	0	189.6	0	1	0	0	1	0	1	0	0	0	0	0	52.6700459024
0	0	0	0	0	0	0	462.9	0	1	0	0	2	1	1	0	1	1	1	1	186.801442611
0	0	0	1	0	0	0	232.2	0	0	0	0	2	1	2	0	1	1	0	0	81.1633688695
0	1	0	1	1	1	0	432.3	0	1	1	0	1	1	2	0	0	0	1	0	180.22713319
2	0	0	0	0	0	0	382.2	0	0	1	0	1	1	0	0	0	0	0	0	154.828922434
0	0	0	0	1	1	0	283.8	1	0	0	0	0	2	1	0	0	0	0	0	144.074325788
1	1	0	1	0	1	0	195.9	0	2	0	1	1	1	0	1	1	0	1	1	84.1401092259
0	0	1	1	1	0	0	226.2	0	0	0	1	1	0	2	0	0	1	0	0	66.3770545797
1	0	0	1	0	1	0	405.3	0	0	0	0	1	0	1	0	1	1	0	1	177.447697298
1	2	0	1	0	0	0	225.3	0	0	0	0	1	1	2	1	1	0	0	0	92.3147191849
1	2	0	0	0	0	0	386.7	0	0	0	0	1	0	1	0	0	0	0	0	157.224366904
1	0	0	2	0	1	1	183.9	1	1	0	0	0	1	1	1	0	0	1	1	90.7330319509
1	0	0	1	0	1	1	458.1	1	1	0	0	1	0	2	1	0	0	1	0	197.200237647
1	0	0	1	0	0	0	445.8	0	1	0	0	0	0	0	1	1	0	0	0	158.249804736
0	0	0	0	0	0	0	169.2	0	0	1	1	0	1	0	0	1	0	0	2	98.6325575699
0	1	0	1	0	0	0	58.8	0	0	0	0	1	0	2	0	0	0	1	1	13.532999885
1	1	0	2	1	2	1	330.3	0	1	0	0	1	0	1	1	0	0	0	0	147.826679063
1	0	0	1	0	0	0	10.8	1	0	0	0	1	0	2	0	0	0	1	1	27.3142938073
1	1	0	0	1	0	0	428.4	0	0	0	0	1	1	1	1	0	0	1	1	167.417182912
1	0	0	0	0	1	0	315.3	1	0	0	1	0	1	1	1	1	2	0	2	106.618984446
2	0	0	0	0	0	0	92.1	1	0	0	0	0	0	0	1	0	0	1	1	6.88455901493
2	0	0	0	0	0	0	358.5	1	0	0	1	2	0	1	0	1	0	1	2	113.210707076
1	0	0	1	0	0	0	417.6	0	0	0	0	1	1	0	1	1	1	0	1	179.650719305
1	1	0	1	1	0	0	25.2	0	0	0	1	0	1	0	0	0	1	1	0	31.6809354849
0	0	0	1	0	0	0	369.3	0	0	0	0	1	2	0	0	1	1	0	0	195.487195058
0	0	0	2	0	1	0	384.9	0	0	0	0	0	1	0	1	1	0	1	1	181.423034762
1	0	0	1	0	0	0	191.1	1	0	0	0	0	0	1	0	2	1	1	1	66.6418643675
2	1	0	0	0	0	0	357.3	0	0	1	0	2	0	0	0	1	0	0	1	130.337371355
0	0	1	1	0	1	0	273.6	0	0	0	0	1	0	1	0	0	1	0	0	139.763742009
2	1	0	1	0	0	0	90.6	1	1	0	0	0	0	1	0	0	0	0	0	14.704671001
1	1	0	0	1	0	0	328.5	1	0	0	0	2	1	1	0	1	1	0	0	142.520252121
2	1	0	0	0	0	1	143.1	0	0	1	0	0	1	2	0	1	2	0	1	98.6278376123
1	0	0	1	1	1	0	33.6	0	0	0	0	1	2	2	0	2	1	1	1	35.0871382646
1	0	0	1	0	0	1	80.7	0	1	1	0	0	0	1	0	0	1	1	1	18.5458335861
2	0	0	1	0	0	1	68.4	0	0	0	1	1	1	1	1	0	0	2	0	6.69901698858
1	1	0	0	0	0	0	192.0	0	0	0	0	0	0	1	0	0	0	1	1	93.8498444349
0	0	0	1	0	0	0	332.1	1	0	0	0	0	1	0	0	1	1	0	1	142.767236399
1	0	0	0	0	0	1	378.9	0	0	0	0	1	0	1	1	1	0	1	1	180.567319736
1	1	0	0	0	0	0	46.5	0	0	1	0	1	1	0	0	0	0	0	0	19.0105890886
0	0	0	2	0	0	0	417.0	0	0	0	0	2	2	2	0	1	1	0	0	198.474279265
1	0	0	0	0	1	0	369.6	0	0	1	0	0	0	2	1	1	1	0	0	184.159087166
2	0	0	1	1	2	0	402.9	1	0	0	0	0	1	1	1	0	1	0	1	158.208580523
1	1	0	1	1	1	1	421.5	1	0	0	0	1	0	1	0	0	1	1	1	153.653706608
0	1	0	0	0	1	0	360.6	0	0	1	0	2	0	1	1	0	1	1	0	123.568564984
0	1	0	1	0	0	0	399.0	0	0	0	0	0	1	0	1	0	0	1	0	157.414380841
0	1	0	2	0	0	0	63.0	0	0	1	0	1	0	2	0	1	0	0	1	13.9601785832
1	1	0	1	0	1	0	108.6	0	0	1	0	1	0	1	0	0	1	0	0	3.06038590925
1	1	0	1	0	1	0	283.5	0	0	1	0	0	0	0	0	0	0	0	1	118.88758024
1	0	0	1	0	0	0	141.9	1	0	0	1	1	1	1	0	1	1	0	0	93.9406377332
0	0	0	1	0	0	0	335.1	0	1	1	0	1	1	1	0	0	1	0	0	102.78392613
1	1	0	1	0	0	0	54.9	1	0	0	0	0	0	1	1	1	0	1	1	49.6926319244
0	0	0	1	0	0	0	85.2	1	0	0	0	1	0	1	0	0	0	0	1	12.7261769714
0	1	0	0	0	0	0	91.2	1	1	1	1	0	1	2	0	0	0	1	0	16.0681440655
0	1	0	2	0	1	1	456.3	1	0	2	0	1	0	1	0	1	0	0	0	153.730344227
0	0	0	2	0	0	0	167.4	0	0	1	0	2	0	1	1	1	1	0	1	67.3845830216
0	1	0	2	0	1	2	95.7	0	0	0	0	1	1	0	1	0	0	1	1	37.4188310249
1	0	0	0	0	1	0	330.9	1	0	0	0	2	1	0	1	0	0	0	0	128.705323981
2	1	0	1	0	0	1	24.6	1	0	0	0	1	2	0	1	1	0	0	0	7.30809628145
0	1	0	1	0	1	0	229.2	0	0	0	2	0	0	0	0	0	0	0	0	92.8847958145
1	0	0	0	0	1	0	206.7	1	0	0	0	0	1	0	0	2	0	0	0	96.7457678842
0	1	0	0	0	0	0	52.8	1	0	0	0	0	0	1	0	0	1	0	0	34.4531144094
0	0	0	2	0	1	0	261.0	0	0	0	0	0	1	1	0	1	0	1	0	130.32950415
0	1	0	1	0	1	0	36.0	0	0	0	0	0	0	1	0	0	1	0	0	18.3993473904
2	0	0	1	0	0	0	264.0	1	0	1	0	0	1	1	0	0	1	0	1	121.613631521
2	0	0	1	0	0	0	383.1	0	0	2	0	1	0	1	0	1	1	0	0	198.292606572
0	0	0	1	0	0	1	215.1	1	0	0	0	1	0	1	0	0	1	0	0	69.8338021101
2	0	0	1	0	0	0	331.8	0	0	1	0	1	1	1	0	0	0	1	1	112.335700292
0	0	0	0	0	2	0	332.7	1	0	0	0	1	0	2	0	0	0	1	1	105.053258992
0	0	0	1	0	1	1	148.8	0	0	0	0	2	0	0	1	1	0	0	0	91.6678275746
1	0	0	1	0	0	0	257.1	1	0	1	1	1	0	2	0	1	1	2	1	149.313881794
1	0	0	2	0	0	0	105.6	0	0	0	0	0	1	0	0	1	0	1	0	31.4231092574
0	0	0	1	0	0	0	408.9	1	0	2	0	0	0	0	1	0	1	0	1	182.130598491
0	0	0	1	0	0	0	360.0	1	0	0	0	0	0	1	0	2	1	0	0	117.643383579
1	1	0	1	1	0	1	180.3	2	1	0	0	1	1	1	1	0	0	1	0	72.5287019243
1	0	0	1	1	2	0	47.7	2	0	1	0	0	1	2	1	2	2	1	0	16.0692658062
0	1	0	1	0	0	0	68.7	0	0	0	0	1	1	1	0	1	0	0	0	38.197880517
0	2	0	0	0	1	0	444.6	1	0	0	0	0	1	1	0	0	0	1	0	190.685739466
1	0	0	1	1	2	0	392.1	0	1	0	0	1	2	1	0	0	1	0	0	167.898264792
2	1	0	1	0	1	0	369.0	0	0	0	0	0	1	1	1	0	0	0	0	196.100717467
0	0	0	0	0	0	0	8.1	1	0	1	0	1	1	0	0	0	1	0	0	36.7999085788
2	0	0	0	0	0	0	315.6	0	0	0	0	1	0	0	0	0	0	0	1	146.806812817
1	0	0	2	1	0	0	5.1	0	0	1	0	0	1	1	1	2	0	1	0	17.1918125483
0	0	0	1	0	0	0	310.8	0	0	0	0	1	0	1	0	1	1	0	1	130.256624962
0	1	0	1	0	1	0	193.5	1	0	0	0	1	1	1	0	1	0	0	0	84.1950325568
0	1	0	2	0	1	1	453.9	0	0	1	0	0	1	0	0	0	0	0	1	168.082439138
1	0	0	0	0	1	0	14.7	0	0	1	0	0	1	1	1	0	1	1	0	12.3327910666
2	2	0	2	0	0	0	128.1	0	0	0	0	1	0	1	0	0	0	0	1	65.4004235472
0	1	0	1	0	1	0	206.1	0	1	0	0	1	1	2	2	0	1	0	1	61.2706781976
1	1	0	0	0	1	1	267.0	0	0	0	0	0	0	1	0	0	0	0	0	141.321221946
2	0	0	0	0	0	0	375.3	0	0	1	0	0	1	0	0	1	1	2	0	151.337562495
1	0	0	0	0	1	0	451.2	1	0	0	0	1	0	1	1	0	0	0	0	181.527172309
1	1	0	1	1	1	0	397.5	0	0	0	0	1	0	1	0	1	1	2	1	153.985487139
0	1	0	1	0	0	0	399.9	0	1	0	0	2	0	1	0	1	0	0	0	152.800961769
1	1	0	1	0	0	0	103.5	0	0	1	0	2	0	0	1	0	1	1	1	36.0868363937
0	1	0	1	0	1	0	247.5	1	0	1	1	0	1	1	1	1	0	1	0	102.442998724
1	0	0	1	1	2	0	327.6	0	0	0	0	0	1	0	1	0	0	0	1	105.898003507
2	2	0	1	0	1	0	368.1	0	0	0	0	0	1	2	0	0	0	0	0	192.527995599
1	0	0	2	0	0	0	464.7	0	0	0	0	0	1	2	0	0	0	0	0	186.858873414
1	0	0	1	0	0	0	231.3	0	0	1	0	1	1	1	0	0	0	0	0	92.398677039
0	0	0	2	1	0	0	373.2	0	0	0	0	1	0	0	0	0	1	1	1	187.862074194
0	0	0	1	0	0	0	422.1	0	1	0	0	1	0	1	0	0	1	1	1	190.450942117
1	0	0	1	1	1	1	269.1	1	0	0	0	1	2	1	0	0	0	1	0	120.545020317
1	0	0	1	1	0	1	57.3	0	0	0	1	0	1	0	0	0	0	1	0	3.02262906789
0	2	0	2	0	1	0	459.9	0	1	0	0	1	0	1	1	0	0	0	0	155.979099064
0	1	0	2	0	0	1	237.3	0	0	0	0	2	1	2	1	1	0	0	0	64.8456015579
0	0	0	1	1	1	0	441.9	1	0	0	0	1	0	1	1	0	0	0	1	156.28208023
0	1	0	2	0	0	0	304.5	2	0	0	0	1	0	0	0	0	1	1	0	100.176863191
1	0	0	0	0	1	0	465.9	0	0	0	0	0	0	1	0	0	0	0	0	184.257926491
1	0	0	2	0	0	0	421.8	0	0	1	0	1	2	0	0	0	0	0	0	158.925219608
1	0	0	0	0	1	0	430.8	0	0	0	0	2	1	0	0	1	0	1	1	164.025265066
1	0	0	1	0	1	0	349.2	0	0	0	0	1	1	2	0	0	0	0	0	115.022501818
0	1	0	2	0	0	1	271.8	0	0	0	0	0	0	1	0	1	1	0	0	141.404750727
1	1	0	1	0	1	0	470.7	0	0	0	0	1	0	1	0	0	1	0	0	189.003477418
1	0	0	0	0	1	0	370.5	0	0	1	0	0	0	0	0	0	0	0	0	160.982875243
1	1	0	1	0	0	0	388.8	0	0	0	0	1	1	0	0	1	0	0	1	192.832238298
1	0	0	1	0	1	0	73.5	1	0	1	0	2	1	1	0	1	0	0	0	37.5316000079
0	1	0	1	0	1	0	394.2	0	1	0	0	0	0	1	1	0	0	0	1	169.902189883
2	1	0	2	1	1	0	60.0	0	0	1	0	0	1	1	1	0	0	0	1	24.1213075099
0	1	0	1	0	1	0	10.5	1	0	0	0	2	1	0	0	0	0	0	1	25.6136280256
2	1	0	1	1	0	0	31.8	0	0	0	0	0	0	1	0	0	1	0	0	28.1521334482
1	1	0	2	0	0	0	418.8	0	0	0	0	0	1	0	0	1	1	0	0	193.051059823
2	0	0	0	0	1	1	475.8	0	0	0	0	0	0	0	1	2	1	0	0	199.662909641
0	0	0	2	0	0	0	40.8	1	0	1	0	1	0	1	0	0	0	1	0	7.02040201362
1	0	0	0	0	0	0	53.4	1	0	0	0	0	1	1	0	1	0	1	0	15.1671633016
2	1	0	1	0	1	0	190.5	0	0	0	1	2	0	1	0	1	0	0	0	78.5146999213
1	1	0	1	0	2	0	346.2	0	0	1	0	1	1	2	1	0	1	1	0	140.468058851
0	0	0	0	0	0	0	331.2	0	0	1	0	2	2	0	1	1	2	0	0	130.443500501
0	0	0	0	0	0	0	132.6	1	0	0	0	1	0	1	0	1	0	0	0	97.7416834657
0	0	0	1	2	0	0	124.5	0	0	0	0	0	1	0	0	0	0	0	0	85.7502430702
2	0	1	0	0	0	0	440.7	0	1	0	0	1	0	0	0	0	1	1	0	181.01929877
0	0	0	2	0	0	0	306.9	0	0	0	0	0	1	0	1	0	1	0	0	112.993764296
1	0	0	2	0	1	0	325.2	0	0	0	0	2	0	0	1	1	1	0	0	143.097965577
0	0	0	2	0	0	0	88.2	1	1	0	0	0	1	1	0	0	0	1	1	27.6943757948
1	1	0	1	0	0	0	36.9	1	0	0	0	0	1	0	0	0	0	0	1	2.5324438964
0	0	0	0	1	1	0	76.5	0	0	1	0	1	1	1	0	1	2	0	1	0.238072647439
0	0	0	0	1	0	0	258.0	0	0	0	0	1	0	1	0	0	1	1	0	146.358440537
0	1	0	1	0	0	0	116.4	0	0	1	0	1	2	2	0	0	1	0	1	18.2033218476
1	0	0	1	0	1	0	25.5	0	0	0	0	2	2	2	0	0	1	1	1	29.475731138
0	0	0	1	0	0	0	16.5	0	0	0	0	0	1	1	0	0	0	0	0	4.32821639821
1	0	0	1	1	1	0	86.7	0	0	1	0	1	1	2	0	0	0	0	0	19.1945732565
0	0	0	1	0	1	0	420.6	0	0	1	0	0	0	1	0	0	0	1	0	151.76783195
2	0	0	0	0	0	0	285.9	0	0	0	0	0	1	2	1	0	0	0	1	116.376263853
1	0	0	1	1	2	1	395.7	0	0	0	0	0	0	1	0	0	0	1	1	187.350294198
1	1	0	1	0	1	0	280.2	0	0	1	0	1	1	1	1	1	0	0	0	149.834599022
1	0	0	1	0	1	0	32.7	0	1	0	1	0	0	1	0	0	0	1	1	12.1775025041
1	1	0	0	1	1	0	166.8	1	0	0	0	0	0	0	0	0	1	0	0	94.2961907682
1	1	0	1	0	0	0	378.6	1	0	0	0	2	0	1	0	0	0	1	0	168.427085077
0	1	0	2	0	0	0	371.4	1	0	0	0	0	0	2	0	0	0	0	0	175.942346182
1	0	0	1	0	0	1	189.9	1	1	0	0	1	1	0	0	0	0	0	0	77.5065982318
1	0	0	1	0	0	0	348.0	0	0	0	0	0	1	1	1	0	0	0	0	124.785537489
0	0	0	2	1	1	0	188.7	0	0	0	0	1	0	2	0	1	2	1	0	81.9351584001
1	0	0	1	1	2	0	414.0	0	0	0	0	1	0	0	0	0	0	0	0	151.9349224
0	0	0	0	0	0	0	287.7	0	0	0	0	0	0	1	1	1	1	1	1	101.205192442
1	1	0	1	1	1	0	84.6	0	1	0	0	1	2	1	0	0	0	1	1	42.3663429647
1	1	0	2	0	0	0	360.3	0	0	1	0	1	0	2	0	1	0	0	0	100.847341964
0	1	0	0	1	0	0	69.9	0	0	0	0	0	0	2	0	0	0	0	1	23.8110022004
0	1	0	1	0	1	0	171.3	0	0	1	0	0	0	1	0	2	2	0	0	64.6522836815
0	0	0	0	0	0	0	129.9	0	0	1	0	0	0	2	1	0	0	1	1	98.1667082376
0	0	0	0	0	0	0	141.0	0	0	1	0	0	0	1	0	1	0	0	0	74.037140408
0	0	0	2	1	1	0	431.4	0	0	0	0	0	0	1	2	1	1	0	0	151.542114454
1	1	0	0	1	1	0	324.3	1	0	0	0	1	0	1	1	1	1	1	0	149.786732903
0	0	0	1	0	0	0	307.2	1	0	1	0	1	0	0	0	0	0	0	0	116.776002281
1	0	0	1	0	0	1	129.0	0	0	1	0	0	1	1	0	0	0	0	0	60.0246388467
0	0	0	1	0	0	0	324.9	0	0	0	0	1	0	1	1	0	0	0	0	117.5060775
0	0	0	0	0	0	0	333.9	1	0	0	0	1	2	1	0	1	0	1	1	133.296420173
1	0	0	0	0	1	1	471.0	1	0	0	0	1	0	0	0	0	0	0	0	187.100722809
1	0	0	2	1	0	0	165.3	1	0	0	0	0	1	1	1	0	1	1	0	66.2534153302
0	0	0	1	0	0	0	294.9	1	0	0	0	0	1	1	0	0	1	1	0	122.174948515
1	0	0	1	1	1	0	157.5	0	0	0	0	2	1	0	1	1	0	2	0	60.592464335
0	1	0	0	1	0	0	342.3	0	1	1	0	0	0	1	0	1	0	0	1	102.043255333
1	0	0	1	0	0	1	105.0	0	0	0	0	1	1	0	0	0	1	1	0	47.7875003823
1	2	0	0	0	1	0	453.0	0	0	0	0	0	1	0	0	0	0	1	0	156.530282593
0	0	0	2	0	0	0	253.8	0	1	0	0	0	0	1	0	0	0	1	0	130.948044189
1	0	0	2	0	0	0	331.5	0	0	1	0	1	0	0	0	0	2	1	1	131.797689213
1	0	0	2	0	1	0	301.2	1	0	0	0	1	2	1	0	0	1	1	0	116.444166687
0	0	0	1	0	2	0	3.6	0	0	0	1	0	0	0	2	0	0	0	1	9.66049115046
1	0	0	0	0	0	0	357.6	1	0	1	0	0	0	1	1	0	2	0	1	113.671692153
1	0	0	0	1	0	0	393.6	0	0	0	0	1	0	0	0	0	0	1	0	169.465643983
1	0	0	1	0	1	0	204.3	0	0	1	0	1	1	1	0	0	0	1	0	85.2551818781
0	0	0	2	0	1	0	210.0	0	0	0	0	0	0	1	0	0	0	0	0	99.6639140997
2	1	0	0	0	0	0	426.0	0	0	1	0	2	0	1	1	1	1	0	1	158.517886841
2	1	0	0	0	1	1	189.3	0	1	0	0	2	0	0	1	1	0	0	0	90.887939058
0	0	0	0	0	0	0	87.9	0	0	0	0	0	2	0	1	1	1	0	0	20.3749941659
0	1	0	1	0	0	0	216.3	1	0	0	1	2	1	1	1	1	0	0	1	68.2429091781
0	1	0	1	0	0	0	419.7	0	0	1	0	0	0	1	0	0	1	0	0	193.678060372
1	0	0	0	0	0	0	398.4	0	0	2	0	0	0	0	0	0	0	0	0	192.650308784
1	1	0	1	0	0	1	131.7	0	1	0	0	1	0	2	0	1	0	0	0	97.2831870194
1	0	0	0	1	0	0	170.1	0	0	0	0	0	0	1	1	1	2	0	0	73.633846263
2	0	0	0	0	0	1	320.4	0	0	0	0	2	0	0	1	0	2	0	0	140.369761552
1	2	0	0	0	1	0	445.2	0	0	0	0	1	0	2	0	2	0	0	1	157.108381009
1	1	0	1	0	1	0	381.0	1	0	0	0	2	0	2	0	0	0	0	0	175.998178483
1	0	0	1	0	0	0	474.0	0	0	0	0	2	1	0	0	0	0	1	1	196.360694879
1	1	0	1	0	0	0	22.2	0	0	0	0	1	0	1	0	0	0	1	1	3.91428043681
1	1	0	2	1	0	0	39.0	1	0	0	0	1	0	1	1	1	0	1	1	35.2120509386
1	1	0	2	0	1	0	276.0	1	0	0	0	1	2	1	0	1	1	0	2	121.7486407
0	0	0	1	0	1	0	323.4	0	0	0	0	1	1	1	0	0	0	0	1	107.354234909
2	0	0	0	0	1	0	347.4	0	0	0	1	0	1	2	0	0	2	0	1	134.086881955
0	0	0	1	0	1	0	121.5	1	1	0	0	1	0	1	1	0	1	0	0	44.9661834858
1	1	0	2	1	0	0	122.7	1	1	0	0	1	1	1	1	0	1	0	0	51.8400109014
1	2	0	1	0	0	0	381.9	0	1	0	0	1	1	1	1	1	1	1	0	195.549607891
1	0	0	1	1	0	1	51.3	2	0	0	0	0	1	2	0	0	0	0	0	35.2013624771
1	0	0	1	0	0	0	245.1	1	1	1	0	0	1	1	0	1	0	0	1	140.934863533
1	0	0	0	0	1	0	312.6	0	1	0	0	0	0	1	1	0	0	2	2	115.326877425
1	0	0	2	0	0	0	433.5	0	0	0	0	0	0	2	0	0	0	0	0	175.829469861
1	1	0	1	0	1	0	229.5	0	0	0	0	1	1	1	1	0	0	1	1	81.1277147842
1	0	0	1	0	1	0	338.7	0	0	0	0	1	1	1	1	0	0	1	0	100.052734856
1	1	0	2	0	0	1	339.0	0	1	0	0	0	1	1	0	0	0	0	0	138.046263757
1	1	0	1	0	1	0	232.5	0	0	0	1	0	1	0	1	1	0	0	0	87.2553207193
1	1	0	0	0	0	0	241.5	0	0	0	0	0	0	0	1	0	0	0	0	69.3450259075
0	0	0	2	0	2	0	165.9	0	0	0	0	1	1	2	0	1	0	0	1	91.6489166317
2	0	0	0	0	1	0	386.1	0	0	0	0	0	1	2	1	0	0	0	0	171.322950235
0	0	0	1	0	1	0	450.0	0	0	0	0	0	2	1	1	0	0	0	1	172.57005243
1	0	0	2	0	0	1	170.4	1	0	0	1	1	0	0	0	0	0	1	0	93.3874302785
1	1	0	2	1	0	0	471.3	0	0	0	0	1	0	1	0	1	1	1	0	183.764241657
1	1	0	1	0	0	1	408.6	0	1	0	0	0	1	0	0	0	1	1	0	160.209075196
0	0	0	0	1	1	0	442.5	0	1	0	0	0	1	1	0	0	0	0	0	151.357716341
1	0	0	0	0	1	0	441.3	0	0	0	0	0	1	1	1	0	0	1	0	177.775397409
1	0	0	2	0	0	0	327.9	0	0	1	0	2	0	2	0	0	0	0	0	111.024197406
0	0	0	0	1	2	0	322.5	1	0	1	1	1	1	1	0	2	1	0	1	139.734529224
2	0	0	2	0	1	0	350.4	0	0	0	0	0	2	0	1	1	0	1	0	148.07391568
2	0	0	1	0	0	0	111.3	1	1	0	0	0	0	1	1	0	1	0	0	0.730294283152
0	1	0	1	0	1	0	415.5	1	1	1	0	1	1	2	1	1	1	2	0	158.255546435
1	0	0	0	1	0	0	198.0	1	0	0	0	1	1	2	1	1	0	0	1	99.343235189
0	0	0	0	0	0	0	200.4	1	0	0	0	2	0	0	0	1	0	0	1	85.7495599332
0	0	0	2	0	0	0	376.2	0	0	0	1	0	1	1	0	1	1	0	1	175.794158973
0	1	0	0	0	1	0	57.0	0	0	1	0	2	1	2	1	1	0	0	1	14.8445403576
1	1	0	1	0	0	0	125.4	0	0	1	0	0	1	0	1	1	1	0	0	82.5331499602
1	0	0	0	0	0	0	400.8	0	0	0	0	1	0	1	1	0	0	1	0	163.476316929
0	0	0	0	0	0	0	207.0	2	0	0	0	1	1	1	0	0	0	0	0	54.7126918447
2	0	0	1	1	0	0	456.0	1	0	0	0	0	1	1	1	0	0	0	1	171.942103256
0	1	0	1	1	1	0	431.1	0	1	0	0	1	0	2	0	1	1	1	1	152.875051027
2	0	0	1	0	0	0	49.8	0	0	0	0	0	0	0	0	0	0	1	0	7.06925050174
1	0	0	1	0	0	0	414.9	0	1	0	0	2	0	1	1	0	0	0	1	188.911636158
1	0	0	1	0	2	0	109.2	0	0	1	0	2	0	0	0	0	1	1	0	42.0661254389
1	0	0	0	0	0	1	130.8	0	0	0	0	1	0	0	0	1	0	0	0	60.9703417242
1	0	0	1	2	0	0	258.6	0	0	0	0	1	0	1	0	0	2	1	0	111.266369338
1	0	1	1	0	0	0	437.7	0	0	1	0	1	0	2	0	0	0	0	0	180.701566467
0	0	0	1	0	1	0	328.2	0	1	0	0	1	0	1	0	0	0	2	0	131.197297124
1	1	0	0	0	1	0	20.1	1	0	0	0	1	2	1	0	0	0	0	1	22.5131897865
1	1	0	1	0	1	0	201.3	0	1	0	0	1	1	0	1	0	1	1	0	53.3989478214
0	0	0	0	0	1	0	376.8	1	0	0	0	2	1	0	1	0	0	1	1	161.8152155
1	1	0	0	0	0	0	301.5	0	0	0	1	1	0	1	0	2	0	1	0	134.518170908
1	1	0	1	0	0	0	252.3	0	0	1	0	1	1	1	1	0	1	1	0	112.300542191
1	0	0	1	0	0	0	472.5	0	0	0	0	1	2	1	0	0	1	0	0	189.233293207
1	0	0	0	0	0	0	110.4	0	0	0	0	1	1	0	0	0	1	0	0	37.2023526003
1	0	0	2	0	0	0	187.2	0	0	0	0	0	0	1	0	0	0	0	0	60.1556553028
0	0	0	0	0	1	0	147.6	1	0	0	0	0	1	1	0	0	0	0	1	69.4689633739
0	2	0	1	0	0	1	458.4	0	1	0	0	0	2	1	0	0	0	0	0	189.476417039
1	1	0	0	0	1	0	302.7	0	0	0	1	0	0	2	0	1	0	1	0	101.173712664
0	1	0	0	0	0	1	33.3	0	0	2	0	0	0	0	1	0	1	1	1	43.4051349037
0	0	0	1	1	1	1	338.4	0	0	0	0	1	0	1	0	0	1	1	1	137.661149909
1	1	0	1	0	0	0	176.7	1	1	0	0	2	0	0	0	0	1	1	1	81.1626671584
0	0	0	0	0	1	0	361.2	1	1	1	0	0	0	0	0	1	0	0	1	146.337952152
0	0	0	1	0	0	0	116.1	1	0	0	0	0	1	1	2	0	1	1	1	17.5207406271
1	0	0	0	0	0	0	402.6	0	0	0	0	0	1	1	1	0	1	0	0	155.55476209
0	0	0	0	0	0	0	96.9	0	0	0	0	0	0	2	0	0	0	0	0	18.2959935896
1	0	0	1	1	1	0	173.1	1	2	0	0	0	2	1	0	1	0	1	1	90.9114491447
0	1	0	1	0	0	0	40.5	0	0	0	0	2	0	1	0	0	1	1	1	45.7134982777
1	0	0	0	1	1	0	234.6	0	1	0	0	2	1	1	0	0	0	0	0	72.4579297354
2	1	0	2	0	0	0	38.7	0	0	1	1	1	1	2	0	0	0	0	0	18.8269950023
2	1	0	2	0	0	0	32.1	0	1	0	0	0	1	1	0	0	1	0	0	48.2753340094
0	0	0	2	0	1	1	134.4	0	0	0	0	0	1	2	0	1	1	0	0	94.2973639595
0	0	0	0	0	1	1	272.7	0	0	0	0	1	0	2	1	1	0	1	1	117.266233444
1	0	0	1	0	0	0	224.1	0	0	0	0	1	2	2	0	0	0	0	1	62.5717530276
1	1	0	0	1	0	0	327.0	0	1	0	0	1	0	1	0	0	0	1	0	130.796867146
1	1	1	1	0	0	0	340.8	0	2	1	0	1	1	0	1	0	0	1	0	118.476053509
2	1	0	2	0	1	0	407.1	0	0	0	1	0	0	1	1	0	0	0	0	170.775091725
2	2	0	0	0	1	0	428.7	0	0	0	0	0	1	0	0	1	0	0	0	165.893016739
0	0	0	1	0	1	0	362.1	0	0	0	0	1	0	0	0	0	1	0	0	149.870437988
1	1	0	0	0	0	0	342.6	0	0	1	0	1	0	1	0	0	1	0	0	111.700230486
1	1	0	2	0	2	0	109.5	0	1	1	0	0	2	2	0	1	0	1	0	20.9970223375
1	1	0	0	0	0	0	191.4	0	0	0	0	0	1	1	1	1	0	0	0	80.5286798649
0	0	0	0	0	0	0	79.8	0	0	0	0	1	0	0	1	1	1	0	0	24.6699071051
1	0	0	0	0	2	0	314.7	0	0	0	0	1	0	0	0	0	0	1	0	113.321037306
0	0	0	1	1	0	0	374.7	1	0	1	0	0	0	0	2	1	1	1	1	159.667079551
0	1	0	2	0	0	0	347.1	0	0	1	0	0	0	0	0	1	0	2	1	144.503280147
2	0	1	2	0	0	1	153.9	1	0	0	0	0	1	2	0	0	0	0	0	75.2922725437
1	0	0	1	0	1	0	453.3	1	0	1	0	1	0	0	2	0	1	0	0	187.043858167
0	0	0	2	0	0	0	110.7	0	0	0	0	0	0	2	0	0	0	2	1	48.3670151278
2	0	0	0	0	1	0	476.1	0	1	0	0	1	1	0	1	2	0	1	1	164.042603835
1	0	0	1	0	1	0	318.3	0	0	0	0	1	0	1	1	0	0	0	0	102.199824634
0	2	0	0	0	0	0	104.1	0	1	1	0	1	0	0	1	1	1	1	0	27.9901623024
1	0	0	1	0	1	0	101.1	1	0	0	0	1	0	0	0	2	0	0	0	44.9018469032
0	0	0	1	0	1	0	244.5	0	0	0	0	1	0	0	0	0	0	0	2	113.503395091
2	0	0	0	0	1	0	365.7	1	0	1	0	1	1	0	0	0	0	1	1	199.04061313
0	0	0	1	0	1	0	365.4	0	0	0	0	1	1	1	0	0	0	0	1	165.725772243
0	0	0	1	0	2	0	256.5	0	0	0	0	1	0	2	2	0	0	0	0	122.534766777
1	0	0	1	0	1	0	451.8	0	0	0	0	2	1	1	0	0	1	0	1	195.850657819
1	1	0	1	1	0	0	310.5	0	0	0	0	0	0	1	0	1	0	1	2	112.62238927
1	2	0	1	0	1	0	375.6	0	0	0	0	1	0	1	1	1	0	0	0	153.692830154
2	0	0	1	0	0	0	201.0	1	0	2	0	1	0	1	0	0	1	1	0	98.3745575348
0	0	0	2	1	1	1	383.7	0	1	0	0	0	1	2	1	1	1	1	0	180.313452779
1	2	0	1	1	0	0	332.4	0	0	1	0	0	0	2	1	1	1	0	1	113.255108158
0	0	0	2	0	0	0	184.5	1	0	0	0	0	0	1	0	0	0	0	0	90.0178697733
2	1	0	1	0	1	0	390.0	1	0	0	0	1	0	1	2	0	1	0	0	163.421209257
1	0	0	1	0	0	0	151.2	0	1	0	0	1	1	0	1	0	0	0	1	68.0776065876
0	0	0	2	0	0	1	228.9	0	0	0	0	2	1	0	1	0	2	0	0	63.7755834438
2	0	0	0	1	1	0	223.8	1	0	0	0	0	1	1	0	0	1	0	0	56.8974722314
1	0	0	1	0	0	0	391.5	0	1	0	0	0	1	1	1	1	0	0	2	156.557700293
0	1	0	1	0	0	0	135.6	1	0	0	1	2	1	2	0	0	0	1	1	72.9941561075
1	0	0	0	0	1	0	105.9	0	2	0	0	1	0	2	0	1	0	1	0	3.89437637035
1	1	0	1	0	0	0	204.0	0	0	0	0	0	1	1	1	1	0	0	1	62.7430037694
1	0	0	2	1	1	0	276.6	0	0	0	0	1	0	1	0	0	0	0	0	109.907672094
2	0	0	2	0	0	0	152.7	0	0	0	0	0	0	1	0	1	0	1	1	63.9427982149
0	0	0	1	0	0	0	5.7	0	1	0	1	2	2	0	0	0	0	0	0	6.20555338587
0	1	0	1	0	0	0	39.3	0	0	0	0	2	1	1	0	1	1	0	1	48.0204400686
1	0	0	2	0	0	0	348.6	0	1	0	0	0	1	2	1	0	0	1	0	116.070399071
0	1	0	1	0	0	0	165.0	0	0	1	0	0	1	2	0	0	1	0	0	50.1706528575
0	1	0	1	1	1	0	71.1	0	1	0	0	0	0	0	0	0	1	0	0	9.93870154482
1	0	0	1	0	0	0	176.1	0	0	0	1	0	0	1	1	1	0	0	0	64.4358970852
1	1	0	1	0	2	0	19.8	0	0	0	0	0	1	0	0	1	0	0	1	41.5893104156
1	0	0	2	0	2	0	93.6	1	0	0	0	0	1	1	0	0	0	0	0	5.18805382866
0	2	0	0	1	0	1	61.5	0	0	0	0	1	2	1	0	0	0	0	0	47.5454534424
1	1	0	2	0	0	0	59.7	0	0	0	0	0	0	2	1	0	0	0	0	41.9976301076
0	1	0	1	0	1	1	352.2	0	0	0	0	1	1	2	0	0	1	0	0	107.500556158
1	0	0	0	0	0	0	350.7	0	0	0	0	0	1	2	0	0	0	1	2	103.082529492
0	1	0	1	0	0	0	406.8	0	0	1	0	1	0	1	1	1	0	0	1	189.534644625
1	0	0	1	0	0	0	188.1	0	0	0	0	0	0	2	1	1	0	0	0	91.2272925925
0	0	0	1	0	0	1	358.8	1	0	0	0	1	0	2	1	2	0	0	0	104.364799613
0	0	0	2	0	1	0	145.2	0	0	0	0	0	0	0	0	1	1	0	1	70.7636076727
1	0	0	1	0	0	0	372.0	0	0	1	0	1	1	2	1	1	1	1	1	199.824290869
2	1	0	1	1	1	0	270.6	0	0	0	0	0	0	0	1	0	0	0	0	126.558440798
1	2	0	1	0	1	0	362.7	0	0	0	0	1	0	0	1	0	0	0	1	175.416100541
0	0	0	1	0	0	0	161.1	1	0	0	0	0	0	0	1	0	0	0	1	78.0788263061
2	0	0	1	0	0	0	423.0	0	0	0	0	2	1	2	1	1	1	0	0	161.1351602
1	1	0	1	0	1	0	441.0	0	1	0	0	1	0	0	0	0	1	0	0	171.336062996
1	1	0	1	0	0	0	477.6	0	0	0	0	0	0	1	0	0	1	1	1	166.520532052
0	0	0	2	0	0	0	114.0	0	2	0	0	1	1	1	0	0	1	0	0	22.4432428138
1	0	0	2	0	1	0	100.8	0	0	1	0	0	0	0	0	1	1	1	0	23.3349576792
1	1	0	0	0	0	0	38.4	0	0	0	0	1	1	0	0	0	0	0	1	46.2486201133
1	0	0	0	1	0	0	124.8	0	0	1	0	1	1	0	1	0	0	1	1	50.7733881909
1	1	0	1	0	0	0	221.4	0	0	0	0	1	0	1	0	0	1	0	0	95.6098835041
0	1	0	1	0	0	0	279.3	0	0	1	0	1	0	1	0	1	0	2	1	145.383903035
1	1	0	1	0	0	0	423.3	0	1	0	0	1	1	1	1	0	0	0	0	175.764297887
0	0	0	1	0	0	1	84.9	0	0	0	0	1	1	1	0	0	0	1	0	2.73192613255
1	1	0	0	0	2	0	81.3	0	0	0	0	1	0	0	0	0	0	0	0	39.9082998015
0	0	0	2	0	1	0	478.8	0	0	1	0	0	0	2	1	0	0	0	0	154.789298554
1	0	0	2	0	0	0	426.6	0	0	0	2	1	2	1	0	0	0	0	0	159.322533504
2	0	0	2	0	0	0	336.0	0	0	0	0	1	1	1	0	1	1	0	0	133.896955765
1	1	0	0	0	0	0	370.2	0	0	2	0	0	1	1	1	1	1	0	0	154.523768901
1	0	0	0	1	1	0	170.7	0	0	2	0	1	1	2	1	1	0	0	0	62.8158561202
1	0	0	1	1	0	0	45.3	0	0	1	0	1	0	2	1	1	1	1	0	41.6765638851
0	0	0	0	0	2	0	182.1	0	0	0	1	1	1	1	0	0	0	0	0	97.8715799334
0	0	0	2	0	0	1	268.5	1	0	0	0	1	1	2	0	0	1	1	1	119.616916665
0	0	0	1	1	1	0	111.9	0	0	0	0	1	1	1	0	0	0	0	1	33.5987982779
1	2	0	0	0	0	0	46.8	1	1	1	0	2	1	1	1	1	0	1	2	29.2489390648
1	0	0	0	1	1	0	154.5	0	0	0	0	1	1	2	1	1	1	0	0	88.5519886125
0	1	0	1	0	0	0	155.4	1	0	0	0	1	0	0	0	0	0	1	0	51.7122311745
1	0	0	1	1	0	0	254.7	1	0	0	0	1	1	0	1	0	0	0	1	146.40998328
1	1	0	2	0	1	0	456.6	0	0	1	0	0	0	1	0	0	0	0	0	181.810338548
0	1	0	1	0	0	0	227.1	0	0	0	0	1	0	0	0	0	0	0	0	86.7589505968
1	0	0	0	1	1	0	321.6	0	2	0	0	1	1	0	0	0	0	0	0	101.40893615
0	0	0	1	0	0	0	290.7	0	0	0	0	1	0	0	0	0	0	0	1	123.018485603
0	0	0	1	0	1	0	35.7	1	0	0	0	1	1	1	1	0	0	0	0	2.92463442889
0	0	0	0	0	0	0	198.3	0	0	0	0	1	1	0	0	0	0	0	0	54.5451447429
1	0	0	0	0	0	0	435.6	0	0	0	0	2	0	0	0	1	0	0	0	196.535409179
0	1	0	2	0	0	0	249.3	0	0	1	0	2	0	1	1	0	1	1	0	121.581121627
1	0	0	1	0	1	0	62.7	1	0	2	1	0	0	0	0	0	1	0	0	19.804468774
0	0	0	1	1	1	0	142.5	0	0	0	0	1	2	1	1	0	0	0	0	97.6877827384
0	2	0	1	0	0	0	350.1	0	0	0	0	1	0	1	1	1	0	0	0	123.156958705
0	0	0	2	0	1	0	166.5	0	0	0	0	0	0	2	0	1	0	0	1	64.6891088003
0	0	0	1	0	0	0	94.5	1	0	1	0	1	1	0	0	0	1	1	1	4.26331835471
1	0	0	0	0	0	0	16.2	1	0	1	0	0	0	1	1	0	0	0	0	46.1990989521
0	0	0	1	0	0	0	363.3	0	0	0	0	0	0	1	0	1	0	1	1	191.0359461
0	1	0	0	0	1	0	462.0	1	0	0	0	0	0	1	1	0	0	0	1	179.024067206
0	0	0	0	0	0	0	80.1	1	1	0	0	0	1	1	0	0	0	0	0	31.3672576421
1	1	0	1	0	0	0	390.6	0	0	0	0	1	0	1	0	1	0	0	1	160.39263485
1	0	0	0	1	1	0	385.2	0	1	0	0	2	1	1	1	0	0	0	0	164.550563197
0	0	0	1	1	0	0	169.5	0	0	1	0	1	0	0	0	0	1	1	0	63.8718827293
1	0	0	2	0	0	0	274.2	0	0	0	0	0	1	1	0	0	2	0	0	134.018853691
2	1	0	1	0	0	0	308.4	0	0	0	0	2	0	0	0	0	1	0	0	105.950129593
1	0	0	2	0	0	0	433.2	1	0	0	0	0	1	0	1	1	1	1	0	160.073567371
1	0	0	1	0	0	0	241.2	1	0	0	0	1	0	1	2	0	0	0	0	57.0327037909
1	1	0	1	0	0	0	282.0	0	0	0	0	1	0	2	0	0	0	0	1	109.772305767
0	0	0	1	0	0	0	7.8	0	1	1	0	1	0	2	1	0	1	1	1	23.6840570438
0	0	0	1	0	0	0	64.8	1	1	0	0	0	0	1	1	1	1	0	0	11.7512987211
0	0	0	1	0	0	0	352.5	0	0	0	0	1	0	0	0	0	0	0	0	138.395870252
0	1	0	0	0	0	0	171.9	1	0	0	0	0	1	1	0	0	0	1	0	82.0308239505
0	0	0	1	0	1	0	190.8	1	0	0	0	1	0	1	0	0	0	0	0	67.6084644835
1	1	0	1	0	0	0	213.0	0	1	1	0	0	0	1	0	1	0	0	0	99.0369847261
1	0	0	2	0	0	0	286.2	0	0	1	0	1	1	2	0	0	0	0	1	120.465021841
0	0	0	1	0	1	0	142.8	1	0	0	0	0	1	0	1	0	0	0	0	91.5680701272
1	0	0	1	0	0	0	168.9	0	0	1	0	1	1	1	0	1	0	1	0	58.064303477
1	0	0	0	0	1	0	250.2	0	0	0	0	1	0	1	0	1	0	2	0	112.735747474
2	0	0	0	0	0	0	158.1	0	0	1	0	2	1	2	0	0	1	1	0	98.7717304681
0	0	0	0	0	2	0	158.7	2	0	1	1	2	1	0	1	0	1	1	0	64.6960383119
0	1	0	1	0	1	0	126.6	0	0	1	0	1	0	0	0	1	0	1	1	80.9281608088
1	0	0	0	1	1	0	273.0	0	0	0	0	0	1	1	1	0	0	0	0	134.414310206
1	0	0	1	0	0	0	297.3	0	0	0	0	0	1	1	1	0	0	1	0	101.819540708
0	1	1	1	0	0	0	364.2	1	1	1	0	0	0	1	0	0	2	0	0	188.505585497
0	0	0	0	0	0	1	202.5	1	1	0	0	2	0	0	0	0	1	0	1	73.1411721941
2	1	0	1	0	1	0	213.3	0	0	0	0	1	0	1	0	0	1	1	0	87.8110026087
0	0	0	0	0	1	0	160.2	0	0	0	0	0	2	1	0	0	0	1	2	57.5470007567
2	1	0	1	1	1	0	395.1	0	0	0	1	1	1	0	1	0	0	0	0	160.35768691
1	0	0	0	0	0	0	432.9	0	0	0	0	0	1	2	0	0	0	0	1	157.279594006
0	1	0	0	0	1	0	197.1	0	0	0	1	0	0	0	0	1	0	0	1	70.1182195504
1	1	0	0	1	0	0	293.7	0	0	0	0	2	0	1	1	0	0	0	0	107.911946162
1	1	0	1	0	0	0	44.4	0	0	0	0	0	1	1	1	0	0	0	0	9.11224119483
0	0	0	2	0	1	0	363.6	0	0	1	0	0	1	2	1	0	0	1	0	164.244381802
1	1	0	0	0	0	0	222.6	0	0	0	0	1	1	0	0	1	1	1	1	86.6310776413
1	0	0	0	0	0	0	316.5	0	0	0	0	1	1	0	2	0	0	0	0	119.641553022
0	1	0	1	0	1	0	434.7	0	0	0	0	1	1	2	0	0	0	0	0	181.746133149
0	1	0	0	0	1	1	97.2	0	0	0	0	0	1	0	1	0	0	1	1	8.41016954199
1	0	0	0	0	1	0	406.5	0	0	0	0	0	1	1	1	2	1	1	0	158.160904903
0	0	0	1	0	1	0	269.4	0	0	0	0	1	0	0	1	0	1	1	1	123.605488057
0	1	0	0	0	1	1	78.0	0	0	0	0	0	1	2	0	0	2	1	1	8.66064894083
0	0	0	1	0	0	0	251.7	0	0	0	0	0	1	1	0	0	1	0	0	133.306626702
1	0	0	2	0	0	0	238.8	2	0	0	0	1	0	2	0	0	0	1	1	77.793138063
1	0	0	2	0	1	0	214.8	0	0	1	0	0	0	1	2	0	0	0	1	61.6452184923
0	0	0	1	0	1	0	441.6	0	0	0	0	0	0	1	0	0	0	0	1	154.585130509
0	0	0	2	0	2	0	102.6	0	0	0	0	0	0	1	0	0	2	0	1	27.8258338918
1	1	0	2	0	0	0	299.7	0	0	0	0	1	1	0	0	0	1	0	0	126.000470086
1	0	0	1	0	1	0	333.3	1	1	0	0	0	2	0	0	1	1	0	0	101.436678222
1	1	0	0	2	1	0	104.7	0	0	0	1	2	0	0	0	1	0	0	0	49.1635943248
1	0	0	1	0	2	0	463.8	0	0	0	0	1	0	1	1	0	0	0	0	153.057019019
2	1	0	1	0	0	0	278.1	0	1	0	0	0	0	0	1	0	0	1	1	125.343884223
1	0	0	1	0	0	0	470.4	0	1	0	0	0	1	0	1	0	0	0	0	171.798599655
2	0	0	0	1	0	0	358.2	0	0	0	0	0	0	0	0	1	0	1	0	135.754983931
0	0	0	1	0	0	0	200.1	0	0	0	0	1	1	1	0	1	0	1	0	58.9756239817
1	0	0	2	0	0	1	66.0	0	0	0	0	0	0	2	0	1	0	1	0	2.58336723295
0	0	0	1	1	0	0	319.5	0	0	0	0	0	1	0	2	1	0	0	0	143.883643632
1	0	1	0	0	0	0	193.8	0	0	0	0	0	1	0	0	0	0	0	0	81.7260465271
0	2	0	1	0	0	0	414.3	0	0	0	0	0	0	1	0	0	1	0	0	195.125962444
0	0	0	2	0	1	0	93.3	2	0	0	0	1	1	2	0	0	0	2	0	39.5019036
0	0	0	2	0	1	0	402.3	0	0	0	0	0	0	1	0	1	0	0	1	169.629235501
2	1	0	0	0	1	0	49.5	1	0	0	0	1	0	0	1	1	2	0	0	38.5901712189
1	0	0	2	1	0	0	443.7	0	0	0	0	0	2	1	0	0	2	1	0	197.615815207
0	0	0	1	1	0	1	177.9	0	0	0	1	2	2	2	0	0	0	1	1	88.1670128956
1	1	0	0	0	0	0	22.8	0	0	0	0	1	1	0	1	0	0	1	0	17.9451519737
1	0	0	0	0	1	0	252.9	0	0	0	0	1	0	0	2	1	0	0	0	127.702088807
0	1	0	1	0	0	0	145.8	0	0	0	0	2	0	1	1	1	1	0	0	84.9824354445
0	0	0	0	0	0	1	31.2	0	0	0	0	0	0	0	1	0	0	1	1	6.55358506303
0	0	0	0	0	1	0	192.9	1	0	0	0	0	0	0	1	0	0	1	1	72.6060043925
2	0	0	1	1	0	0	380.7	0	0	0	0	0	0	1	0	1	1	0	1	182.001373577
0	1	0	1	0	0	0	291.3	1	0	0	0	0	0	0	0	0	1	0	0	102.089952459
1	1	0	1	0	1	1	351.9	0	0	0	0	1	1	0	0	1	0	0	1	114.026987798
0	0	0	2	1	0	0	135.9	0	0	0	1	1	1	0	0	0	1	1	1	66.9237616268
0	0	0	0	0	0	0	48.3	0	0	1	0	0	1	2	0	1	1	1	0	37.7433713218
1	1	0	1	1	0	0	255.0	0	0	0	0	0	1	1	1	0	0	0	1	147.599880049
1	1	0	0	0	1	0	318.0	0	0	0	0	1	1	1	0	0	1	0	0	104.396262239
0	1	0	0	0	1	0	319.8	0	0	1	0	0	0	1	1	0	1	0	0	116.649276096
1	0	0	1	0	0	1	304.2	1	0	0	0	0	0	1	0	0	2	0	1	135.364001607
1	0	0	0	0	0	0	101.7	0	0	0	0	2	0	1	0	0	0	0	1	13.254594389
0	0	0	0	0	1	0	335.4	1	1	1	0	0	0	0	0	0	0	0	1	106.760863748
0	1	0	0	0	2	0	427.2	0	0	0	0	1	0	1	0	1	0	0	0	192.371389512
1	0	0	0	0	0	0	165.6	1	0	0	0	1	1	0	0	1	1	1	0	51.8162554153
1	1	0	0	0	0	0	218.4	0	0	0	0	0	1	1	0	1	0	2	1	50.5525658441
1	0	0	0	0	0	0	4.8	0	1	1	0	0	2	1	0	0	2	1	1	4.16612242584
0	1	0	0	0	0	0	356.7	0	0	0	0	1	0	1	0	1	0	0	0	128.968455655
0	1	0	0	1	1	0	273.9	0	0	1	0	1	0	1	1	1	0	0	0	123.517179256
1	0	0	0	0	2	0	209.7	0	0	1	0	0	1	1	1	0	0	1	1	50.9933574294
2	1	0	0	0	1	0	336.3	0	1	0	0	0	1	1	1	1	1	0	1	125.07800934
1	0	0	0	0	1	0	365.1	0	0	0	0	0	0	2	0	0	0	0	0	150.968866521
0	0	0	2	0	1	0	59.1	1	0	0	0	1	0	1	0	0	0	0	0	42.9759478471
1	1	0	0	0	1	0	298.2	0	0	0	0	1	1	0	0	0	0	1	0	126.983099146
2	1	0	0	0	0	0	56.1	0	0	0	0	0	1	1	0	1	0	0	0	20.4881096017
0	1	1	1	0	1	0	335.7	0	0	1	0	1	0	0	1	0	0	1	0	110.437783308
1	1	0	2	0	0	0	443.4	0	0	0	0	0	0	1	0	1	0	2	0	193.067977615
2	1	0	2	0	0	1	226.5	0	0	0	1	1	2	2	0	0	0	0	0	94.2766743439
0	1	0	2	0	0	0	334.5	0	0	0	0	0	1	1	1	0	0	0	1	132.870223365
2	1	0	1	0	1	0	252.0	1	0	1	0	0	0	2	1	1	0	0	0	140.078974685
1	2	0	0	0	0	0	155.7	0	0	0	0	2	1	1	1	1	1	0	0	57.1476674987
0	0	0	0	0	0	0	83.4	1	0	0	0	1	0	0	0	0	0	0	0	21.6474676257
0	0	0	1	0	1	0	402.0	0	0	1	0	0	2	0	0	1	0	0	1	196.536191702
0	0	0	0	0	1	0	446.4	0	0	0	0	1	1	1	1	0	0	0	1	164.888545865
0	0	0	2	0	1	1	118.5	1	0	0	0	0	1	0	0	1	0	1	1	48.3462911173
1	0	0	1	1	0	0	102.3	1	0	0	0	2	0	1	1	0	0	0	0	5.85077041826
0	0	0	0	0	2	0	194.1	0	0	0	0	0	1	1	0	2	0	0	0	98.5148197536
0	1	0	0	0	2	0	447.9	0	0	1	0	0	0	1	1	2	0	1	0	196.687162464
0	1	0	0	0	0	0	177.6	0	0	0	0	1	1	1	1	0	0	1	0	92.8302757653
1	2	1	2	1	0	0	437.4	1	0	0	0	2	1	0	1	0	1	0	1	150.833732326
0	1	0	2	0	0	0	426.9	0	1	0	0	0	0	1	0	0	0	1	0	196.83833457
1	0	0	2	0	0	0	21.6	2	0	1	0	0	0	0	0	0	0	0	1	41.9123194812
0	0	0	0	1	1	0	198.6	1	1	0	0	2	1	2	1	1	0	0	1	98.8499793908
2	0	0	1	0	1	0	460.2	1	0	1	0	0	0	1	0	0	0	1	1	161.301476623
2	1	0	1	0	2	0	18.6	0	1	0	0	1	1	0	0	1	0	0	1	8.51881724973
1	0	0	0	0	2	0	259.2	1	0	0	0	0	1	1	0	0	1	1	2	138.056422159
0	0	0	1	0	1	0	99.6	1	0	0	0	1	1	1	2	0	1	0	0	24.9875784093
0	0	0	2	0	1	0	233.4	0	0	1	0	1	1	1	0	1	1	1	1	88.2967994783
0	1	0	2	0	0	0	196.8	0	0	0	0	2	2	2	0	1	0	1	0	66.0614761056
0	1	0	1	1	0	0	317.7	1	0	0	0	0	1	0	2	1	0	0	0	149.606842283
2	0	0	1	0	1	0	48.0	1	0	1	0	0	1	1	1	1	1	0	1	33.0203517891
1	0	0	1	0	0	1	192.3	0	0	0	0	0	0	2	0	0	0	0	0	73.0914759015
0	0	0	1	0	0	0	394.5	0	0	0	1	0	0	1	1	1	0	1	0	188.725597682
1	1	0	1	0	0	0	449.1	0	0	2	0	0	0	0	0	1	0	0	1	173.761845625
0	0	0	0	0	1	0	311.7	0	0	0	0	0	0	1	0	0	1	0	0	110.538512367
1	0	0	2	0	0	0	401.4	0	0	0	0	0	2	0	0	0	0	0	0	153.397400968
1	1	0	1	0	0	0	394.8	1	1	0	0	0	0	0	0	0	1	0	1	160.707993587
2	0	0	1	0	1	0	280.8	0	0	0	0	1	0	0	1	0	0	1	1	125.67955911
0	1	0	1	1	1	0	294.6	0	0	1	0	1	1	1	1	0	0	1	0	121.923571253
1	1	0	1	0	0	0	473.4	0	0	0	0	1	0	1	0	0	1	1	1	175.166381422
1	0	0	2	0	0	0	154.8	0	0	0	0	0	0	1	2	0	1	1	0	77.8276723843
1	2	0	1	0	1	0	408.3	1	0	1	0	0	2	0	0	0	1	0	1	194.195917474
0	0	0	1	0	1	0	60.3	1	0	0	0	1	0	1	0	0	1	0	0	34.2362812261
1	1	0	1	0	1	0	50.1	0	0	0	0	1	0	0	0	0	1	0	0	10.4222231622
1	0	0	0	0	0	0	147.3	0	0	0	0	0	1	2	1	0	1	1	0	81.6848928814
0	0	0	1	0	1	0	122.4	0	0	0	0	0	0	1	1	0	1	1	1	30.3132393332
1	1	0	2	0	0	0	218.7	0	0	0	0	0	1	2	0	0	2	0	0	94.422540313
0	2	0	1	0	2	0	117.6	0	0	0	0	0	0	2	0	0	0	0	1	44.8395724612
2	0	0	0	0	0	0	186.6	0	0	0	0	1	1	0	0	0	0	1	0	51.8404973354
0	0	0	1	0	0	0	444.3	0	0	0	0	1	1	1	1	1	1	0	2	194.123786898
0	1	0	2	0	0	0	267.6	0	0	0	0	0	0	0	0	0	0	1	1	108.7634027
2	0	0	0	0	0	0	149.4	0	0	0	0	1	1	0	1	0	1	0	2	79.4059102116
1	0	0	2	0	0	0	356.1	0	0	0	0	0	0	0	1	1	0	0	1	145.662423608
1	0	0	2	0	0	0	123.3	1	0	0	0	1	0	1	0	1	1	0	1	63.9832522565
1	1	0	1	0	0	0	399.6	0	0	0	0	1	0	0	1	0	0	1	0	155.613840138
1	0	0	1	0	0	1	279.6	0	0	0	0	1	1	1	2	1	1	0	0	118.143725432
1	0	0	0	0	1	0	12.9	0	0	0	1	0	1	1	1	0	0	0	0	27.2864722091
0	1	0	1	0	0	0	156.6	2	0	0	0	2	0	1	0	1	0	0	1	69.0284154112
1	1	0	1	0	0	0	314.1	1	0	0	0	0	1	1	0	1	0	0	0	135.520474696
1	0	0	1	0	0	1	336.9	0	0	0	0	0	2	2	0	2	2	0	1	109.612344643
2	0	0	0	0	1	1	417.3	0	1	1	0	0	1	1	0	0	0	1	1	198.522029793
1	1	0	0	0	1	0	314.4	0	0	0	1	2	1	1	0	0	0	0	0	120.007411481
2	1	0	1	1	0	0	305.1	2	1	0	0	1	1	1	1	1	1	0	0	145.787016176
1	1	0	2	0	1	0	48.9	0	0	0	0	2	1	1	1	1	0	0	0	21.0357207119
1	2	0	0	0	1	0	33.9	1	0	0	0	0	1	1	0	0	0	1	1	48.2693826134
1	0	0	1	0	0	0	99.0	0	0	1	0	0	0	0	0	1	1	0	0	24.5973720225
0	0	0	1	0	0	0	269.7	1	0	1	0	0	1	1	1	0	0	0	2	100.610877427
0	1	0	0	0	0	0	390.9	0	0	0	0	1	1	2	0	0	0	2	1	169.764974813
1	1	0	1	0	0	0	353.4	0	0	0	0	0	0	0	1	0	0	0	1	140.188522608
0	0	0	0	0	1	0	410.1	1	1	0	0	0	1	2	0	1	0	0	0	159.26647814
0	1	0	1	0	1	0	448.2	1	0	1	0	2	0	2	1	1	1	0	1	163.8296118
2	1	0	0	0	1	0	308.7	1	0	1	0	1	2	2	1	1	0	0	1	135.185473039
1	0	0	1	0	1	0	44.1	0	0	0	0	2	0	2	0	0	0	0	0	38.5434478154
0	1	0	1	0	0	0	114.3	0	0	0	0	0	0	0	1	0	1	0	1	49.4642473304
1	0	0	2	1	0	0	136.8	2	1	1	0	1	0	1	0	0	0	0	0	78.2721292552
1	1	0	0	0	1	1	258.9	0	1	0	1	0	0	1	1	0	0	1	0	127.361091685
0	0	0	0	1	0	0	214.5	0	0	1	0	1	1	1	1	0	0	0	0	69.5276232247
0	0	0	2	0	0	0	181.8	0	0	0	0	2	0	1	0	0	0	0	1	53.0424632864
1	0	0	0	0	0	0	30.6	0	1	1	0	0	1	0	1	0	1	1	1	6.93185917972
0	0	0	2	0	1	0	65.7	0	0	0	0	1	1	0	0	0	0	0	0	48.4575129006
1	0	0	1	0	0	0	424.2	0	0	0	1	1	0	1	0	0	1	1	1	179.290587739
2	0	0	2	2	1	0	246.3	2	0	0	0	1	1	0	2	0	0	0	0	126.435633705
1	1	0	1	0	1	0	62.4	0	0	0	0	1	0	1	1	0	0	1	0	41.8449389489
1	0	0	1	0	1	0	138.3	0	0	0	1	0	1	1	0	1	2	0	1	99.782188881
1	0	0	1	1	1	1	305.7	0	0	1	0	1	0	2	0	2	1	1	1	116.801197244
1	0	0	2	0	0	0	67.8	0	0	0	1	0	0	2	2	1	0	0	1	14.1864106828
0	0	0	2	0	0	0	65.4	0	1	0	0	1	1	0	0	0	1	0	0	38.1470593169
2	1	0	0	0	1	0	336.6	1	0	0	1	1	1	2	0	0	0	1	1	147.893034058
1	0	0	1	0	0	0	400.2	0	1	1	0	1	0	1	0	1	0	0	1	185.647780814
0	1	0	2	0	1	0	26.4	2	0	0	0	1	0	0	1	2	2	0	0	18.7387420814
0	0	0	1	0	1	0	429.6	0	0	0	0	0	1	1	0	1	1	1	0	157.113143337
1	1	0	1	0	0	0	72.9	1	1	0	0	0	0	0	0	1	1	0	0	11.2014738347
1	0	0	1	0	0	0	86.1	2	1	0	0	0	1	0	1	1	1	1	1	40.9962695103
2	0	0	1	0	1	0	278.7	0	0	0	0	0	0	1	0	1	0	2	1	147.793121474
0	1	0	1	0	1	0	285.0	2	0	0	0	2	1	1	1	0	0	0	0	144.921604241
2	0	0	1	0	0	0	159.3	0	0	0	0	1	1	1	0	0	0	1	1	75.8871072486
1	0	0	0	0	0	0	44.7	0	0	0	0	0	0	0	1	0	1	0	0	43.4877933884
0	0	0	2	0	1	0	137.1	0	0	0	0	0	1	1	0	0	0	0	0	62.6905464136
0	0	0	0	0	0	0	473.1	0	0	1	0	0	0	0	1	0	0	0	0	195.127538078
1	0	0	1	0	2	0	15.9	1	0	1	0	2	1	0	2	0	1	1	0	1.16305673596
0	0	0	1	0	1	0	115.8	0	1	0	1	1	0	1	0	0	2	0	1	5.0660052526
2	0	0	2	0	0	0	205.5	0	0	0	0	0	1	2	1	0	1	0	1	74.2304927759
1	0	0	1	0	1	0	405.0	1	0	0	0	1	1	1	0	0	0	0	2	177.8729434
0	0	0	0	0	1	1	393.3	0	0	0	0	0	1	2	0	0	0	1	0	165.777982276
1	0	0	1	0	0	0	156.3	0	0	0	0	1	1	1	0	0	0	0	1	90.0892615197
2	0	0	1	0	0	1	74.1	0	0	0	0	0	0	1	1	0	1	0	0	2.51313534405
0	0	0	1	0	1	0	26.1	1	0	1	1	0	1	1	0	0	1	1	1	41.7954070138
0	0	0	2	0	1	1	131.4	0	0	0	0	1	0	1	1	0	1	0	0	77.3289579826
1	1	0	0	0	0	0	164.4	1	0	0	0	2	0	1	2	2	0	0	0	69.1170075755
0	1	0	0	2	0	0	312.3	0	0	0	0	1	1	0	2	0	0	0	0	113.178086532
1	0	0	2	0	0	0	128.7	0	0	0	0	0	1	0	1	0	0	0	0	83.1375324128
0	0	0	0	0	1	0	277.5	0	1	0	0	0	1	1	2	0	0	0	0	107.098127797
1	0	0	1	0	0	1	344.4	0	0	1	0	1	0	1	1	0	1	0	0	143.021686108
0	0	0	1	0	0	0	175.5	0	0	0	0	0	0	0	0	0	0	0	1	63.8887981048
1	0	0	2	1	1	0	211.5	0	1	0	1	0	0	0	1	0	0	1	1	61.1649434822
0	0	0	1	0	1	0	293.4	0	0	0	0	1	1	0	1	0	0	0	1	121.7276316
1	0	0	2	0	0	0	316.8	1	1	0	0	1	1	1	0	1	1	0	0	102.275070067
0	2	0	2	0	0	0	435.9	0	0	0	0	0	1	0	1	0	0	1	0	190.639567385
0	0	0	0	0	1	0	91.5	0	0	0	0	0	1	0	0	0	0	1	1	27.7805239968
1	1	0	1	0	0	0	195.3	0	0	0	1	1	1	1	0	0	1	0	2	78.7677973213
1	0	0	1	0	0	0	241.8	0	0	0	0	1	0	1	0	1	1	0	0	52.0505639129
1	1	0	1	0	0	0	413.7	1	0	0	0	0	2	1	1	1	1	0	1	151.374521608
1	0	0	1	0	1	0	387.0	0	0	1	0	1	1	1	2	0	0	0	0	151.246831415
1	0	0	2	1	0	1	449.7	1	0	1	0	1	0	1	0	0	0	0	0	172.782863624
1	1	0	0	0	1	0	120.9	0	0	0	1	0	0	1	0	1	0	0	0	26.0606726164
0	1	0	0	1	1	0	468.3	0	0	0	0	1	0	1	2	0	1	0	0	191.664051863
0	1	0	0	0	1	0	26.7	1	1	0	0	0	1	2	0	1	1	0	0	46.8402080601
0	0	0	0	2	0	0	150.3	1	1	0	0	1	1	0	0	0	1	0	1	52.6583033581
0	0	0	0	0	1	0	150.9	0	0	0	0	2	0	1	2	0	0	1	0	77.0066256904
0	0	1	1	1	0	0	230.7	0	0	0	0	0	1	1	2	1	1	0	0	99.9374381506
0	0	0	2	1	1	0	214.2	0	1	0	0	0	1	0	0	0	1	1	0	63.8347004882
1	2	0	1	0	1	0	385.8	0	0	0	0	1	1	0	1	1	0	1	1	198.733804617
