N0	N1	N2	N3	N4	N5	N6	N7	N8	N9	N10	N11	N12	N13	N14	N15	M0P0	M0P1	M1P0	M1P1	Class
0	1	0	0	0	0	0	100.2	0	0	1	0	1	1	1	1	1	1	0	0	3.59
0	0	0	1	0	0	0	61.2	1	0	0	0	0	2	0	2	0	0	0	1	2.29
0	1	0	1	0	0	0	123.0	0	0	0	0	0	0	0	0	0	0	1	1	4.35
1	1	0	1	0	0	0	388.8	0	0	0	0	1	1	0	0	1	0	0	1	13.21
0	0	0	1	0	1	0	362.1	0	0	0	0	1	0	0	0	0	1	0	0	12.32
1	1	0	2	0	1	0	213.9	0	0	1	0	0	0	2	0	0	0	0	1	7.38
0	1	0	1	1	0	0	429.3	0	0	1	0	1	1	2	0	0	0	1	1	14.56
2	1	0	1	0	1	0	83.1	0	0	0	0	1	0	0	0	1	1	1	1	3.02
0	0	0	0	0	0	1	20.7	0	0	0	0	1	1	0	1	0	0	0	1	0.94
0	0	0	1	0	1	0	114.9	0	0	0	0	0	0	1	0	1	0	1	0	4.08
2	0	0	0	0	0	0	174.0	0	1	0	0	0	2	1	0	0	0	1	1	6.05
1	1	0	1	0	0	0	279.9	0	0	0	0	0	2	1	0	0	1	1	2	9.58
1	0	0	1	1	1	0	86.7	0	0	1	0	1	1	2	0	0	0	0	0	3.14
2	0	0	1	0	2	0	267.9	1	0	0	0	1	0	0	0	0	0	0	1	9.18
1	0	0	1	1	0	0	342.9	1	0	0	0	1	2	1	1	0	0	1	0	11.68
2	2	0	1	0	2	0	266.7	0	0	0	0	1	0	2	0	1	1	1	1	9.14
1	0	0	1	1	1	0	121.2	0	0	0	0	1	1	2	0	0	0	0	1	4.29
1	0	1	0	0	0	0	108.9	0	0	0	0	1	0	1	1	0	0	1	0	3.88
0	2	0	1	0	1	0	456.9	0	0	1	0	1	0	0	1	1	1	0	2	15.48
0	0	0	1	0	1	0	60.3	1	0	0	0	1	0	1	0	0	1	0	0	2.26
0	0	0	0	0	0	0	79.8	0	0	0	0	1	0	0	1	1	1	0	0	2.91
1	1	0	1	1	1	0	193.2	0	0	0	0	2	2	1	0	0	0	0	0	6.69
1	1	0	2	0	1	0	280.5	0	0	0	0	1	1	2	0	0	0	1	2	9.6
2	0	0	1	0	1	0	291.9	0	0	1	0	2	0	1	1	0	0	1	0	9.98
1	0	0	0	1	1	0	273.0	0	0	0	0	0	1	1	1	0	0	0	0	9.35
1	0	0	2	0	1	0	214.8	0	0	1	0	0	0	1	2	0	0	0	1	7.41
0	2	0	0	0	1	0	415.2	0	1	1	0	0	0	0	1	1	1	1	1	14.09
0	0	0	0	0	1	0	150.9	0	0	0	0	2	0	1	2	0	0	1	0	5.28
0	0	0	2	0	1	0	147.9	0	0	0	0	0	0	1	0	0	0	0	1	5.18
0	0	0	2	0	1	0	253.5	0	0	0	0	0	0	2	1	0	1	1	0	8.7
1	0	0	0	0	0	0	350.7	0	0	0	0	0	1	2	0	0	0	1	2	11.94
0	0	0	2	0	1	1	437.1	1	0	0	0	0	2	1	1	0	0	0	1	14.82
0	1	0	2	1	0	0	24.0	0	0	0	0	1	0	0	0	0	1	0	0	1.05
0	2	0	2	0	0	0	435.9	0	0	0	0	0	1	0	1	0	0	1	0	14.78
1	0	0	1	0	0	0	107.4	1	0	0	0	1	1	1	0	1	0	0	1	3.83
0	1	0	2	0	1	0	141.6	0	0	0	0	1	0	1	0	1	1	0	0	4.97
1	2	0	1	0	0	0	476.7	0	0	0	0	1	0	0	0	1	1	0	0	16.14
0	0	0	0	0	0	0	384.6	1	0	0	0	0	1	1	0	1	0	1	1	13.07
0	0	0	0	0	0	0	384.0	0	0	1	0	1	1	0	1	0	0	0	0	13.05
2	1	1	0	1	1	0	31.5	0	0	1	0	0	1	0	0	0	0	0	0	1.3
2	1	0	1	1	0	0	31.8	0	0	0	0	0	0	1	0	0	1	0	0	1.31
1	1	0	0	0	2	0	81.3	0	0	0	0	1	0	0	0	0	0	0	0	2.96
1	0	0	0	0	0	0	50.7	1	0	1	0	0	0	0	0	0	1	1	0	1.94
1	0	0	0	0	1	0	14.7	0	0	1	0	0	1	1	1	0	1	1	0	0.74
2	0	0	1	0	0	0	49.8	0	0	0	0	0	0	0	0	0	0	1	0	1.91
1	0	0	1	0	0	1	391.2	0	0	0	0	1	0	1	0	1	0	1	0	13.29
1	0	0	0	0	0	0	141.3	0	0	1	0	2	1	2	1	1	1	0	0	4.96
0	1	0	1	0	0	0	116.4	0	0	1	0	1	2	2	0	0	1	0	1	4.13
1	2	0	1	0	0	0	225.3	0	0	0	0	1	1	2	1	1	0	0	0	7.76
0	1	0	1	0	0	0	27.0	0	0	0	0	0	1	2	1	0	0	0	1	1.15
1	1	0	2	0	0	1	339.0	0	1	0	0	0	1	1	0	0	0	0	0	11.55
1	0	0	1	0	0	0	136.2	0	1	0	0	0	0	0	0	0	0	1	1	4.79
1	0	0	2	1	1	0	211.5	0	1	0	1	0	0	0	1	0	0	1	1	7.3
0	0	0	1	0	1	1	148.8	0	0	0	0	2	0	0	1	1	0	0	0	5.21
0	1	0	1	1	1	0	390.3	1	0	0	0	1	0	1	0	0	1	0	0	13.26
1	0	0	2	1	1	0	276.6	0	0	0	0	1	0	1	0	0	0	0	0	9.47
2	0	0	0	0	1	1	475.8	0	0	0	0	0	0	0	1	2	1	0	0	16.11
0	0	0	1	0	1	0	392.7	0	0	0	0	1	1	1	1	1	0	1	0	13.34
0	0	0	1	0	0	1	84.9	0	0	0	0	1	1	1	0	0	0	1	0	3.08
0	0	1	0	0	0	0	328.8	0	1	0	0	1	1	0	0	0	0	0	0	11.21
1	0	0	2	0	0	0	274.2	0	0	0	0	0	1	1	0	0	2	0	0	9.39
0	0	0	0	0	1	0	335.4	1	1	1	0	0	0	0	0	0	0	0	1	11.43
0	1	0	1	0	2	0	420.9	1	0	2	0	1	2	0	1	0	1	2	1	14.28
0	0	0	0	0	0	0	480.3	0	0	2	0	0	0	1	0	1	1	1	1	16.26
2	0	0	1	1	0	1	438.0	0	0	0	0	0	1	0	0	0	1	1	0	14.85
0	0	0	1	0	1	0	269.4	0	0	0	0	1	0	0	1	0	1	1	1	9.23
1	1	0	1	0	0	0	452.4	0	0	0	0	1	0	0	0	0	1	0	1	15.33
1	1	0	0	0	1	0	470.1	0	1	0	0	0	0	0	1	0	0	0	1	15.92
1	1	0	2	0	1	0	77.7	0	0	1	0	0	1	2	0	0	0	1	1	2.84
1	1	0	1	0	0	0	213.0	0	1	1	0	0	0	1	0	1	0	0	0	7.35
1	0	0	0	0	0	0	475.5	0	1	0	0	2	0	1	0	0	0	1	0	16.1
2	1	0	1	0	0	1	24.6	1	0	0	0	1	2	0	1	1	0	0	0	1.07
0	1	0	1	0	1	0	193.5	1	0	0	0	1	1	1	0	1	0	0	0	6.7
2	0	0	0	0	2	0	115.5	0	0	0	0	1	0	1	0	0	2	0	1	4.1
2	0	0	2	0	0	1	7.2	0	0	0	0	0	0	0	1	0	1	1	0	0.49
1	0	0	0	1	1	0	385.2	0	1	0	0	2	1	1	1	0	0	0	0	13.09
2	0	0	1	0	0	0	424.8	1	0	0	0	2	0	1	1	0	0	0	0	14.41
0	0	0	1	0	0	0	326.4	0	0	1	0	2	1	2	0	2	0	1	1	11.13
1	1	0	1	0	0	0	423.3	0	1	0	0	1	1	1	1	0	0	0	0	14.36
0	0	0	1	1	0	0	17.1	0	0	0	0	1	1	1	1	0	0	0	1	0.82
1	1	0	1	0	0	0	125.4	0	0	1	0	0	1	0	1	1	1	0	0	4.43
1	1	0	1	0	1	0	94.2	1	0	0	0	0	1	2	0	0	0	0	0	3.39
1	1	0	1	0	0	1	455.4	0	0	0	0	0	2	1	1	1	1	0	0	15.43
0	1	0	2	1	0	0	30.3	0	0	0	0	0	2	1	0	1	0	1	1	1.26
1	1	0	2	0	0	0	59.7	0	0	0	0	0	0	2	1	0	0	0	0	2.24
0	0	0	1	1	0	0	85.8	0	1	0	0	1	0	1	0	0	0	0	0	3.11
2	1	0	0	0	1	1	189.3	0	1	0	0	2	0	0	1	1	0	0	0	6.56
1	1	0	1	1	1	0	259.8	0	1	1	0	2	1	2	0	1	0	0	1	8.91
0	2	0	1	0	2	0	117.6	0	0	0	0	0	0	2	0	0	0	0	1	4.17
1	0	0	0	0	0	0	246.9	0	0	0	0	2	1	1	1	1	1	0	1	8.48
2	1	0	1	0	1	0	190.5	0	0	0	1	2	0	1	0	1	0	0	0	6.6
1	0	0	0	0	0	0	147.3	0	0	0	0	0	1	2	1	0	1	1	0	5.16
2	0	0	0	1	0	0	459.0	1	0	1	0	0	1	1	0	1	0	0	0	15.55
1	0	0	1	0	1	0	215.7	0	0	0	0	0	0	1	0	0	0	2	0	7.44
0	0	0	0	0	0	0	82.5	0	0	1	0	1	1	1	1	0	2	0	0	3.0
0	0	0	0	0	0	1	250.5	0	0	0	0	1	0	2	1	1	0	0	0	8.6
1	1	0	2	0	0	0	178.8	0	0	1	0	0	0	1	1	1	0	0	0	6.21
0	1	0	2	0	1	0	473.7	0	0	0	0	0	1	2	1	0	0	2	0	16.04
0	1	0	1	0	0	0	460.5	2	0	0	0	1	1	1	0	1	0	1	1	15.6
1	1	0	1	0	1	0	409.8	1	0	0	0	0	1	1	0	0	0	0	0	13.91
0	0	0	2	1	0	0	373.2	0	0	0	0	1	0	0	0	0	1	1	1	12.69
1	1	0	1	1	0	0	361.5	0	0	1	0	1	0	1	0	1	1	0	0	12.3
0	0	0	1	0	2	0	334.2	1	0	1	0	2	1	2	0	0	0	0	2	11.39
1	0	0	1	0	0	0	203.7	0	0	0	0	1	0	1	0	1	0	1	0	7.04
0	0	0	1	0	0	0	247.8	0	0	0	0	1	0	0	0	0	1	1	0	8.51
1	0	0	0	0	1	1	194.7	0	0	0	0	0	1	0	1	0	1	1	0	6.74
0	0	0	1	0	0	0	16.5	0	0	0	0	0	1	1	0	0	0	0	0	0.8
1	0	0	0	0	1	1	471.0	1	0	0	0	1	0	0	0	0	0	0	0	15.95
1	0	0	0	0	1	0	60.9	0	0	0	0	0	0	1	0	0	0	0	1	2.28
2	0	0	2	0	1	0	17.4	0	0	0	0	0	1	2	1	0	0	1	1	0.83
0	0	0	1	0	1	0	325.5	0	0	0	0	0	0	0	1	0	0	0	1	11.1
0	0	0	1	1	0	0	204.9	0	0	0	0	0	0	2	1	1	2	1	0	7.08
1	1	0	1	0	0	0	127.5	0	0	0	0	1	2	1	0	1	0	0	0	4.5
1	0	0	0	0	0	0	110.4	0	0	0	0	1	1	0	0	0	1	0	0	3.93
0	1	0	0	0	2	0	447.9	0	0	1	0	0	0	1	1	2	0	1	0	15.18
1	0	0	1	0	1	1	359.4	0	1	0	0	1	0	0	0	0	1	0	0	12.23
1	1	0	0	0	1	0	314.4	0	0	0	1	2	1	1	0	0	0	0	0	10.73
0	0	0	0	0	0	0	87.9	0	0	0	0	0	2	0	1	1	1	0	0	3.18
1	1	0	0	0	0	0	301.5	0	0	0	1	1	0	1	0	2	0	1	0	10.3
1	1	0	2	0	1	0	434.1	1	0	0	0	1	1	1	0	0	0	0	0	14.72
2	1	0	2	0	1	0	407.1	0	0	0	1	0	0	1	1	0	0	0	0	13.82
0	1	0	2	0	0	0	304.5	2	0	0	0	1	0	0	0	0	1	1	0	10.4
1	0	0	1	0	0	0	179.4	1	0	0	0	1	0	1	0	1	0	0	0	6.23
1	0	0	0	0	0	0	12.0	0	0	0	0	2	1	1	0	1	0	0	1	0.65
1	0	0	0	2	1	0	320.1	0	0	0	0	2	0	0	0	0	1	1	1	10.92
1	0	0	1	0	0	0	191.1	1	0	0	0	0	0	1	0	2	1	1	1	6.62
1	0	0	1	0	0	0	424.2	0	0	0	1	1	0	1	0	0	1	1	1	14.39
0	0	0	0	0	0	1	202.5	1	1	0	0	2	0	0	0	0	1	0	1	7.0
1	0	0	2	0	1	0	319.2	0	0	1	0	0	1	0	0	0	0	1	1	10.89
1	0	0	0	0	1	0	155.1	0	0	0	0	0	0	2	1	0	0	0	1	5.42
0	0	0	0	0	0	1	58.5	0	1	1	0	1	0	0	1	0	1	0	2	2.2
2	1	0	0	1	0	0	307.8	0	0	0	1	0	2	0	1	0	0	1	0	10.51
1	0	0	1	1	0	0	364.5	1	0	0	0	1	1	1	0	1	0	0	0	12.4
1	1	0	0	0	2	0	396.9	0	1	0	0	1	1	0	1	0	0	0	0	13.48
1	0	0	2	0	0	0	222.3	0	0	0	1	1	1	2	2	0	0	1	1	7.66
0	0	1	1	1	0	0	226.2	0	0	0	1	1	0	2	0	0	1	0	0	7.79
2	0	0	1	0	0	0	181.5	0	1	0	0	0	1	0	1	0	0	1	0	6.3
1	1	0	0	0	0	0	370.2	0	0	2	0	0	1	1	1	1	1	0	0	12.59
0	0	0	0	0	0	0	198.3	0	0	0	0	1	1	0	0	0	0	0	0	6.86
0	0	0	1	0	0	0	363.0	0	0	1	0	0	1	1	0	1	0	0	0	12.35
1	2	0	2	0	1	0	353.1	0	0	1	0	1	0	1	0	0	1	0	0	12.02
1	0	0	1	0	0	0	373.5	0	0	0	1	0	1	0	1	1	1	1	2	12.7
1	0	0	0	0	0	0	239.1	0	0	0	1	1	0	1	0	0	1	1	1	8.22
1	1	0	2	0	1	0	248.1	0	0	0	0	0	2	0	0	0	0	1	0	8.52
1	1	0	2	0	1	0	456.6	0	0	1	0	0	0	1	0	0	0	0	0	15.47
1	0	0	1	0	0	0	86.1	2	1	0	0	0	1	0	1	1	1	1	1	3.12
1	0	0	1	0	0	0	236.7	0	0	0	0	0	0	2	0	0	0	0	0	8.14
0	1	0	0	0	1	0	197.1	0	0	0	1	0	0	0	0	1	0	0	1	6.82
1	1	0	0	1	0	0	293.7	0	0	0	0	2	0	1	1	0	0	0	0	10.04
1	0	0	1	1	0	0	169.8	1	1	0	0	0	1	1	0	1	0	1	0	5.91
1	1	0	2	0	0	0	377.4	0	1	1	0	0	2	1	0	0	0	0	0	12.83
1	1	0	1	0	0	0	36.9	1	0	0	0	0	1	0	0	0	0	0	1	1.48
1	1	0	1	0	1	0	296.7	1	0	0	0	0	0	1	0	1	0	0	1	10.14
1	0	0	2	0	1	0	368.4	0	0	1	0	1	0	2	1	1	1	1	1	12.53
1	1	0	1	0	0	0	106.5	0	0	1	0	1	1	2	1	1	0	1	0	3.8
1	0	0	2	0	0	0	316.8	1	1	0	0	1	1	1	0	1	1	0	0	10.81
1	1	0	0	0	1	0	302.7	0	0	0	1	0	0	2	0	1	0	1	0	10.34
0	0	0	2	0	0	1	237.0	1	1	0	0	1	1	2	0	0	0	1	1	8.15
0	1	0	1	0	0	0	291.3	1	0	0	0	0	0	0	0	0	1	0	0	9.96
1	0	0	0	0	0	0	285.3	1	0	0	0	0	0	0	0	0	0	1	1	9.76
0	0	0	2	0	0	0	306.9	0	0	0	0	0	1	0	1	0	1	0	0	10.48
1	0	0	1	0	0	0	372.0	0	0	1	0	1	1	2	1	1	1	1	1	12.65
1	1	0	2	0	0	1	303.0	1	0	0	0	1	1	0	2	1	0	0	0	10.35
1	1	0	0	0	1	0	346.8	0	0	1	0	0	0	1	0	0	1	0	0	11.81
1	0	0	2	0	0	0	187.2	0	0	0	0	0	0	1	0	0	0	0	0	6.49
1	1	0	1	0	0	0	102.9	0	0	1	0	1	0	0	1	0	0	0	0	3.68
1	1	0	1	0	1	0	207.3	0	0	0	0	1	0	2	0	0	1	0	1	7.16
1	1	0	0	0	1	0	370.8	0	0	0	1	1	1	2	1	1	1	0	0	12.61
0	1	0	0	0	0	0	78.6	1	1	1	0	1	1	1	0	0	0	1	0	2.87
0	0	0	0	0	1	0	409.2	0	0	1	0	1	0	2	0	0	0	0	0	13.89
1	1	0	1	0	1	0	452.1	0	0	0	0	1	0	1	1	1	0	0	1	15.32
2	1	0	2	0	0	0	38.7	0	0	1	1	1	1	2	0	0	0	0	0	1.54
2	0	0	1	0	0	0	383.1	0	0	2	0	1	0	1	0	1	1	0	0	13.02
0	0	0	0	0	0	0	462.9	0	1	0	0	2	1	1	0	1	1	1	1	15.68
0	0	0	1	1	0	0	393.0	0	0	0	0	1	0	1	0	0	1	1	0	13.35
1	1	0	0	0	0	0	217.5	0	0	0	1	0	1	2	1	0	0	0	0	7.5
2	0	0	2	0	1	0	19.5	0	0	1	0	1	0	0	0	0	0	1	0	0.9
2	1	0	1	0	0	0	364.8	0	1	0	0	1	1	0	0	1	0	0	0	12.41
0	0	0	1	0	1	0	365.4	0	0	0	0	1	1	1	0	0	0	0	1	12.43
0	0	1	0	0	1	0	351.0	0	0	0	0	0	1	2	0	0	1	1	0	11.95
0	0	0	0	0	2	0	182.1	0	0	0	1	1	1	1	0	0	0	0	0	6.32
0	1	0	1	0	0	0	149.1	0	0	1	0	0	1	0	0	0	0	1	0	5.22
1	1	0	1	0	0	0	252.3	0	0	1	0	1	1	1	1	0	1	1	0	8.66
0	0	1	1	0	1	0	291.6	0	0	1	0	1	0	0	0	0	1	0	0	9.97
2	1	0	1	0	1	0	46.2	0	1	0	0	2	0	2	0	0	0	0	0	1.79
0	0	0	1	0	0	0	444.3	0	0	0	0	1	1	1	1	1	1	0	2	15.06
0	1	0	1	0	2	0	157.8	0	0	0	0	0	1	1	0	0	0	1	1	5.51
0	0	0	1	0	0	1	225.9	0	1	1	0	0	2	2	2	1	1	1	0	7.78
0	0	0	0	0	0	0	83.4	1	0	0	0	1	0	0	0	0	0	0	0	3.03
0	1	0	0	0	1	0	310.2	0	0	1	0	0	0	0	0	0	0	0	1	10.59
0	0	0	1	0	1	1	304.8	0	1	0	0	1	1	2	0	1	2	1	0	10.41
1	2	0	2	0	2	1	61.8	0	0	1	0	2	0	0	1	0	0	0	1	2.31
0	0	0	1	0	0	0	290.7	0	0	0	0	1	0	0	0	0	0	0	1	9.94
1	0	0	1	0	0	1	189.9	1	1	0	0	1	1	0	0	0	0	0	0	6.58
0	1	0	1	0	0	0	478.2	0	0	0	0	0	0	1	1	0	1	1	1	16.19
1	1	0	1	0	0	0	449.1	0	0	2	0	0	0	0	0	1	0	0	1	15.22
1	1	0	1	0	0	0	195.3	0	0	0	1	1	1	1	0	0	1	0	2	6.76
0	0	0	1	0	1	0	397.8	0	0	0	0	0	1	1	1	2	0	0	0	13.51
1	0	0	1	0	0	0	281.1	1	0	0	0	2	0	0	0	2	0	0	0	9.62
1	0	0	0	0	1	0	94.8	0	0	1	0	0	0	0	0	0	0	0	0	3.41
0	1	0	1	1	0	0	295.5	0	0	0	0	1	0	1	0	0	1	0	0	10.1
1	0	0	1	0	1	0	462.6	1	0	0	0	0	0	0	0	1	0	0	0	15.67
0	0	0	1	0	1	0	212.1	0	0	1	0	1	1	0	0	1	0	0	0	7.32
0	1	0	1	0	0	0	143.7	0	0	0	0	1	1	1	0	0	2	0	0	5.04
0	1	0	1	1	1	1	263.4	0	0	1	0	1	1	1	1	0	1	1	0	9.03
0	0	0	1	0	0	0	9.0	0	1	0	0	2	1	0	0	2	1	1	1	0.55
0	0	0	1	0	1	0	454.5	1	0	0	0	0	0	0	1	1	0	1	0	15.4
1	1	0	1	0	0	0	282.0	0	0	0	0	1	0	2	0	0	0	0	1	9.65
0	0	0	0	0	1	0	311.7	0	0	0	0	0	0	1	0	0	1	0	0	10.64
0	0	0	0	0	0	0	43.5	0	0	0	0	0	1	0	0	0	0	0	0	1.7
1	0	0	1	1	0	0	270.9	0	0	1	0	0	2	2	1	0	0	0	0	9.28
2	0	0	2	0	0	0	205.5	0	0	0	0	0	1	2	1	0	1	0	1	7.1
2	0	1	2	0	0	1	153.9	1	0	0	0	0	1	2	0	0	0	0	0	5.38
0	1	0	2	0	0	0	59.4	0	0	0	0	0	1	0	0	0	0	0	1	2.23
1	0	0	1	0	0	0	245.1	1	1	1	0	0	1	1	0	1	0	0	1	8.42
1	2	0	1	1	0	0	332.4	0	0	1	0	0	0	2	1	1	1	0	1	11.33
1	0	0	1	0	0	0	52.2	0	0	0	0	0	0	2	1	1	0	0	0	1.99
0	0	0	1	0	1	0	99.6	1	0	0	0	1	1	1	2	0	1	0	0	3.57
0	0	0	1	0	0	0	251.7	0	0	0	0	0	1	1	0	0	1	0	0	8.64
0	1	0	1	0	0	0	419.7	0	0	1	0	0	0	1	0	0	1	0	0	14.24
2	1	0	0	0	0	1	143.1	0	0	1	0	0	1	2	0	1	2	0	1	5.02
0	0	0	1	0	0	0	408.9	1	0	2	0	0	0	0	1	0	1	0	1	13.88
0	0	0	2	0	1	0	363.6	0	0	1	0	0	1	2	1	0	0	1	0	12.37
0	0	0	1	1	0	0	224.4	0	0	0	0	1	0	1	0	1	1	0	0	7.73
1	1	0	0	1	0	0	91.8	1	0	0	0	1	1	1	1	0	0	0	0	3.31
2	0	0	1	1	0	1	245.4	0	0	0	0	1	1	1	0	0	1	0	0	8.43
2	0	0	0	0	0	0	443.1	1	0	0	0	1	1	2	0	0	0	0	0	15.02
1	1	0	1	0	0	0	103.5	0	0	1	0	2	0	0	1	0	1	1	1	3.7
0	0	0	0	0	1	0	152.4	0	0	0	1	0	0	1	0	0	0	0	0	5.33
0	0	0	0	0	2	0	380.4	0	0	0	0	1	2	1	0	1	1	1	1	12.93
0	0	0	1	0	0	0	117.3	1	0	0	0	0	0	1	2	0	0	0	1	4.16
1	0	0	1	0	0	0	188.1	0	0	0	0	0	0	2	1	1	0	0	0	6.52
0	1	0	1	1	0	0	405.9	0	1	1	0	0	1	1	0	1	0	0	1	13.78
0	0	0	1	0	0	0	116.1	1	0	0	0	0	1	1	2	0	1	1	1	4.12
0	0	0	2	0	1	0	450.9	0	0	1	0	0	1	1	0	1	0	1	0	15.28
0	0	0	1	1	0	0	108.3	0	0	0	0	1	0	0	0	1	0	1	0	3.86
0	0	0	0	1	0	0	374.1	0	0	1	0	1	0	0	1	1	1	1	0	12.72
1	0	0	1	1	1	0	118.8	0	0	0	0	1	0	1	0	0	0	0	1	4.21
1	0	0	1	1	0	0	212.4	0	0	0	0	1	1	1	0	1	0	1	0	7.33
0	0	0	1	0	0	1	18.3	0	0	0	0	0	0	1	0	1	1	1	0	0.86
0	0	0	1	0	0	0	32.4	0	0	0	0	0	0	2	0	1	1	0	0	1.33
0	1	0	2	0	1	0	289.5	0	0	0	0	1	2	1	1	1	0	1	1	9.9
2	0	0	1	0	1	0	29.1	0	0	1	1	0	0	1	2	1	1	1	1	1.22
1	2	0	0	0	1	0	453.0	0	0	0	0	0	1	0	0	0	0	1	0	15.35
1	1	0	0	0	1	0	37.2	0	0	0	0	1	0	0	0	1	0	1	2	1.49
0	2	0	1	0	0	0	236.4	0	1	0	0	0	1	2	1	1	1	2	1	8.13
0	0	0	0	0	0	0	84.3	0	1	0	0	1	0	2	0	0	0	0	0	3.06
1	1	0	1	0	0	0	473.4	0	0	0	0	1	0	1	0	0	1	1	1	16.03
0	0	0	1	0	1	1	366.6	0	0	0	1	1	1	1	0	1	1	1	0	12.47
0	1	0	2	0	1	1	477.9	1	0	0	0	1	1	1	2	0	0	0	0	16.18
2	0	0	1	0	0	0	159.3	0	0	0	0	1	1	1	0	0	0	1	1	5.56
0	1	0	1	0	0	0	155.4	1	0	0	0	1	0	0	0	0	0	1	0	5.43
0	0	0	0	0	0	0	321.9	0	0	1	0	1	0	0	1	1	1	0	0	10.98
1	0	0	2	0	0	1	170.4	1	0	0	1	1	0	0	0	0	0	1	0	5.93
0	0	0	1	0	0	0	93.9	0	0	0	0	1	1	1	1	1	1	0	0	3.38
0	0	0	0	0	1	0	160.2	0	0	0	0	0	2	1	0	0	0	1	2	5.59
0	0	0	2	0	0	0	111.6	0	1	0	0	1	0	1	0	0	0	0	1	3.97
0	1	0	2	0	0	0	347.1	0	0	1	0	0	0	0	0	1	0	2	1	11.82
0	0	0	0	0	2	0	194.1	0	0	0	0	0	1	1	0	2	0	0	0	6.72
0	1	0	2	1	1	0	109.8	0	0	1	0	1	1	1	0	1	0	1	1	3.91
2	0	0	1	0	1	0	48.6	1	0	0	0	0	0	0	0	0	0	0	0	1.87
2	1	0	0	0	1	0	336.3	0	1	0	0	0	1	1	1	1	1	0	1	11.46
0	0	0	1	0	1	0	244.5	0	0	0	0	1	0	0	0	0	0	0	2	8.4
1	0	0	0	0	0	1	465.0	1	0	0	0	1	0	0	0	0	0	1	1	15.75
1	0	0	0	0	0	0	400.8	0	0	0	0	1	0	1	1	0	0	1	0	13.61
1	1	0	1	0	1	0	144.9	0	0	0	0	0	0	1	0	1	0	2	2	5.08
0	0	0	1	0	1	1	35.1	0	1	0	0	0	1	2	1	1	1	1	1	1.42
0	0	0	1	0	2	0	256.5	0	0	0	0	1	0	2	2	0	0	0	0	8.8
1	0	0	1	0	0	1	192.3	0	0	0	0	0	0	2	0	0	0	0	0	6.66
0	1	0	2	0	0	0	334.5	0	0	0	0	0	1	1	1	0	0	0	1	11.4
2	1	0	0	0	1	0	308.7	1	0	1	0	1	2	2	1	1	0	0	1	10.54
1	2	0	1	0	1	0	362.7	0	0	0	0	1	0	0	1	0	0	0	1	12.34
0	0	0	0	0	1	0	194.4	1	0	0	0	1	0	0	0	0	0	0	0	6.73
0	2	0	1	0	1	1	117.0	0	0	0	0	0	0	0	0	0	0	1	1	4.15
1	1	0	1	0	1	0	195.9	0	2	0	1	1	1	0	1	1	0	1	1	6.78
0	0	0	1	0	1	0	121.5	1	1	0	0	1	0	1	1	0	1	0	0	4.3
2	0	0	0	0	2	0	86.4	0	0	0	0	0	1	1	0	0	0	0	1	3.13
2	0	0	1	1	2	1	477.0	0	0	0	0	1	0	1	0	1	0	0	0	16.15
1	1	0	1	1	0	0	13.8	0	0	1	0	0	1	1	1	0	0	2	1	0.71
0	1	0	2	0	0	1	411.0	0	2	0	0	1	1	1	0	0	0	0	0	13.95
0	1	0	2	0	0	0	249.3	0	0	1	0	2	0	1	1	0	1	1	0	8.56
1	1	0	0	0	1	0	318.0	0	0	0	0	1	1	1	0	0	1	0	0	10.85
1	0	0	1	0	0	0	367.5	0	0	0	0	1	2	0	0	1	0	1	2	12.5
1	0	0	2	0	1	0	387.6	0	0	0	1	1	0	1	0	1	0	0	0	13.17
0	0	0	1	0	0	0	472.2	1	0	0	0	0	0	2	0	0	0	1	1	15.99
1	0	0	1	0	0	1	415.8	0	2	2	0	2	1	1	0	1	1	0	0	14.11
1	0	0	1	0	1	0	337.2	1	0	1	0	0	1	0	0	0	0	0	0	11.49
0	0	0	1	0	0	0	342.0	0	0	0	0	1	0	1	1	0	1	1	0	11.65
0	0	0	2	0	0	0	114.0	0	2	0	0	1	1	1	0	0	1	0	0	4.05
0	1	0	1	0	0	0	137.7	0	0	0	0	0	1	0	1	0	0	1	0	4.84
1	0	1	0	0	0	0	193.8	0	0	0	0	0	1	0	0	0	0	0	0	6.71
2	0	0	2	2	1	0	246.3	2	0	0	0	1	1	0	2	0	0	0	0	8.46
0	0	1	1	0	0	0	90.3	1	0	0	0	2	1	2	0	0	0	0	2	3.26
2	0	0	0	0	0	0	262.2	0	0	0	0	1	1	1	0	0	1	1	0	8.99
2	0	0	0	0	0	1	320.4	0	0	0	0	2	0	0	1	0	2	0	0	10.93
0	1	0	0	0	0	1	42.3	0	0	1	0	2	0	2	1	0	0	0	0	1.66
2	0	1	0	0	0	0	440.7	0	1	0	0	1	0	0	0	0	1	1	0	14.94
0	1	0	1	0	0	0	114.3	0	0	0	0	0	0	0	1	0	1	0	1	4.06
1	0	0	1	0	0	0	288.6	0	0	1	0	1	0	1	0	1	1	0	0	9.87
0	1	0	1	0	1	0	229.2	0	0	0	2	0	0	0	0	0	0	0	0	7.89
0	0	0	0	0	0	0	406.2	0	0	0	0	1	0	0	0	0	1	0	1	13.79
2	0	0	1	0	0	0	440.1	0	0	0	0	1	0	2	0	1	0	2	1	14.92
1	0	0	1	0	1	0	405.3	0	0	0	0	1	0	1	0	1	1	0	1	13.76
1	0	0	1	0	0	0	73.2	0	0	0	0	1	0	2	0	1	0	0	0	2.69
0	0	0	1	0	0	0	284.1	0	0	0	0	0	1	1	0	1	1	0	0	9.72
0	1	1	1	0	0	0	369.9	0	0	0	0	1	1	1	2	2	2	0	1	12.58
0	0	0	1	0	0	0	100.5	1	1	1	0	0	1	1	1	1	0	2	0	3.6
1	0	0	1	0	1	0	107.7	1	0	0	1	1	0	0	2	0	0	0	0	3.84
0	0	0	2	0	0	0	181.8	0	0	0	0	2	0	1	0	0	0	0	1	6.31
0	0	0	1	0	1	0	345.0	0	0	0	0	1	1	1	0	0	0	0	0	11.75
0	0	0	1	0	1	0	122.4	0	0	0	0	0	0	1	1	0	1	1	1	4.33
0	0	0	1	0	1	0	178.5	0	0	1	0	1	1	2	0	1	2	0	1	6.2
2	2	0	1	0	1	0	368.1	0	0	0	0	0	1	2	0	0	0	0	0	12.52
1	0	0	2	0	0	0	286.2	0	0	1	0	1	1	2	0	0	0	0	1	9.79
2	0	0	1	1	0	0	449.4	0	0	0	0	1	0	0	0	0	1	1	0	15.23
1	0	0	1	0	1	1	129.6	0	0	0	1	2	0	0	0	0	0	0	2	4.57
0	0	0	1	0	0	0	171.0	1	0	0	0	1	2	0	1	1	1	1	1	5.95
1	0	0	2	1	0	0	201.9	2	0	0	0	0	1	1	0	1	1	0	1	6.98
0	1	0	0	0	1	1	337.8	0	0	0	1	0	2	1	0	0	0	1	1	11.51
2	0	0	0	0	0	1	377.1	1	0	1	0	0	1	1	0	0	0	0	1	12.82
1	1	0	1	0	1	0	280.2	0	0	1	0	1	1	1	1	1	0	0	0	9.59
0	0	0	2	0	0	0	65.4	0	1	0	0	1	1	0	0	0	1	0	0	2.43
0	0	0	2	0	2	1	376.5	0	0	0	0	1	1	2	0	0	0	0	0	12.8
0	2	0	1	0	1	0	135.3	2	0	1	0	2	0	1	1	1	1	2	1	4.76
0	0	0	1	0	0	0	45.6	0	0	0	0	0	1	1	0	0	0	1	0	1.77
2	0	0	1	0	0	1	354.6	1	0	0	0	1	0	1	1	0	1	0	0	12.07
1	0	0	2	0	0	1	69.6	0	0	0	0	1	1	1	0	0	1	0	1	2.57
0	0	0	1	0	0	0	228.6	1	0	0	0	1	0	0	1	1	1	2	0	7.87
0	0	0	2	0	1	0	233.4	0	0	1	0	1	1	1	0	1	1	1	1	8.03
1	0	0	0	0	1	0	105.9	0	2	0	0	1	0	2	0	1	0	1	0	3.78
1	1	0	1	0	0	0	450.6	0	1	0	0	1	1	0	0	1	0	1	1	15.27
1	1	0	1	0	0	0	137.4	0	0	0	0	0	1	1	0	1	0	0	0	4.83
1	0	0	2	1	0	0	5.1	0	0	1	0	0	1	1	1	2	0	1	0	0.42
1	0	0	1	0	2	0	242.4	1	0	0	0	1	1	2	0	0	0	0	0	8.33
2	0	0	2	0	0	0	27.6	0	0	0	0	0	0	1	1	0	0	0	0	1.17
0	1	0	1	0	1	1	468.6	0	0	0	0	1	1	0	0	1	1	0	0	15.87
0	0	0	0	2	0	0	324.6	0	0	0	1	0	0	0	0	1	1	1	0	11.07
1	1	0	1	0	0	0	9.9	0	1	0	0	0	1	0	2	1	0	0	0	0.58
0	0	0	2	0	1	0	137.1	0	0	0	0	0	1	1	0	0	0	0	0	4.82
0	0	0	1	1	0	0	169.5	0	0	1	0	1	0	0	0	0	1	1	0	5.9
0	0	0	2	0	1	0	420.0	1	0	0	0	0	1	0	1	1	1	1	0	14.25
0	1	0	0	0	0	0	11.7	0	0	1	0	1	1	0	0	0	0	2	0	0.64
0	0	0	2	1	0	0	267.3	0	0	1	0	0	0	1	0	0	0	1	1	9.16
1	1	0	2	0	0	1	466.5	1	0	0	0	1	1	1	1	0	0	0	0	15.8
2	0	0	0	0	1	0	476.1	0	1	0	0	1	1	0	1	2	0	1	1	16.12
0	2	0	1	0	0	1	230.4	0	0	0	0	0	0	1	0	0	0	1	1	7.93
0	1	0	0	2	0	0	312.3	0	0	0	0	1	1	0	2	0	0	0	0	10.66
0	1	0	1	0	1	0	315.9	0	0	0	1	0	1	0	1	0	0	0	1	10.78
2	0	0	1	0	0	0	111.3	1	1	0	0	0	0	1	1	0	1	0	0	3.96
0	0	0	1	1	0	0	99.9	0	0	1	0	0	0	1	0	1	0	1	0	3.58
2	1	0	1	1	0	0	89.1	0	0	0	0	1	0	1	1	2	1	0	1	3.22
1	0	0	0	0	1	0	387.3	1	0	0	0	1	1	1	0	0	0	0	0	13.16
0	0	0	1	1	1	0	142.5	0	0	0	0	1	2	1	1	0	0	0	0	5.0
1	0	0	0	0	1	0	343.8	0	1	0	0	1	1	1	0	2	0	0	1	11.71
2	0	0	1	1	1	0	440.4	1	1	1	0	0	0	1	1	0	1	1	0	14.93
1	1	0	1	0	2	0	19.8	0	0	0	0	0	1	0	0	1	0	0	1	0.91
1	0	0	2	0	2	0	93.6	1	0	0	0	0	1	1	0	0	0	0	0	3.37
1	1	0	0	0	0	0	199.5	1	1	0	0	0	0	1	0	0	1	0	0	6.9
0	0	0	0	0	1	0	174.3	0	0	0	0	1	0	0	0	0	0	0	0	6.06
1	0	0	2	0	2	0	272.4	0	0	1	0	1	0	1	2	0	0	0	0	9.33
1	0	0	0	1	0	0	140.1	0	0	0	0	0	0	2	1	0	0	0	0	4.92
1	0	0	1	1	1	1	305.7	0	0	1	0	1	0	2	0	2	1	1	1	10.44
2	0	0	0	0	1	0	365.7	1	0	1	0	1	1	0	0	0	0	1	1	12.44
0	0	0	0	0	1	0	376.8	1	0	0	0	2	1	0	1	0	0	1	1	12.81
1	1	0	2	1	0	0	411.3	0	0	0	0	0	1	1	1	0	0	0	0	13.96
1	0	0	0	0	0	0	113.1	0	0	0	0	1	0	0	1	1	0	0	0	4.02
1	0	0	1	0	0	1	257.7	1	1	0	0	1	0	0	0	1	0	1	0	8.84
2	1	0	2	0	0	1	197.4	0	0	0	0	2	1	1	0	0	1	0	1	6.83
0	0	0	1	0	0	0	96.6	1	1	1	0	0	1	0	2	0	0	1	1	3.47
1	1	0	2	1	0	0	39.0	1	0	0	0	1	0	1	1	1	0	1	1	1.55
2	1	0	1	1	1	0	260.4	0	0	0	0	0	1	2	0	1	0	1	0	8.93
2	1	0	1	0	0	0	90.6	1	1	0	0	0	0	1	0	0	0	0	0	3.27
1	0	0	0	0	1	0	315.3	1	0	0	1	0	1	1	1	1	2	0	2	10.76
1	1	0	1	0	0	0	314.1	1	0	0	0	0	1	1	0	1	0	0	0	10.72
1	1	0	0	0	1	0	404.1	0	0	0	1	2	0	1	0	0	0	1	0	13.72
0	2	0	1	0	0	0	350.1	0	0	0	0	1	0	1	1	1	0	0	0	11.92
0	1	0	2	0	0	0	42.0	1	0	0	0	1	1	1	1	0	0	0	0	1.65
1	0	0	1	0	0	0	10.8	1	0	0	0	1	0	2	0	0	0	1	1	0.61
0	0	0	1	0	0	0	332.1	1	0	0	0	0	1	0	0	1	1	0	1	11.32
0	2	0	0	2	0	0	50.4	0	0	0	0	1	0	2	1	0	0	0	0	1.93
1	0	0	2	0	0	0	154.8	0	0	0	0	0	0	1	2	0	1	1	0	5.41
0	0	0	2	1	1	0	431.4	0	0	0	0	0	0	1	2	1	1	0	0	14.63
2	0	0	1	0	0	0	366.3	0	0	0	0	0	1	1	0	0	0	1	1	12.46
0	0	0	1	0	0	0	153.6	0	0	0	0	0	0	0	0	1	0	0	0	5.37
1	0	0	1	1	1	0	261.3	0	0	0	0	0	0	1	0	0	1	0	1	8.96
1	0	0	0	0	0	0	113.4	0	1	0	0	0	1	0	1	0	0	0	1	4.03
0	0	1	1	1	2	0	435.3	0	1	2	0	0	1	0	0	1	0	1	0	14.76
1	0	0	1	0	0	0	354.3	1	0	0	0	1	1	2	0	0	0	0	0	12.06
2	0	0	2	0	0	0	199.8	0	0	0	0	1	0	1	0	0	1	0	0	6.91
1	0	0	0	0	0	1	156.9	0	0	0	0	1	1	2	0	1	0	0	1	5.48
0	0	0	1	0	0	0	189.0	1	0	0	0	1	1	2	0	0	0	1	1	6.55
1	0	0	1	0	1	0	286.8	0	0	0	0	0	0	1	2	0	0	0	0	9.81
2	0	0	2	1	0	0	177.0	0	0	0	0	1	0	1	0	2	1	1	1	6.15
2	0	0	0	0	0	1	73.8	0	0	0	0	1	0	1	1	1	0	1	0	2.71
1	1	0	1	1	1	0	84.6	0	1	0	0	1	2	1	0	0	0	1	1	3.07
0	0	0	0	1	1	1	228.3	0	0	0	0	1	2	1	1	0	0	1	0	7.86
2	0	0	1	0	1	0	320.7	0	0	0	0	1	0	1	0	2	2	0	1	10.94
2	0	0	0	1	1	0	223.8	1	0	0	0	0	1	1	0	0	1	0	0	7.71
0	0	0	1	0	1	0	115.8	0	1	0	1	1	0	1	0	0	2	0	1	4.11
0	1	0	0	0	0	0	91.2	1	1	1	1	0	1	2	0	0	0	1	0	3.29
1	1	0	2	1	1	0	13.2	0	0	0	0	0	1	2	1	0	1	0	0	0.69
0	0	0	2	0	1	0	176.4	0	1	0	0	1	0	0	1	0	0	0	0	6.13
1	0	0	0	0	0	1	130.8	0	0	0	0	1	0	0	0	1	0	0	0	4.61
0	0	0	2	2	0	0	172.5	0	0	1	0	0	2	2	1	1	1	1	0	6.0
1	1	0	1	0	1	0	470.7	0	0	0	0	1	0	1	0	0	1	0	0	15.94
1	0	0	0	0	0	0	219.9	1	0	0	1	1	2	1	1	0	0	0	0	7.58
1	0	0	1	1	2	0	327.6	0	0	0	0	0	1	0	1	0	0	0	1	11.17
1	1	0	1	1	1	1	348.9	0	0	1	0	2	1	0	0	0	0	1	0	11.88
1	0	0	1	0	1	0	353.7	0	1	0	0	1	0	1	0	0	1	0	0	12.04
0	0	0	1	0	1	0	123.9	0	0	1	0	1	1	0	1	0	1	2	0	4.38
2	1	0	0	0	0	0	357.3	0	0	1	0	2	0	0	0	1	0	0	1	12.16
0	0	0	0	0	1	0	91.5	0	0	0	0	0	1	0	0	0	0	1	1	3.3
0	1	0	1	0	0	0	115.2	0	0	0	0	1	0	1	0	0	0	0	1	4.09
0	2	0	0	0	1	0	66.6	0	0	0	0	1	0	0	0	0	1	1	0	2.47
0	0	0	2	0	1	0	222.0	0	0	0	0	1	0	0	0	0	0	0	0	7.65
0	1	0	0	0	1	1	78.0	0	0	0	0	0	1	2	0	0	2	1	1	2.85
2	0	0	0	0	0	0	254.1	0	0	0	0	1	2	1	1	0	0	0	0	8.72
1	1	0	1	0	1	0	246.6	0	0	0	0	1	1	1	2	0	0	1	0	8.47
1	0	0	2	0	0	0	42.9	0	0	0	0	0	0	1	1	0	0	0	0	1.68
0	0	0	2	0	2	0	102.6	0	0	0	0	0	0	1	0	0	2	0	1	3.67
1	1	0	0	1	2	0	143.4	0	0	0	0	1	1	2	0	1	1	0	0	5.03
0	0	0	1	0	0	0	94.5	1	0	1	0	1	1	0	0	0	1	1	1	3.4
1	0	0	0	0	1	0	430.8	0	0	0	0	2	1	0	0	1	0	1	1	14.61
1	0	0	0	1	0	0	220.5	0	0	0	0	1	0	0	0	1	0	2	0	7.6
2	0	0	1	0	0	0	292.8	0	0	0	0	1	1	0	0	0	1	1	1	10.01
0	1	0	0	0	2	0	427.2	0	0	0	0	1	0	1	0	1	0	0	0	14.49
2	0	0	1	0	0	0	481.8	1	0	0	0	2	1	1	1	0	0	1	0	16.31
1	1	0	2	0	0	0	248.7	1	0	1	0	1	1	1	0	0	0	1	0	8.54
1	1	0	0	0	1	0	20.1	1	0	0	0	1	2	1	0	0	0	0	1	0.92
1	0	0	2	0	0	0	270.3	0	0	0	0	0	0	0	0	2	0	0	1	9.26
1	0	0	1	0	1	0	471.9	0	0	0	0	2	0	2	1	0	0	0	2	15.98
0	0	0	2	0	0	0	110.7	0	0	0	0	0	0	2	0	0	0	2	1	3.94
1	0	0	1	0	0	0	168.9	0	0	1	0	1	1	1	0	1	0	1	0	5.88
1	1	0	1	1	1	1	421.5	1	0	0	0	1	0	1	0	0	1	1	1	14.3
1	0	0	1	0	0	0	414.9	0	1	0	0	2	0	1	1	0	0	0	1	14.08
2	1	0	0	0	2	0	285.6	0	0	0	0	1	1	0	1	0	0	0	0	9.77
0	0	0	1	1	0	0	41.1	0	0	0	0	1	0	0	0	0	1	0	0	1.62
0	1	0	1	0	2	0	346.5	0	1	0	0	2	1	1	1	1	1	0	1	11.8
2	1	0	0	1	1	0	17.7	0	0	0	0	1	0	1	0	1	0	0	1	0.84
1	0	0	2	0	0	0	476.4	0	0	2	0	0	1	1	1	0	0	0	0	16.13
0	0	0	1	0	0	0	309.3	0	0	0	0	1	1	0	0	0	0	1	1	10.56
1	1	0	2	0	0	0	27.9	0	0	0	0	0	0	1	0	1	0	0	0	1.18
0	1	0	2	0	0	0	267.6	0	0	0	0	0	0	0	0	0	0	1	1	9.17
2	0	0	0	0	0	0	51.0	0	0	2	0	0	1	1	0	0	0	0	0	1.95
1	0	0	0	1	1	0	154.5	0	0	0	0	1	1	2	1	1	1	0	0	5.4
1	1	0	1	0	1	0	201.3	0	1	0	0	1	1	0	1	0	1	1	0	6.96
1	1	0	0	0	0	1	334.8	0	0	0	0	1	0	2	0	0	0	1	0	11.41
1	1	0	1	0	0	0	394.8	1	1	0	0	0	0	0	0	0	1	0	1	13.41
1	0	0	2	0	1	0	183.6	0	0	0	0	0	1	1	0	0	0	0	0	6.37
1	1	0	1	0	2	0	360.9	0	1	0	1	1	1	1	0	0	0	0	0	12.28
0	0	0	2	2	0	0	248.4	0	0	0	0	1	0	1	0	0	0	0	0	8.53
1	1	0	0	0	1	0	186.9	0	0	0	0	0	1	1	1	0	1	0	0	6.48
1	0	0	1	0	0	0	457.8	1	0	0	0	0	0	0	1	0	1	1	1	15.51
0	0	0	2	1	1	0	75.9	0	0	0	0	2	1	0	0	0	0	0	0	2.78
2	1	0	1	0	0	0	70.8	1	1	0	0	0	2	0	2	1	0	1	1	2.61
1	1	0	0	0	0	0	131.1	0	0	0	0	1	0	2	0	1	0	1	1	4.62
2	0	0	1	1	0	1	102.0	0	0	0	0	1	1	2	0	0	0	0	0	3.65
2	0	0	0	0	0	1	217.2	0	0	1	0	2	0	1	0	1	0	0	0	7.49
0	0	0	2	0	0	1	228.9	0	0	0	0	2	1	0	1	0	2	0	0	7.88
1	0	0	1	0	2	0	15.9	1	0	1	0	2	1	0	2	0	1	1	0	0.78
0	0	0	1	0	1	1	339.3	0	1	1	0	1	0	2	0	0	0	1	0	11.56
0	2	0	0	0	1	0	404.7	0	0	0	0	1	1	0	0	1	0	0	0	13.74
0	0	0	1	0	1	0	281.4	0	0	0	0	1	0	1	0	0	0	0	1	9.63
1	1	0	2	0	0	0	218.7	0	0	0	0	0	1	2	0	0	2	0	0	7.54
0	0	0	1	1	0	0	184.8	0	0	0	0	1	1	2	0	1	1	0	0	6.41
1	0	0	2	0	0	0	401.4	0	0	0	0	0	2	0	0	0	0	0	0	13.63
1	1	0	1	0	0	0	96.0	0	0	0	0	1	0	0	0	1	0	1	1	3.45
1	1	0	1	0	1	0	62.4	0	0	0	0	1	0	1	1	0	0	1	0	2.33
1	0	0	0	1	0	0	124.8	0	0	1	0	1	1	0	1	0	0	1	1	4.41
1	0	0	1	0	1	1	187.8	0	0	0	0	0	0	0	1	0	0	0	0	6.51
0	1	0	2	0	1	1	453.9	0	0	1	0	0	1	0	0	0	0	0	1	15.38
2	0	0	1	0	1	0	263.7	0	0	1	0	0	0	1	0	0	0	0	1	9.04
2	0	0	1	1	0	0	456.0	1	0	0	0	0	1	1	1	0	0	0	1	15.45
2	1	0	2	0	0	1	226.5	0	0	0	1	1	2	2	0	0	0	0	0	7.8
0	0	0	2	1	1	1	410.4	0	1	0	0	0	1	1	0	0	0	2	1	13.93
1	0	0	1	0	0	0	233.7	0	0	0	0	1	0	0	1	2	0	0	0	8.04
2	0	0	1	0	0	0	291.0	0	1	0	0	0	0	1	1	1	0	1	0	9.95
0	1	0	1	1	1	0	432.3	0	1	1	0	1	1	2	0	0	0	1	0	14.66
1	2	0	1	0	2	0	447.0	0	0	0	0	2	1	2	0	1	0	1	1	15.15
0	0	0	1	0	2	0	24.3	0	0	0	0	1	0	1	1	0	1	0	0	1.06
0	0	0	2	0	1	1	134.4	0	0	0	0	0	1	2	0	1	1	0	0	4.73
0	0	0	0	0	1	1	427.8	0	0	0	0	1	1	2	0	0	0	0	1	14.51
0	0	0	2	0	2	0	395.4	1	0	1	0	2	1	1	1	0	0	0	0	13.43
0	0	0	1	1	1	1	338.4	0	0	0	0	1	0	1	0	0	1	1	1	11.53
0	1	0	1	0	1	0	398.7	2	0	0	0	1	0	1	0	0	1	0	1	13.54
1	0	0	0	0	1	0	166.2	0	0	1	0	0	1	0	1	0	0	0	0	5.79
0	1	0	2	0	0	0	371.4	1	0	0	0	0	0	2	0	0	0	0	0	12.63
0	0	0	1	0	1	0	450.0	0	0	0	0	0	2	1	1	0	0	0	1	15.25
1	1	0	2	0	0	0	462.3	0	0	0	0	0	1	0	0	1	0	1	1	15.66
1	1	0	2	0	0	0	207.9	0	0	0	0	1	0	0	0	1	0	0	1	7.18
1	1	0	1	0	1	1	233.1	1	0	0	0	0	0	1	1	0	0	0	0	8.02
2	1	0	0	0	0	1	306.0	0	0	0	0	1	0	1	0	2	0	0	1	10.45
1	0	0	0	0	1	0	309.0	0	0	0	0	1	1	1	0	0	0	0	1	10.55
1	1	0	1	1	0	1	6.9	1	0	1	0	0	1	2	0	0	0	2	0	0.48
0	0	0	1	0	0	0	232.2	0	0	0	0	2	1	2	0	1	1	0	0	7.99
1	0	0	1	0	0	0	228.0	0	0	0	0	1	1	2	0	1	1	0	0	7.85
1	0	0	2	0	1	1	183.9	1	1	0	0	0	1	1	1	0	0	1	1	6.38
1	0	0	1	0	0	0	474.0	0	0	0	0	2	1	0	0	0	0	1	1	16.05
1	1	0	1	0	0	0	22.2	0	0	0	0	1	0	1	0	0	0	1	1	0.99
0	1	0	0	1	0	0	342.3	0	1	1	0	0	0	1	0	1	0	0	1	11.66
1	1	0	1	0	1	0	229.5	0	0	0	0	1	1	1	1	0	0	1	1	7.9
0	2	0	1	0	0	0	414.3	0	0	0	0	0	0	1	0	0	1	0	0	14.06
1	0	0	1	0	1	0	221.1	1	0	0	0	0	0	2	0	0	0	0	0	7.62
2	0	0	1	0	1	0	235.8	0	0	0	0	1	0	1	0	0	0	1	0	8.11
0	0	0	0	0	0	0	287.4	0	0	1	0	1	0	0	1	0	0	0	0	9.83
1	0	0	1	0	0	0	472.5	0	0	0	0	1	2	1	0	0	1	0	0	16.0
1	1	0	1	0	0	0	455.1	0	0	0	1	0	1	1	0	0	0	2	0	15.42
0	1	0	1	0	1	0	10.5	1	0	0	0	2	1	0	0	0	0	0	1	0.6
1	1	0	0	0	0	0	85.5	1	0	0	0	1	0	1	0	1	0	1	1	3.1
0	0	0	0	0	2	1	154.2	0	0	0	0	1	1	2	0	1	0	0	0	5.39
0	1	0	0	0	1	0	64.2	0	0	0	1	2	0	1	0	0	0	1	0	2.39
1	1	0	1	0	2	0	129.3	1	0	0	0	1	1	0	1	0	0	0	1	4.56
1	0	0	1	0	0	0	87.0	0	0	1	1	1	1	1	1	1	1	0	0	3.15
1	1	0	1	1	0	0	25.2	0	0	0	1	0	1	0	0	0	1	1	0	1.09
2	0	0	1	0	2	0	413.4	0	0	0	0	1	0	1	1	1	1	0	1	14.03
1	0	0	1	0	0	1	14.4	1	0	1	0	1	1	2	0	0	0	0	0	0.73
0	1	0	1	0	0	0	145.8	0	0	0	0	2	0	1	1	1	1	0	0	5.11
0	2	0	2	0	0	0	308.1	0	0	0	0	0	2	0	1	1	0	0	1	10.52
2	1	0	0	0	0	0	229.8	0	0	0	0	1	0	1	0	0	0	0	1	7.91
0	0	0	0	0	0	0	333.9	1	0	0	0	1	2	1	0	1	0	1	1	11.38
1	0	0	1	0	1	0	138.3	0	0	0	1	0	1	1	0	1	2	0	1	4.86
0	0	0	2	0	2	0	216.6	2	0	0	0	1	0	0	0	1	2	0	1	7.47
1	2	0	1	0	1	0	375.6	0	0	0	0	1	0	1	1	1	0	0	0	12.77
1	0	0	0	0	1	0	333.0	1	1	0	0	0	1	1	1	0	0	1	1	11.35
0	1	0	0	0	1	0	315.0	0	0	0	0	1	0	2	0	0	1	0	0	10.75
1	2	0	2	0	0	0	275.7	0	0	1	0	0	1	0	0	1	2	0	0	9.44
1	0	0	2	0	0	0	327.9	0	0	1	0	2	0	2	0	0	0	0	0	11.18
2	1	0	1	0	0	0	313.2	1	0	1	0	1	0	0	1	2	1	0	1	10.69
0	0	0	1	0	0	1	451.5	0	0	0	0	1	0	1	0	1	0	0	1	15.3
0	0	0	1	0	0	0	215.4	1	1	0	0	0	0	1	0	0	1	1	0	7.43
0	0	0	1	0	0	0	76.8	0	0	1	0	0	1	0	1	0	0	0	1	2.81
0	0	0	2	0	0	0	184.5	1	0	0	0	0	0	1	0	0	0	0	0	6.4
1	0	1	2	0	0	0	348.3	1	1	1	0	1	1	1	1	1	0	0	0	11.86
0	0	0	1	0	1	1	43.8	0	0	0	0	1	0	2	1	2	2	1	1	1.71
2	0	0	1	0	0	0	132.0	0	0	0	1	0	0	0	0	0	0	0	0	4.65
1	0	0	0	0	1	0	11.1	1	0	0	0	0	1	1	0	1	0	1	0	0.62
2	1	0	1	0	1	0	369.0	0	0	0	0	0	1	1	1	0	0	0	0	12.55
0	1	0	1	1	1	0	431.1	0	1	0	0	1	0	2	0	1	1	1	1	14.62
2	1	0	0	0	0	0	56.1	0	0	0	0	0	1	1	0	1	0	0	0	2.12
2	0	0	1	0	0	0	454.8	0	1	0	0	2	1	0	0	1	0	0	1	15.41
2	1	0	1	1	1	0	395.1	0	0	0	1	1	1	0	1	0	0	0	0	13.42
0	0	0	1	0	2	0	226.8	0	0	0	0	0	0	0	0	2	0	0	0	7.81
1	0	0	1	0	1	0	227.4	0	0	0	0	1	0	1	0	1	0	0	0	7.83
1	0	0	0	0	0	0	53.4	1	0	0	0	0	1	1	0	1	0	1	0	2.03
0	0	0	1	0	1	0	429.6	0	0	0	0	0	1	1	0	1	1	1	0	14.57
0	1	0	2	0	0	0	196.8	0	0	0	0	2	2	2	0	1	0	1	0	6.81
0	1	0	1	0	1	0	285.0	2	0	0	0	2	1	1	1	0	0	0	0	9.75
0	1	0	0	0	1	0	57.0	0	0	1	0	2	1	2	1	1	0	0	1	2.15
0	0	0	0	0	1	0	410.1	1	1	0	0	0	1	2	0	1	0	0	0	13.92
1	0	0	0	0	1	1	218.1	1	1	0	0	1	0	1	1	1	0	1	0	7.52
1	0	0	2	0	1	0	359.7	0	0	0	0	0	0	1	0	0	1	0	0	12.24
0	1	0	1	0	0	0	389.7	0	0	0	0	1	0	1	0	0	0	0	1	13.24
0	0	0	1	0	0	0	307.5	0	0	1	0	1	1	2	1	0	0	0	0	10.5
2	0	0	1	0	1	0	278.7	0	0	0	0	0	0	1	0	1	0	2	1	9.54
1	0	0	0	0	0	0	44.7	0	0	0	0	0	0	0	1	0	1	0	0	1.74
1	0	0	0	0	0	1	179.1	0	0	0	0	0	2	1	0	0	0	1	0	6.22
1	0	0	0	0	1	0	465.9	0	0	0	0	0	0	1	0	0	0	0	0	15.78
2	1	0	1	1	1	0	270.6	0	0	0	0	0	0	0	1	0	0	0	0	9.27
1	1	0	1	0	1	1	240.0	0	0	0	0	0	1	2	0	0	0	2	0	8.25
0	0	0	0	0	1	1	272.7	0	0	0	0	1	0	2	1	1	0	1	1	9.34
1	0	0	2	0	0	0	255.6	0	0	1	0	0	0	1	1	0	0	0	0	8.77
1	0	0	1	0	0	0	225.0	0	0	1	1	0	1	2	1	0	0	1	1	7.75
1	0	0	1	0	1	0	210.9	0	0	0	0	0	1	2	2	0	0	1	1	7.28
0	0	0	1	0	0	0	5.7	0	1	0	1	2	2	0	0	0	0	0	0	0.44
1	0	0	0	0	1	0	99.3	1	0	1	0	0	1	2	1	0	0	0	2	3.56
0	0	0	1	0	0	0	363.3	0	0	0	0	0	0	1	0	1	0	1	1	12.36
1	0	0	1	0	0	0	237.9	1	0	0	0	0	0	0	2	1	1	1	0	8.18
0	1	0	1	0	1	0	15.0	0	0	1	1	1	0	1	0	0	0	1	0	0.75
1	1	0	1	0	0	0	368.7	1	0	0	0	0	1	1	0	0	0	0	0	12.54
1	0	0	0	0	0	0	97.5	0	0	0	1	1	1	1	0	0	0	1	1	3.5
0	0	0	1	1	1	1	339.9	1	0	0	1	2	0	0	1	0	0	1	1	11.58
0	0	0	2	0	0	0	376.2	0	0	0	1	0	1	1	0	1	1	0	1	12.79
0	0	0	0	0	0	0	220.2	1	0	0	0	0	1	0	0	0	0	0	1	7.59
0	0	0	0	0	0	0	8.4	0	0	0	0	0	0	2	0	0	0	1	0	0.53
0	0	0	1	0	1	0	323.4	0	0	0	0	1	1	1	0	0	0	0	1	11.03
2	1	0	0	0	0	0	119.7	0	0	0	0	1	0	2	0	0	0	0	1	4.24
2	0	0	0	0	0	0	375.3	0	0	1	0	0	1	0	0	1	1	2	0	12.76
1	1	0	1	0	1	0	439.8	1	0	0	0	1	2	2	1	0	0	1	0	14.91
1	0	0	1	0	1	0	276.9	0	0	1	0	0	0	2	0	0	1	1	1	9.48
0	0	0	0	0	1	0	192.9	1	0	0	0	0	0	0	1	0	0	1	1	6.68
1	0	0	0	0	0	0	435.6	0	0	0	0	2	0	0	0	1	0	0	0	14.77
0	0	0	2	1	0	0	239.4	1	0	0	0	1	0	0	1	1	0	2	1	8.23
1	0	0	1	0	0	0	55.8	0	0	1	0	0	0	1	1	0	0	0	0	2.11
0	1	1	1	0	1	0	335.7	0	0	1	0	1	0	0	1	0	0	1	0	11.44
0	0	0	0	0	0	0	129.9	0	0	1	0	0	0	2	1	0	0	1	1	4.58
1	0	0	0	0	1	0	81.9	0	0	0	0	0	0	1	0	0	0	0	0	2.98
0	0	0	2	0	0	0	266.4	0	0	0	0	1	0	0	0	0	1	0	1	9.13
0	1	0	2	0	1	1	206.4	1	0	0	1	2	0	0	0	1	2	0	0	7.13
0	0	0	1	0	1	0	402.0	0	0	1	0	0	2	0	0	1	0	0	1	13.65
0	0	0	1	0	1	1	98.7	1	0	1	0	1	2	1	0	0	0	0	1	3.54
1	0	0	0	0	1	0	330.9	1	0	0	0	2	1	0	1	0	0	0	0	11.28
1	1	0	0	0	0	2	162.9	0	1	0	0	1	1	1	2	1	0	1	0	5.68
1	0	0	0	0	1	1	479.4	0	0	0	0	0	1	1	0	1	1	0	0	16.23
2	0	0	1	0	1	0	3.3	0	0	0	1	1	1	1	1	0	1	0	0	0.36
1	0	0	2	0	0	0	331.5	0	0	1	0	1	0	0	0	0	2	1	1	11.3
0	0	0	0	0	0	0	169.2	0	0	1	1	0	1	0	0	1	0	0	2	5.89
1	0	0	1	0	1	0	250.8	1	0	0	0	1	1	1	2	0	0	1	0	8.61
0	0	0	1	0	1	0	467.1	0	0	1	0	2	1	0	0	1	0	0	0	15.82
0	0	0	1	0	0	0	352.5	0	0	0	0	1	0	0	0	0	0	0	0	12.0
0	1	0	1	0	0	0	185.4	1	0	0	0	2	1	1	0	1	0	1	1	6.43
1	1	0	1	0	0	0	139.2	1	0	0	0	0	1	1	0	0	1	0	0	4.89
0	1	0	1	0	1	0	98.1	0	0	0	1	1	0	2	2	0	0	0	0	3.52
0	0	0	0	0	1	0	163.8	0	0	0	0	0	0	1	1	0	0	0	0	5.71
0	0	0	1	1	1	0	366.0	0	1	0	0	0	0	1	0	0	0	1	1	12.45
2	0	0	0	1	1	0	41.4	0	0	1	0	1	0	1	1	1	0	0	0	1.63
1	0	0	0	0	1	0	289.8	0	0	1	0	1	1	0	0	0	0	0	0	9.91
0	2	0	0	1	0	1	61.5	0	0	0	0	1	2	1	0	0	0	0	0	2.3
0	0	0	0	1	1	0	283.8	1	0	0	0	0	2	1	0	0	0	0	0	9.71
1	1	0	1	0	0	0	330.0	0	0	0	1	2	1	1	1	1	0	0	0	11.25
1	0	0	0	0	1	0	93.0	0	0	0	0	1	1	2	1	0	2	0	0	3.35
1	0	0	0	0	1	0	414.6	1	0	0	0	1	1	1	1	1	1	1	0	14.07
1	1	0	0	0	1	0	355.5	0	0	0	0	0	0	1	0	1	0	1	0	12.1
2	1	0	1	1	1	0	161.4	1	0	1	0	0	1	0	0	0	2	0	0	5.63
1	0	0	0	1	0	0	439.2	1	0	1	0	0	1	1	2	1	0	0	1	14.89
0	1	0	0	0	0	0	125.1	0	0	0	0	1	0	1	1	1	1	0	1	4.42
0	0	0	1	0	1	1	205.8	0	0	0	0	0	2	2	0	1	0	1	0	7.11
0	0	0	1	0	0	0	7.8	0	1	1	0	1	0	2	1	0	1	1	1	0.51
1	1	0	1	0	0	0	477.3	0	0	0	0	1	0	0	1	0	1	1	1	16.16
1	0	0	2	1	0	0	443.7	0	0	0	0	0	2	1	0	0	2	1	0	15.04
1	1	0	2	0	1	0	39.6	0	0	0	0	0	2	1	0	1	1	0	0	1.57
0	0	0	2	0	0	0	436.2	1	0	0	0	1	0	0	0	1	0	1	0	14.79
1	1	0	1	0	0	0	111.0	0	0	0	0	1	0	1	0	1	1	0	0	3.95
2	0	0	1	0	0	0	438.9	0	0	0	0	1	0	2	2	0	2	0	0	14.88
1	1	0	1	0	0	0	399.6	0	0	0	0	1	0	0	1	0	0	1	0	13.57
0	1	0	1	0	0	0	239.7	1	0	1	0	0	0	0	1	0	0	1	1	8.24
1	1	0	2	0	2	0	109.5	0	1	1	0	0	2	2	0	1	0	1	0	3.9
1	1	0	2	0	0	0	474.6	0	0	0	0	1	1	0	0	0	0	0	0	16.07
0	0	0	1	1	0	1	427.5	0	0	0	0	1	0	1	1	1	0	1	1	14.5
1	0	0	2	1	0	0	464.4	0	1	0	0	0	0	1	1	0	1	0	0	15.73
0	1	0	1	0	0	1	359.1	0	0	0	0	0	0	1	0	1	0	0	1	12.22
1	1	0	0	0	0	0	174.6	0	0	1	0	0	1	1	1	0	0	2	0	6.07
2	0	0	2	0	0	1	255.9	0	0	0	0	0	1	1	0	0	1	1	2	8.78
0	1	0	1	0	0	0	216.3	1	0	0	1	2	1	1	1	1	0	0	1	7.46
0	1	0	1	1	0	0	90.9	0	0	0	0	1	0	0	0	0	0	1	0	3.28
0	0	0	0	1	1	0	442.5	0	1	0	0	0	1	1	0	0	0	0	0	15.0
0	1	0	0	1	1	0	339.6	0	0	0	0	0	1	1	0	1	0	0	1	11.57
1	0	0	1	0	1	0	454.2	0	1	0	0	0	0	1	1	1	0	0	1	15.39
0	1	0	0	0	1	1	316.2	0	0	0	0	0	0	1	0	1	0	1	1	10.79
1	0	0	0	0	1	0	451.2	1	0	0	0	1	0	1	1	0	0	0	0	15.29
1	0	0	0	0	1	0	482.4	0	1	0	0	1	0	1	0	0	0	0	0	16.33
1	0	0	0	0	1	0	219.3	0	0	0	0	2	0	0	0	1	0	1	1	7.56
2	1	0	0	0	1	0	41.7	0	0	0	0	0	0	1	0	1	1	1	1	1.64
0	0	0	1	0	0	0	247.2	1	0	0	1	0	1	1	0	0	0	0	0	8.49
1	0	0	2	1	0	0	165.3	1	0	0	0	0	1	1	1	0	1	1	0	5.76
0	0	0	2	0	1	0	93.3	2	0	0	0	1	1	2	0	0	0	2	0	3.36
2	0	0	1	1	0	0	380.7	0	0	0	0	0	0	1	0	1	1	0	1	12.94
1	0	0	2	0	0	0	433.5	0	0	0	0	0	0	2	0	0	0	0	0	14.7
0	1	0	0	0	0	0	273.3	0	0	0	0	0	1	1	0	1	1	0	1	9.36
2	0	0	1	0	2	0	145.5	0	0	1	0	0	0	1	1	0	0	0	0	5.1
0	1	0	2	0	0	0	63.0	0	0	1	0	1	0	2	0	1	0	0	1	2.35
0	0	0	0	0	1	0	375.9	0	0	0	0	0	0	0	1	0	0	2	0	12.78
1	1	0	0	0	1	0	379.2	0	0	0	0	0	0	0	0	0	0	0	0	12.89
0	0	0	1	0	1	0	190.8	1	0	0	0	1	0	1	0	0	0	0	0	6.61
0	0	0	2	0	1	0	59.1	1	0	0	0	1	0	1	0	0	0	0	0	2.22
0	2	0	0	0	1	0	444.6	1	0	0	0	0	1	1	0	0	0	1	0	15.07
0	1	0	0	0	0	1	282.9	1	0	0	0	0	1	0	1	0	0	0	2	9.68
2	1	0	1	0	1	0	75.6	0	0	0	0	0	1	0	1	0	1	0	0	2.77
0	0	0	1	0	0	0	277.2	1	0	1	0	1	1	0	0	0	1	0	0	9.49
1	0	0	2	0	0	0	14.1	0	0	0	0	0	2	0	0	1	1	0	1	0.72
0	1	0	1	0	0	0	58.8	0	0	0	0	1	0	2	0	0	0	1	1	2.21
0	1	0	1	0	0	1	168.6	0	0	0	0	1	1	1	1	0	0	2	0	5.87
2	0	0	1	0	1	0	280.8	0	0	0	0	1	0	0	1	0	0	1	1	9.61
0	0	0	2	0	1	0	384.9	0	0	0	0	0	1	0	1	1	0	1	1	13.08
0	0	0	2	0	1	0	287.1	0	0	0	0	2	1	1	1	1	1	0	0	9.82
1	1	0	1	0	0	0	52.5	0	0	0	1	0	0	1	0	0	0	0	0	2.0
1	0	0	0	1	0	0	150.6	1	0	0	0	1	0	1	0	0	1	0	1	5.27
0	0	0	0	0	1	0	243.9	0	0	2	0	0	0	0	0	0	1	0	0	8.38
1	0	0	0	0	0	1	445.5	0	0	0	0	0	1	1	2	0	1	0	1	15.1
0	0	0	1	1	0	0	319.5	0	0	0	0	0	1	0	2	1	0	0	0	10.9
2	2	0	0	0	2	1	12.6	0	0	0	0	1	2	0	0	1	0	0	0	0.67
0	1	0	1	0	0	0	244.8	0	0	0	0	2	1	1	1	1	0	0	1	8.41
0	0	0	2	0	0	0	371.7	1	2	0	0	0	0	1	0	1	1	0	0	12.64
0	2	0	0	0	0	0	104.1	0	1	1	0	1	0	0	1	1	1	1	0	3.72
0	0	0	1	0	2	1	225.6	0	0	0	0	1	1	0	1	0	0	1	1	7.77
0	1	0	1	0	0	0	399.0	0	0	0	0	0	1	0	1	0	0	1	0	13.55
0	1	0	1	1	1	1	36.6	0	0	1	0	1	1	0	0	0	0	0	0	1.47
1	1	0	1	1	1	1	28.8	1	0	0	0	0	1	1	0	2	2	0	1	1.21
1	0	0	0	0	2	0	187.5	1	0	1	0	1	0	0	1	1	1	0	1	6.5
0	0	0	2	0	2	0	323.7	0	0	1	0	0	0	2	0	0	0	0	0	11.04
2	0	0	1	0	1	0	223.2	0	0	1	0	2	1	1	0	0	0	0	0	7.69
1	0	0	1	0	1	0	90.0	0	0	0	0	0	0	0	0	0	0	1	1	3.25
1	2	0	1	0	0	0	292.2	1	0	0	0	1	0	0	0	0	1	0	0	9.99
1	0	0	1	0	0	1	466.8	0	0	1	0	0	2	1	0	1	1	0	0	15.81
1	0	0	0	0	0	0	316.5	0	0	0	0	1	1	0	2	0	0	0	0	10.8
1	1	0	0	0	0	0	164.4	1	0	0	0	2	0	1	2	2	0	0	0	5.73
0	0	0	0	0	1	0	277.5	0	1	0	0	0	1	1	2	0	0	0	0	9.5
0	2	0	1	0	0	1	458.4	0	1	0	0	0	2	1	0	0	0	0	0	15.53
1	0	0	2	0	0	0	72.3	0	0	0	0	1	1	2	1	0	0	0	1	2.66
0	0	0	1	0	0	0	422.1	0	1	0	0	1	0	1	0	0	1	1	1	14.32
2	2	0	1	0	1	0	123.6	1	0	0	0	0	0	1	1	0	0	0	1	4.37
2	1	0	1	1	1	1	148.2	0	0	0	1	1	0	2	0	1	0	0	1	5.19
0	0	0	1	0	0	1	83.7	0	0	0	0	0	1	1	1	0	0	0	0	3.04
1	0	0	2	1	0	0	136.8	2	1	1	0	1	0	1	0	0	0	0	0	4.81
1	1	0	1	0	0	0	300.9	0	0	0	1	0	1	1	1	1	0	1	0	10.28
1	1	0	1	0	0	0	81.0	0	0	0	0	0	2	1	1	1	1	0	1	2.95
0	0	0	1	0	0	0	388.2	0	0	0	0	0	0	1	0	0	2	1	0	13.19
1	0	0	1	0	1	0	333.3	1	1	0	0	0	2	0	0	1	1	0	0	11.36
0	1	0	1	0	1	0	104.4	0	0	0	0	0	1	0	0	0	1	0	2	3.73
0	0	0	2	0	0	0	40.8	1	0	1	0	1	0	1	0	0	0	1	0	1.61
0	0	0	1	0	1	0	372.3	0	0	0	0	0	0	0	1	0	0	1	1	12.66
1	0	0	1	0	0	0	445.8	0	1	0	0	0	0	0	1	1	0	0	0	15.11
1	0	0	0	0	1	0	38.1	0	0	0	0	2	1	1	0	0	0	1	1	1.52
1	0	0	0	1	1	0	242.7	0	0	0	0	2	1	2	1	1	0	0	0	8.34
0	1	0	1	1	1	0	71.1	0	1	0	0	0	0	0	0	0	1	0	0	2.62
2	1	0	1	0	0	0	199.2	0	0	2	0	0	0	1	0	1	0	0	0	6.89
1	1	0	1	0	0	0	461.7	0	0	0	1	2	0	0	2	1	0	1	1	15.64
1	0	0	1	0	0	1	304.2	1	0	0	0	0	0	1	0	0	2	0	1	10.39
0	0	0	1	0	2	1	120.0	0	0	0	0	1	1	0	1	0	1	1	1	4.25
1	2	0	0	0	1	0	445.2	0	0	0	0	1	0	2	0	2	0	0	1	15.09
0	0	0	1	0	0	0	55.2	1	1	1	0	1	1	1	0	1	0	0	0	2.09
0	0	0	2	0	2	0	219.6	0	1	0	0	1	1	2	0	0	0	0	1	7.57
1	0	0	1	0	1	0	333.6	1	0	0	0	1	1	1	0	1	0	1	1	11.37
1	0	0	1	0	0	0	470.4	0	1	0	0	0	1	0	1	0	0	0	0	15.93
1	0	0	0	1	1	0	234.6	0	1	0	0	2	1	1	0	0	0	0	0	8.07
1	1	0	0	0	0	0	10.2	0	0	0	0	1	0	2	1	0	1	0	2	0.59
0	1	0	1	0	0	0	264.9	1	0	0	0	1	0	1	0	0	1	1	1	9.08
0	0	0	1	0	2	0	179.7	0	1	0	0	0	1	1	1	2	0	0	0	6.24
2	1	0	1	0	1	0	3.9	0	0	1	0	0	0	1	0	0	0	1	0	0.38
0	1	0	0	0	0	0	210.3	0	0	0	0	0	0	1	0	0	0	0	1	7.26
0	0	0	2	1	1	0	106.2	1	0	0	0	2	1	1	2	0	1	0	0	3.79
2	0	0	0	0	1	1	417.3	0	1	1	0	0	1	1	0	0	0	1	1	14.16
0	1	0	1	0	0	0	152.1	0	0	1	0	0	1	0	0	0	1	0	0	5.32
1	0	0	2	0	1	0	120.6	0	0	0	0	2	0	0	0	0	1	0	0	4.27
1	2	0	0	0	1	0	33.9	1	0	0	0	0	1	1	0	0	0	1	1	1.38
0	0	0	0	0	1	1	207.6	0	0	1	0	0	0	1	2	1	0	0	2	7.17
1	0	0	0	0	0	0	422.4	0	0	0	0	1	1	1	0	1	0	2	0	14.33
0	0	0	0	0	0	0	7.5	1	0	0	0	2	1	1	0	1	0	0	0	0.5
2	0	0	1	0	0	1	74.1	0	0	0	0	0	0	1	1	0	1	0	0	2.72
1	0	0	1	0	0	1	279.6	0	0	0	0	1	1	1	2	1	1	0	0	9.57
1	0	0	0	0	1	0	249.6	0	0	2	0	1	0	1	0	1	1	0	1	8.57
1	0	0	2	1	1	0	51.9	0	0	0	1	1	0	2	0	0	1	1	0	1.98
1	1	0	0	0	0	0	126.3	0	0	0	1	0	2	1	0	1	1	0	0	4.46
1	2	0	0	0	0	0	155.7	0	0	0	0	2	1	1	1	1	1	0	0	5.44
1	1	0	1	0	2	0	346.2	0	0	1	0	1	1	2	1	0	1	1	0	11.79
1	0	0	1	0	1	0	398.1	0	0	0	0	1	0	0	0	0	0	1	0	13.52
1	1	0	1	0	0	0	176.7	1	1	0	0	2	0	0	0	0	1	1	1	6.14
1	0	0	1	0	0	0	241.8	0	0	0	0	1	0	1	0	1	1	0	0	8.31
1	0	0	1	0	0	0	64.5	0	0	0	0	2	0	2	1	1	0	2	0	2.4
0	0	0	1	0	1	0	410.7	1	1	0	0	1	0	0	0	0	0	1	0	13.94
1	0	0	0	0	2	0	266.1	1	0	0	0	0	0	2	0	0	0	0	0	9.12
1	0	0	1	0	0	0	29.7	0	0	1	0	0	0	1	0	0	0	1	1	1.24
0	0	0	1	1	1	0	261.6	0	1	0	0	0	0	1	0	0	2	0	1	8.97
2	0	0	0	1	0	0	264.3	0	0	0	0	1	0	1	1	1	2	1	0	9.06
1	0	0	1	0	1	0	32.7	0	1	0	1	0	0	1	0	0	0	1	1	1.34
2	0	0	2	0	0	0	299.4	0	0	0	1	0	0	1	0	0	1	0	1	10.23
1	1	0	2	1	1	0	412.2	0	1	0	1	0	1	1	1	0	0	1	0	13.99
2	0	0	1	0	0	0	264.0	1	0	1	0	0	1	1	0	0	1	0	1	9.05
1	0	0	0	0	0	0	256.8	0	1	0	0	0	1	1	2	1	0	0	0	8.81
2	0	0	1	0	0	0	237.6	1	0	0	0	2	0	0	1	0	0	0	1	8.17
1	0	0	1	0	0	0	276.3	1	0	0	0	2	0	2	0	0	0	1	0	9.46
1	1	0	1	0	1	0	327.3	1	0	0	0	0	0	1	0	0	0	0	0	11.16
0	0	0	2	0	2	0	165.9	0	0	0	0	1	1	2	0	1	0	0	1	5.78
0	0	0	1	0	1	0	274.5	0	0	1	0	0	0	0	0	0	0	0	0	9.4
1	1	0	1	0	0	0	312.0	0	0	0	0	1	0	0	0	0	1	0	1	10.65
0	1	0	0	0	0	0	249.0	0	0	0	1	0	0	2	1	1	1	0	0	8.55
1	0	0	1	0	1	0	296.1	0	0	0	0	1	0	2	0	0	0	0	0	10.12
0	0	0	1	0	0	0	288.9	0	0	1	0	1	2	0	0	1	1	0	0	9.88
1	1	0	2	0	1	0	260.7	0	0	0	0	1	1	0	0	1	0	0	0	8.94
0	1	0	2	1	1	0	403.2	1	0	1	0	1	0	1	1	0	0	1	0	13.69
0	0	0	2	0	1	0	21.9	0	0	0	1	1	1	1	0	0	1	1	0	0.98
0	0	0	0	0	0	0	287.7	0	0	0	0	0	0	1	1	1	1	1	1	9.84
0	0	0	1	0	0	0	119.1	2	0	0	0	1	0	2	1	1	0	1	0	4.22
1	0	0	0	0	0	0	257.4	0	1	0	0	0	1	1	0	0	0	0	0	8.83
2	1	0	2	0	1	0	167.7	1	0	1	0	2	0	1	0	0	0	1	0	5.84
1	1	0	2	0	1	0	311.4	0	0	1	0	0	1	0	0	0	1	1	0	10.63
1	1	0	1	0	1	1	171.6	0	1	0	1	0	2	1	0	0	0	0	0	5.97
2	0	0	2	0	0	0	347.7	0	0	0	0	0	0	1	1	0	1	0	0	11.84
2	0	0	2	0	1	1	471.6	0	1	0	0	0	0	1	0	1	1	0	0	15.97
2	0	0	1	0	0	0	34.2	0	0	0	0	0	0	0	0	0	0	0	1	1.39
1	0	0	1	0	0	0	432.0	0	0	0	1	2	1	1	0	0	0	0	1	14.65
1	0	0	0	0	1	0	250.2	0	0	0	0	1	0	1	0	1	0	2	0	8.59
0	0	0	0	0	1	0	355.8	1	0	1	0	1	0	1	0	0	1	0	1	12.11
1	0	0	1	0	0	0	141.9	1	0	0	1	1	1	1	0	1	1	0	0	4.98
0	0	0	1	0	0	0	326.7	0	0	0	0	0	0	1	0	1	1	0	1	11.14
1	0	0	0	0	1	1	160.8	0	0	0	0	1	0	1	1	0	0	1	0	5.61
1	0	0	0	0	0	0	325.8	1	0	0	0	2	1	0	1	0	0	0	0	11.11
1	1	0	0	0	0	0	271.5	0	0	0	0	1	1	2	0	0	0	1	0	9.3
0	0	0	1	1	0	0	318.6	0	0	0	0	0	1	0	1	0	1	1	1	10.87
1	0	0	2	0	1	0	325.2	0	0	0	0	2	0	0	1	1	1	0	0	11.09
0	1	0	1	0	1	0	171.3	0	0	1	0	0	0	1	0	2	2	0	0	5.96
1	1	0	1	0	0	0	378.0	0	0	0	0	1	1	0	0	0	0	1	0	12.85
0	0	0	1	0	0	0	321.3	1	0	0	0	1	0	0	0	0	0	0	0	10.96
2	1	0	1	0	0	0	308.4	0	0	0	0	2	0	0	0	0	1	0	0	10.53
2	0	0	0	0	0	0	382.2	0	0	1	0	1	1	0	0	0	0	0	0	12.99
1	0	0	1	0	0	0	297.0	0	0	0	0	1	0	1	0	0	1	0	1	10.15
1	1	0	0	1	1	0	324.3	1	0	0	0	1	0	1	1	1	1	1	0	11.06
1	0	0	1	0	2	0	16.8	0	1	1	0	1	1	1	0	1	0	1	0	0.81
2	0	0	0	0	0	0	186.6	0	0	0	0	1	1	0	0	0	0	1	0	6.47
1	0	0	2	0	1	0	168.3	0	1	0	0	0	2	0	1	1	0	0	0	5.86
1	1	0	0	0	1	0	6.6	0	1	0	0	1	0	1	1	0	1	0	1	0.47
0	1	1	1	0	0	0	364.2	1	1	1	0	0	0	1	0	0	2	0	0	12.39
1	1	0	2	0	1	0	423.6	0	0	1	0	1	1	1	0	1	1	0	0	14.37
0	0	0	0	0	1	0	309.6	0	0	0	0	0	0	1	1	0	0	0	0	10.57
1	0	0	1	0	0	1	236.1	0	0	1	0	0	1	0	1	0	1	0	0	8.12
1	2	0	1	0	1	0	53.7	0	1	0	0	0	1	1	1	0	1	0	0	2.04
0	1	0	1	0	1	0	126.6	0	0	1	0	1	0	0	0	1	0	1	1	4.47
2	0	0	0	0	0	0	251.4	0	0	1	0	2	1	1	0	0	1	0	1	8.63
1	0	0	1	0	1	0	62.7	1	0	2	1	0	0	0	0	0	1	0	0	2.34
0	0	0	2	0	0	0	63.9	0	0	0	0	0	0	1	0	0	1	0	0	2.38
1	1	0	0	0	0	0	218.4	0	0	0	0	0	1	1	0	1	0	2	1	7.53
0	0	0	1	0	0	0	127.8	0	0	0	0	2	0	1	0	0	0	1	1	4.51
0	0	0	0	0	1	1	393.3	0	0	0	0	0	1	2	0	0	0	1	0	13.36
1	0	0	1	1	0	0	254.7	1	0	0	0	1	1	0	1	0	0	0	1	8.74
1	1	0	0	0	1	0	120.9	0	0	0	1	0	0	1	0	1	0	0	0	4.28
2	1	0	1	0	1	0	53.1	0	0	0	1	1	0	0	1	1	0	1	1	2.02
0	0	0	2	1	1	0	188.7	0	0	0	0	1	0	2	0	1	2	1	0	6.54
1	0	0	0	0	0	0	103.8	1	0	0	0	2	1	0	1	1	0	0	1	3.71
1	0	0	1	0	0	0	417.9	1	1	0	0	1	1	1	0	1	1	0	1	14.18
1	0	0	2	0	2	0	185.7	0	1	0	0	0	0	2	0	0	0	1	0	6.44
0	1	0	0	0	0	0	390.9	0	0	0	0	1	1	2	0	0	0	2	1	13.28
1	0	0	1	1	2	0	47.7	2	0	1	0	0	1	2	1	2	2	1	0	1.84
0	0	0	1	0	1	1	429.9	1	0	0	0	1	0	0	0	1	1	0	1	14.58
1	0	0	1	0	2	0	95.1	0	0	0	0	1	0	0	0	0	0	0	1	3.42
0	1	0	1	0	1	0	163.5	0	0	0	0	1	1	1	0	0	1	0	1	5.7
0	1	0	1	0	0	0	135.6	1	0	0	1	2	1	2	0	0	0	1	1	4.77
2	1	0	1	0	1	0	219.0	0	0	0	0	1	0	2	1	0	0	1	0	7.55
2	1	0	1	0	0	0	278.1	0	1	0	0	0	0	0	1	0	0	1	1	9.52
2	0	0	1	1	2	0	402.9	1	0	0	0	0	1	1	1	0	1	0	1	13.68
1	0	0	1	1	0	0	45.3	0	0	1	0	1	0	2	1	1	1	1	0	1.76
0	1	0	0	0	1	0	481.5	1	0	0	0	0	2	0	1	1	0	1	1	16.3
0	1	0	1	0	1	0	216.0	1	0	0	0	0	0	1	0	1	0	0	1	7.45
0	0	0	2	0	0	0	79.5	1	0	0	0	1	1	1	0	0	0	0	0	2.9
1	0	0	2	1	0	0	35.4	0	0	1	0	1	0	1	1	0	1	0	0	1.43
1	0	0	2	0	0	0	21.6	2	0	1	0	0	0	0	0	0	0	0	1	0.97
0	0	0	0	0	1	0	446.4	0	0	0	0	1	1	1	1	0	0	0	1	15.13
1	0	0	1	0	1	0	70.2	0	0	0	0	1	1	2	0	0	0	0	1	2.59
0	0	0	1	0	0	1	409.5	0	0	0	0	1	1	0	1	0	0	0	0	13.9
0	0	0	2	1	1	0	214.2	0	1	0	0	0	1	0	0	0	1	1	0	7.39
1	0	0	0	0	2	0	259.2	1	0	0	0	0	1	1	0	0	1	1	2	8.89
1	1	0	0	0	1	0	74.7	0	0	0	0	1	1	1	2	0	0	0	0	2.74
0	0	0	1	1	0	0	173.7	0	0	0	0	1	0	0	0	0	0	0	0	6.04
1	0	0	1	0	0	0	391.5	0	1	0	0	0	1	1	1	1	0	0	2	13.3
0	0	0	2	0	1	0	478.8	0	0	1	0	0	0	2	1	0	0	0	0	16.21
1	0	0	0	0	1	0	369.6	0	0	1	0	0	0	2	1	1	1	0	0	12.57
0	1	0	0	1	0	0	6.3	0	0	1	0	0	1	1	0	1	0	0	0	0.46
0	1	0	1	0	0	0	77.1	0	0	0	0	0	0	0	0	0	0	1	0	2.82
1	1	0	1	0	1	0	388.5	0	0	0	0	2	1	1	1	0	0	0	1	13.2
1	2	0	1	0	0	1	117.9	0	0	0	1	1	1	1	0	0	1	0	0	4.18
1	0	0	1	0	0	1	283.2	0	0	2	0	1	0	1	1	0	0	1	1	9.69
1	1	0	1	0	0	0	303.9	0	0	0	0	0	0	0	0	0	0	0	0	10.38
1	0	0	0	0	1	0	428.1	1	1	0	0	1	1	0	0	1	1	1	1	14.52
1	0	0	0	0	1	0	12.9	0	0	0	1	0	1	1	1	0	0	0	0	0.68
0	0	0	2	0	0	0	265.8	0	1	0	0	1	1	1	0	0	0	0	1	9.11
2	1	0	0	0	1	0	49.5	1	0	0	0	1	0	0	1	1	2	0	0	1.9
1	0	0	1	0	1	0	73.5	1	0	1	0	2	1	1	0	1	0	0	0	2.7
1	0	0	1	0	2	0	378.3	0	1	0	0	1	0	1	0	1	0	2	1	12.86
2	0	0	2	0	0	1	372.9	0	0	1	0	1	1	0	1	1	2	0	0	12.68
0	1	0	0	0	1	0	469.8	0	0	0	0	0	0	1	0	0	0	0	1	15.91
0	1	0	0	0	0	0	204.6	1	0	1	0	0	0	0	0	0	1	0	0	7.07
1	0	0	1	0	0	0	175.2	2	0	1	0	1	2	1	0	1	1	1	0	6.09
2	0	0	1	0	1	0	209.1	1	0	0	0	1	1	1	1	0	0	0	1	7.22
0	0	0	1	1	0	0	300.0	0	1	0	0	2	1	2	1	0	0	0	0	10.25
0	0	0	1	0	1	1	480.0	0	1	0	1	1	1	2	0	0	1	0	0	16.25
0	0	0	1	1	0	1	177.9	0	0	0	1	2	2	2	0	0	0	1	1	6.18
1	0	0	0	0	0	0	357.6	1	0	1	0	0	0	1	1	0	2	0	1	12.17
1	0	0	1	0	1	0	121.8	1	0	0	0	1	0	1	0	0	0	0	1	4.31
1	1	0	1	0	0	0	192.6	0	0	0	0	0	1	0	1	0	0	1	2	6.67
0	0	0	1	0	0	0	430.5	0	0	0	0	1	1	1	0	0	0	0	0	14.6
0	0	0	1	0	1	0	35.7	1	0	0	0	1	1	1	1	0	0	0	0	1.44
0	1	0	2	0	1	2	95.7	0	0	0	0	1	1	0	1	0	0	1	1	3.44
0	0	0	0	0	1	0	224.7	0	0	0	0	2	0	1	0	0	0	1	1	7.74
0	1	0	1	0	0	0	399.9	0	1	0	0	2	0	1	0	1	0	0	0	13.58
0	1	0	1	0	0	0	406.8	0	0	1	0	1	0	1	1	1	0	0	1	13.81
0	1	0	0	0	0	0	5.4	0	0	0	0	0	0	2	1	1	0	0	0	0.43
0	1	0	2	0	1	0	468.0	0	1	0	0	0	0	2	0	0	1	1	1	15.85
1	2	0	1	0	0	0	405.6	0	0	0	0	0	0	0	1	0	0	1	0	13.77
0	1	0	0	0	0	1	33.3	0	0	2	0	0	0	0	1	0	1	1	1	1.36
0	0	0	0	0	1	0	361.2	1	1	1	0	0	0	0	0	1	0	0	1	12.29
0	0	0	1	0	1	0	112.2	1	0	0	1	2	1	2	0	0	1	0	0	3.99
0	1	0	1	0	1	0	418.2	0	0	0	0	1	1	2	0	0	0	0	0	14.19
0	0	0	1	0	0	0	475.2	0	1	0	1	1	1	1	0	0	1	1	1	16.09
1	0	0	1	0	1	0	349.2	0	0	0	0	1	1	2	0	0	0	0	0	11.89
1	1	0	2	1	0	0	11.4	0	0	1	0	0	1	1	0	0	1	2	1	0.63
1	0	0	1	0	0	0	275.1	0	1	0	0	0	0	0	1	1	1	2	0	9.42
1	0	0	1	0	0	0	349.8	0	0	0	0	0	1	1	0	1	0	2	0	11.91
1	1	0	1	0	1	0	81.6	0	0	0	0	1	2	0	0	1	1	0	0	2.97
1	0	0	2	0	0	0	439.5	0	0	0	0	1	1	1	0	2	0	0	0	14.9
1	0	0	0	0	0	0	202.2	0	0	0	0	1	1	0	0	0	1	0	0	6.99
1	1	0	0	1	1	0	260.1	1	1	0	0	1	0	1	0	0	2	1	0	8.92
2	0	0	2	0	0	0	223.5	0	0	0	0	2	0	0	0	0	0	0	0	7.7
1	0	0	1	0	1	0	436.5	0	0	0	0	1	2	2	1	1	0	0	1	14.8
2	0	0	1	0	0	0	313.8	0	0	0	0	1	0	0	2	0	0	1	0	10.71
0	0	0	1	0	0	0	42.6	0	0	0	0	1	1	1	0	1	0	1	1	1.67
0	0	1	1	0	1	0	273.6	0	0	0	0	1	0	1	0	0	1	0	0	9.37
0	0	0	1	0	0	0	200.1	0	0	0	0	1	1	1	0	1	0	1	0	6.92
1	0	0	1	0	0	0	257.1	1	0	1	1	1	0	2	0	1	1	2	1	8.82
1	1	0	0	0	0	0	192.0	0	0	0	0	0	0	1	0	0	0	1	1	6.65
1	1	0	0	0	1	0	298.2	0	0	0	0	1	1	0	0	0	0	1	0	10.19
0	0	0	1	0	0	0	418.5	0	0	0	0	0	1	0	0	0	0	0	0	14.2
1	1	0	0	0	1	0	264.6	0	0	0	0	1	0	2	0	0	1	1	0	9.07
0	0	0	2	0	0	0	253.8	0	1	0	0	0	0	1	0	0	0	1	0	8.71
0	0	0	1	0	0	0	307.2	1	0	1	0	1	0	0	0	0	0	0	0	10.49
1	0	0	1	1	0	1	480.9	0	0	0	0	1	0	0	0	0	0	0	0	16.28
1	0	0	2	0	1	0	301.2	1	0	0	0	1	2	1	0	0	1	1	0	10.29
1	1	0	0	1	1	0	446.1	0	0	0	0	1	0	1	0	0	0	0	0	15.12
0	1	0	0	0	1	0	159.6	1	0	0	0	0	1	2	0	0	1	1	0	5.57
1	1	0	1	0	0	0	420.3	0	0	0	0	1	0	2	0	0	0	0	0	14.26
2	0	0	1	1	0	0	140.4	1	0	0	0	1	1	1	1	0	0	0	0	4.93
1	1	0	1	0	0	0	72.9	1	1	0	0	0	0	0	0	1	1	0	0	2.68
1	0	0	1	1	1	0	33.6	0	0	0	0	1	2	2	0	2	1	1	1	1.37
1	1	0	1	0	1	1	351.9	0	0	0	0	1	1	0	0	1	0	0	1	11.98
1	0	0	0	0	1	0	312.6	0	1	0	0	0	0	1	1	0	0	2	2	10.67
2	2	0	2	0	0	0	24.9	0	0	0	0	1	0	1	0	0	0	0	0	1.08
0	0	0	2	0	1	0	261.0	0	0	0	0	0	1	1	0	1	0	1	0	8.95
2	0	0	0	1	0	0	358.2	0	0	0	0	0	0	0	0	1	0	1	0	12.19
1	0	0	0	0	2	0	209.7	0	0	1	0	0	1	1	1	0	0	1	1	7.24
1	0	0	0	1	0	1	425.7	2	0	0	0	0	1	1	0	1	2	0	0	14.44
1	1	0	2	1	0	1	107.1	1	1	0	0	0	1	1	0	1	0	0	1	3.82
1	0	0	1	0	1	1	3.0	1	0	0	0	1	0	1	0	1	0	0	1	0.35
1	1	0	1	0	0	0	204.0	0	0	0	0	0	1	1	1	1	0	0	1	7.05
1	0	0	2	0	0	0	138.9	0	0	0	0	0	1	1	1	0	1	1	1	4.88
1	0	0	0	0	1	0	243.6	1	0	0	0	0	1	2	1	0	1	0	1	8.37
1	1	0	2	1	0	0	471.3	0	0	0	0	1	0	1	0	1	1	1	0	15.96
0	1	1	0	0	0	0	412.8	0	0	1	0	1	0	1	0	2	0	1	1	14.01
1	0	0	1	0	0	0	367.2	0	0	0	0	1	1	1	0	0	0	1	0	12.49
0	0	0	1	1	0	0	322.2	1	0	0	0	0	0	0	1	0	0	1	1	10.99
0	0	0	0	1	1	0	76.5	0	0	1	0	1	1	1	0	1	2	0	1	2.8
0	0	0	0	0	0	0	208.5	0	0	0	0	0	0	0	0	0	0	0	0	7.2
0	1	0	0	0	0	0	464.1	0	1	1	0	0	2	1	0	0	0	0	0	15.72
0	1	0	0	1	1	0	468.3	0	0	0	0	1	0	1	2	0	1	0	0	15.86
1	0	0	0	0	0	0	351.3	0	0	0	0	2	0	1	1	0	1	0	1	11.96
1	0	0	1	0	1	1	458.1	1	1	0	0	1	0	2	1	0	0	1	0	15.52
2	0	0	0	0	1	0	347.4	0	0	0	1	0	1	2	0	0	2	0	1	11.83
2	0	0	0	1	0	0	4.2	1	0	0	1	1	0	1	0	0	1	0	1	0.39
0	1	0	1	0	0	0	68.7	0	0	0	0	1	1	1	0	1	0	0	0	2.54
0	1	0	2	0	0	0	317.4	0	0	0	0	0	0	0	0	0	1	0	0	10.83
2	0	0	1	1	0	0	74.4	0	0	1	1	0	1	0	1	0	0	1	1	2.73
0	0	1	0	0	0	0	322.8	0	0	1	0	0	0	0	1	0	0	0	1	11.01
2	0	0	1	0	1	0	460.2	1	0	1	0	0	0	1	0	0	0	1	1	15.59
1	0	0	1	0	1	0	134.1	0	0	0	0	0	1	0	2	0	1	0	0	4.72
0	0	0	1	0	0	0	156.0	1	0	0	0	0	0	2	0	1	0	1	0	5.45
1	0	0	1	1	0	0	188.4	0	0	0	0	1	0	0	0	0	0	0	0	6.53
1	0	0	2	0	0	1	66.0	0	0	0	0	0	0	2	0	1	0	1	0	2.45
1	2	0	1	0	0	0	381.9	0	1	0	0	1	1	1	1	1	1	1	0	12.98
1	0	0	1	0	0	0	151.2	0	1	0	0	1	1	0	1	0	0	0	1	5.29
0	1	0	0	0	0	0	447.6	0	0	0	0	1	1	2	0	0	1	0	1	15.17
1	1	0	2	0	1	0	48.9	0	0	0	0	2	1	1	1	1	0	0	0	1.88
1	0	0	0	0	0	0	432.9	0	0	0	0	0	1	2	0	0	0	0	1	14.68
1	0	0	1	0	0	0	231.3	0	0	1	0	1	1	1	0	0	0	0	0	7.96
2	0	0	0	0	0	0	285.9	0	0	0	0	0	1	2	1	0	0	0	1	9.78
1	2	0	0	0	0	0	46.8	1	1	1	0	2	1	1	1	1	0	1	2	1.81
0	0	0	1	0	0	0	269.7	1	0	1	0	0	1	1	1	0	0	0	2	9.24
2	0	0	1	0	0	0	36.3	0	0	0	0	0	1	1	0	0	0	2	1	1.46
0	0	0	1	0	0	1	200.7	0	0	0	0	1	2	1	0	0	0	0	1	6.94
1	0	0	2	0	1	0	240.3	0	0	0	0	2	0	2	1	2	0	1	1	8.26
1	0	0	1	0	0	1	129.0	0	0	1	0	0	1	1	0	0	0	0	0	4.55
1	0	0	1	0	0	1	459.3	0	0	0	0	1	0	1	0	1	1	0	0	15.56
0	1	0	1	1	0	0	317.7	1	0	0	0	0	1	0	2	1	0	0	0	10.84
1	0	0	1	0	0	0	400.2	0	1	1	0	1	0	1	0	1	0	0	1	13.59
1	0	0	1	0	1	0	63.6	1	0	0	0	0	1	1	1	0	1	1	0	2.37
1	0	0	2	0	1	0	372.6	2	0	0	0	0	0	0	0	1	1	1	0	12.67
2	1	0	0	0	1	0	87.3	0	1	0	0	1	0	0	1	1	0	0	0	3.16
2	1	0	0	0	0	0	341.7	1	0	0	0	0	0	1	1	0	0	1	0	11.64
1	0	0	2	0	0	0	448.8	0	0	0	0	0	0	1	1	0	1	1	0	15.21
2	1	0	1	0	1	0	252.0	1	0	1	0	0	0	2	1	1	0	0	0	8.65
2	1	0	1	0	1	0	463.2	0	0	0	0	0	0	1	0	0	1	0	0	15.69
1	0	0	1	1	2	0	392.1	0	1	0	0	1	2	1	0	0	1	0	0	13.32
1	0	0	1	0	0	0	106.8	0	0	1	0	0	0	0	1	0	0	1	0	3.81
1	2	0	0	0	1	0	75.3	1	0	0	0	1	0	0	0	0	0	1	1	2.76
0	0	0	1	2	0	0	124.5	0	0	0	0	0	1	0	0	0	0	0	0	4.4
0	0	0	2	0	1	0	402.3	0	0	0	0	0	0	1	0	1	0	0	1	13.66
0	0	0	0	0	0	0	253.2	0	0	1	0	0	0	1	0	0	2	0	0	8.69
0	0	0	2	1	1	0	234.9	0	1	0	0	1	0	0	0	1	1	1	1	8.08
1	0	0	2	1	1	0	66.3	1	1	0	0	1	0	1	0	0	0	1	1	2.46
1	0	0	1	0	0	0	363.9	0	0	0	0	0	0	0	1	1	1	0	0	12.38
2	0	0	1	0	0	0	479.7	0	0	0	0	2	1	0	0	0	0	1	1	16.24
1	0	0	1	0	2	0	144.0	0	0	0	0	0	0	1	0	0	0	1	1	5.05
1	0	0	1	0	0	0	55.5	1	1	0	0	2	0	2	0	0	1	0	1	2.1
0	1	1	1	0	0	0	142.2	0	0	0	0	2	0	2	0	1	1	1	1	4.99
0	0	0	0	1	0	0	214.5	0	0	1	0	1	1	1	1	0	0	0	0	7.4
2	0	0	2	0	0	0	80.4	0	0	0	1	0	0	1	0	0	0	0	0	2.93
1	0	0	1	0	1	0	177.3	1	0	1	0	1	1	2	0	1	0	0	0	6.16
1	0	0	0	0	0	0	175.8	1	0	0	0	2	1	0	0	1	2	0	1	6.11
1	1	0	1	1	0	1	180.3	2	1	0	0	1	1	1	1	0	0	1	0	6.26
0	0	0	1	0	0	1	255.3	0	0	1	0	1	1	1	2	0	1	0	0	8.76
1	1	0	1	1	1	0	82.2	0	1	0	0	1	1	1	1	0	0	0	0	2.99
1	0	0	0	1	0	0	340.2	0	0	0	1	0	1	1	2	0	1	1	0	11.59
1	0	0	0	1	1	0	429.0	0	0	0	0	1	0	2	0	0	1	1	1	14.55
1	1	0	1	0	1	0	416.7	1	0	0	1	0	2	0	0	0	0	1	1	14.14
1	0	0	2	0	0	1	112.8	1	0	0	0	0	0	0	0	0	0	0	0	4.01
0	0	0	2	0	0	0	417.0	0	0	0	0	2	2	2	0	1	1	0	0	14.15
1	0	0	1	0	0	0	323.1	0	0	0	0	1	0	1	0	0	0	0	0	11.02
2	1	0	2	1	1	0	60.0	0	0	1	0	0	1	1	1	0	0	0	1	2.25
1	0	0	1	0	1	0	318.3	0	0	0	0	1	0	1	1	0	0	0	0	10.86
1	1	0	2	0	0	1	391.8	0	1	1	0	1	1	2	0	1	0	0	1	13.31
1	0	0	0	1	1	0	321.6	0	2	0	0	1	1	0	0	0	0	0	0	10.97
1	0	0	2	0	0	0	433.2	1	0	0	0	0	1	0	1	1	1	1	0	14.69
1	0	0	0	0	1	0	416.4	0	2	0	0	0	1	1	1	1	1	0	0	14.13
1	0	0	2	0	0	0	329.4	1	0	0	0	0	0	1	1	1	1	0	1	11.23
1	0	0	0	1	0	0	170.1	0	0	0	0	0	0	1	1	1	2	0	0	5.92
0	1	0	1	0	1	0	247.5	1	0	1	1	0	1	1	1	1	0	1	0	8.5
0	1	0	1	0	0	0	294.0	0	1	0	0	1	1	2	0	0	1	0	0	10.05
1	0	0	1	1	0	1	234.0	0	0	0	0	0	0	0	1	0	0	1	0	8.05
1	0	0	2	0	1	0	246.0	0	0	0	0	1	0	1	1	0	0	0	0	8.45
0	0	0	2	0	0	1	344.1	0	0	0	0	2	0	2	0	0	1	1	0	11.72
1	1	0	0	0	2	0	92.7	0	0	1	0	0	0	1	1	0	0	0	0	3.34
1	0	0	0	0	0	0	461.4	1	0	0	0	2	0	1	1	1	1	0	0	15.63
2	0	1	2	0	2	0	58.2	0	0	0	1	1	0	0	1	1	0	0	0	2.19
1	1	0	1	0	0	0	453.6	0	1	0	0	0	0	1	1	1	0	1	0	15.37
1	1	0	1	0	1	0	283.5	0	0	1	0	0	0	0	0	0	0	0	1	9.7
0	0	0	2	0	0	0	444.0	0	0	0	0	0	1	0	0	0	1	0	0	15.05
2	0	0	2	1	2	0	421.2	0	1	0	0	1	1	0	1	0	0	0	0	14.29
0	1	0	0	0	1	1	97.2	0	0	0	0	0	1	0	1	0	0	1	1	3.49
0	0	0	1	0	0	0	469.2	2	0	1	0	0	0	1	1	0	0	0	0	15.89
0	0	1	1	0	1	0	153.3	0	0	0	0	1	1	0	1	0	0	1	0	5.36
0	0	0	2	0	1	0	65.7	0	0	0	0	1	1	0	0	0	0	0	0	2.44
1	1	0	1	0	0	0	221.4	0	0	0	0	1	0	1	0	0	1	0	0	7.63
0	0	0	1	0	0	0	394.5	0	0	0	1	0	0	1	1	1	0	1	0	13.4
0	1	0	1	0	1	0	434.7	0	0	0	0	1	1	2	0	0	0	0	0	14.74
1	1	0	0	0	0	0	444.9	1	0	0	0	0	0	2	0	0	1	0	1	15.08
0	0	0	1	0	0	0	221.7	0	0	1	0	0	2	1	0	1	1	1	0	7.64
1	0	0	0	1	1	0	170.7	0	0	2	0	1	1	2	1	1	0	0	0	5.94
1	0	0	0	1	1	0	382.8	1	0	1	0	0	2	0	1	0	0	1	1	13.01
1	1	0	1	0	1	0	50.1	0	0	0	0	1	0	0	0	0	1	0	0	1.92
1	0	0	1	0	0	0	284.4	1	0	1	0	2	0	1	1	0	0	0	0	9.73
1	1	0	0	0	1	1	258.9	0	1	0	1	0	0	1	1	0	0	1	0	8.88
1	0	0	1	0	1	0	453.3	1	0	1	0	1	0	0	2	0	1	0	0	15.36
1	2	0	0	0	1	0	183.0	0	0	0	0	1	0	1	1	1	2	1	1	6.35
1	0	0	2	0	0	0	128.7	0	0	0	0	0	1	0	1	0	0	0	0	4.54
2	2	0	0	1	1	0	375.0	0	0	0	0	0	1	2	0	0	0	0	0	12.75
1	0	0	0	1	0	1	67.2	1	0	0	0	0	0	0	0	0	0	1	0	2.49
1	0	0	2	1	1	0	295.8	0	0	0	1	0	0	0	0	0	1	0	1	10.11
0	0	1	1	0	1	1	108.0	1	1	0	0	1	0	0	0	2	0	1	0	3.85
1	1	0	0	1	1	0	166.8	1	0	0	0	0	0	0	0	0	1	0	0	5.81
0	0	0	0	1	0	0	258.0	0	0	0	0	1	0	1	0	0	1	1	0	8.85
1	1	0	0	0	0	0	408.0	0	0	0	1	0	0	1	0	0	1	1	0	13.85
0	0	0	1	0	0	0	335.1	0	1	1	0	1	1	1	0	0	1	0	0	11.42
2	0	0	2	0	0	0	152.7	0	0	0	0	0	0	1	0	1	0	1	1	5.34
0	1	0	0	0	0	1	65.1	1	0	1	0	1	0	1	2	0	0	1	1	2.42
0	0	0	0	2	0	0	150.3	1	1	0	0	1	1	0	0	0	1	0	1	5.26
2	1	1	1	0	1	0	180.0	0	0	0	0	2	1	0	0	0	0	0	0	6.25
2	0	0	2	0	1	0	96.3	0	0	0	0	0	1	1	0	1	1	0	1	3.46
1	2	0	1	0	1	0	396.0	1	0	0	0	0	0	1	1	2	0	1	0	13.45
1	1	0	1	0	1	0	89.4	0	1	0	0	1	1	1	0	0	1	0	1	3.23
1	1	0	1	0	0	0	362.4	0	0	0	0	1	2	0	0	1	1	1	0	12.33
0	0	0	2	0	1	1	118.5	1	0	0	0	0	1	0	0	1	0	1	1	4.2
1	0	0	0	0	1	0	114.6	1	0	1	0	0	0	1	0	0	0	1	0	4.07
0	1	0	0	0	1	0	462.0	1	0	0	0	0	0	1	1	0	0	0	1	15.65
1	0	0	1	0	0	0	162.6	0	0	0	0	1	0	0	0	1	0	0	1	5.67
1	1	0	2	0	0	0	299.7	0	0	0	0	1	1	0	0	0	1	0	0	10.24
0	1	0	1	0	0	0	138.6	0	0	2	0	1	0	0	0	0	0	0	0	4.87
1	1	0	2	0	0	1	238.5	0	0	0	0	0	1	1	1	0	0	0	0	8.2
0	1	0	1	0	1	0	36.0	0	0	0	0	0	0	1	0	0	1	0	0	1.45
1	0	0	2	0	0	0	123.3	1	0	0	0	1	0	1	0	1	1	0	1	4.36
1	1	0	0	1	0	0	327.0	0	1	0	0	1	0	1	0	0	0	1	0	11.15
1	1	0	1	1	1	0	313.5	0	0	1	0	1	0	0	0	0	1	0	0	10.7
1	1	0	0	1	0	0	428.4	0	0	0	0	1	1	1	1	0	0	1	1	14.53
1	1	0	0	0	0	0	191.4	0	0	0	0	0	1	1	1	1	0	0	0	6.63
0	1	0	0	0	0	0	130.2	1	0	1	0	1	0	1	0	1	1	0	1	4.59
1	1	0	0	2	1	0	104.7	0	0	0	1	2	0	0	0	1	0	0	0	3.74
0	0	0	1	1	1	0	111.9	0	0	0	0	1	1	1	0	0	0	0	1	3.98
2	0	0	2	0	2	0	298.5	0	0	1	0	0	1	1	0	0	0	0	0	10.2
0	0	0	1	0	0	0	324.9	0	0	0	0	1	0	1	1	0	0	0	0	11.08
1	1	0	1	0	1	0	108.6	0	0	1	0	1	0	1	0	0	1	0	0	3.87
0	0	0	1	0	0	0	310.8	0	0	0	0	1	0	1	0	1	1	0	1	10.61
0	0	0	2	1	2	0	160.5	1	0	0	0	1	0	0	1	0	1	1	0	5.6
1	1	1	0	0	1	0	47.4	0	0	0	0	1	0	2	0	0	0	1	1	1.83
0	0	0	1	0	0	0	345.3	0	0	1	0	0	1	1	0	1	0	0	1	11.76
0	0	0	0	0	0	0	4.5	1	0	0	0	0	2	1	1	0	0	1	0	0.4
1	0	0	2	0	0	0	130.5	1	0	0	0	0	1	0	0	0	1	0	0	4.6
1	0	0	1	0	1	0	338.7	0	0	0	0	1	1	1	1	0	0	1	0	11.54
1	0	0	0	0	1	0	406.5	0	0	0	0	0	1	1	1	2	1	1	0	13.8
2	0	0	1	0	0	0	180.6	0	0	1	0	1	0	0	0	1	1	1	0	6.27
2	1	0	1	1	0	0	258.3	0	0	1	1	0	1	0	0	1	1	0	0	8.86
0	0	0	1	0	1	0	202.8	0	0	1	0	0	1	1	0	1	0	0	1	7.01
2	0	0	1	0	0	1	329.7	0	1	0	0	0	1	0	0	0	0	1	1	11.24
0	0	0	1	0	1	0	133.8	0	0	0	0	0	1	0	1	0	1	0	0	4.71
1	1	0	1	0	0	0	390.6	0	0	0	0	1	0	1	0	1	0	0	1	13.27
2	0	0	2	0	1	0	403.5	0	1	0	0	0	0	2	0	0	0	1	1	13.7
2	1	0	2	0	2	0	422.7	0	0	0	0	1	1	1	1	0	2	2	1	14.34
2	0	0	2	1	0	0	235.2	1	0	0	0	0	1	1	1	1	1	1	1	8.09
0	0	0	1	0	0	0	389.1	1	0	0	0	2	1	1	0	0	0	0	1	13.22
1	1	0	1	0	0	0	378.6	1	0	0	0	2	0	1	0	0	0	1	0	12.87
1	0	0	0	0	0	1	159.9	0	0	1	0	1	0	0	0	0	0	1	2	5.58
1	0	0	2	0	1	0	100.8	0	0	1	0	0	0	0	0	1	1	1	0	3.61
1	1	0	1	0	0	0	457.5	0	0	0	0	1	1	1	1	0	1	1	0	15.5
0	1	0	1	0	0	0	203.4	0	0	1	0	1	0	1	0	1	0	0	0	7.03
1	0	0	1	0	0	1	105.0	0	0	0	0	1	1	0	0	0	1	1	0	3.75
0	0	0	1	0	1	0	87.6	1	0	1	0	0	1	0	0	0	0	0	0	3.17
0	0	0	2	0	1	1	158.4	0	0	0	0	1	1	1	0	0	0	0	0	5.53
0	0	0	1	0	0	0	127.2	2	0	1	0	0	0	0	1	0	2	1	1	4.49
2	2	0	2	0	0	0	128.1	0	0	0	0	1	0	1	0	0	0	0	1	4.52
1	0	0	1	0	1	0	118.2	0	0	1	1	1	0	1	1	1	0	0	0	4.19
1	0	0	1	0	0	0	149.7	0	0	0	0	0	0	1	0	0	1	1	0	5.24
1	0	0	1	0	1	0	147.0	0	0	0	0	0	0	2	0	1	0	0	1	5.15
0	0	0	2	1	0	0	205.2	0	0	0	0	1	0	1	2	0	1	0	1	7.09
1	2	0	1	0	2	0	407.4	0	0	0	1	1	1	1	0	0	0	0	1	13.83
0	0	0	1	1	1	0	12.3	0	1	1	0	1	0	1	0	1	0	2	0	0.66
1	0	0	0	0	0	0	398.4	0	0	2	0	0	0	0	0	0	0	0	0	13.53
1	0	0	2	0	0	0	356.1	0	0	0	0	0	0	0	1	1	0	0	1	12.12
0	0	0	0	0	0	0	412.5	0	1	0	0	0	1	0	0	0	0	1	1	14.0
1	0	0	1	0	0	0	68.1	1	0	1	0	1	0	1	1	0	0	2	0	2.52
2	1	0	2	0	2	0	222.9	0	0	0	0	0	1	0	0	0	0	1	0	7.68
1	1	0	0	0	0	0	241.5	0	0	0	0	0	0	0	1	0	0	0	0	8.3
0	1	0	1	0	1	0	206.1	0	1	0	0	1	1	2	2	0	1	0	1	7.12
1	1	0	1	0	0	0	477.6	0	0	0	0	0	0	1	0	0	1	1	1	16.17
0	0	0	1	0	1	0	293.4	0	0	0	0	1	1	0	1	0	0	0	1	10.03
0	2	1	2	0	1	0	377.7	0	0	0	0	1	1	2	1	0	0	0	0	12.84
0	0	0	2	0	2	1	30.9	0	0	0	0	1	0	1	0	0	0	0	0	1.28
1	1	0	0	0	1	0	70.5	0	0	0	0	0	1	1	0	1	0	0	1	2.6
1	0	0	1	0	0	0	78.9	0	1	0	0	0	2	2	0	1	1	0	1	2.88
2	0	0	1	0	0	0	331.8	0	0	1	0	1	1	1	0	0	0	1	1	11.31
1	0	0	0	0	0	0	15.3	0	0	0	0	1	1	1	0	1	0	2	0	0.76
1	0	0	1	0	0	0	241.2	1	0	0	0	1	0	1	2	0	0	0	0	8.29
2	1	0	0	0	0	0	426.0	0	0	1	0	2	0	1	1	1	1	0	1	14.45
0	1	0	1	0	1	0	448.2	1	0	1	0	2	0	2	1	1	1	0	1	15.19
1	1	0	1	0	1	0	146.1	0	0	1	0	2	1	0	0	1	0	1	1	5.12
1	0	0	1	0	0	0	57.9	0	0	1	0	0	0	2	1	1	0	0	0	2.18
1	0	0	2	0	1	0	9.6	0	0	0	0	0	0	1	0	1	0	1	0	0.57
1	0	0	1	0	0	0	99.0	0	0	1	0	0	0	0	0	1	1	0	0	3.55
0	1	0	1	1	1	0	338.1	0	0	0	0	0	1	0	0	0	0	0	0	11.52
2	0	0	1	1	1	0	352.8	0	0	0	0	1	0	2	0	1	2	0	0	12.01
0	0	0	1	0	1	0	328.2	0	1	0	0	1	0	1	0	0	0	2	0	11.19
1	0	0	2	0	0	0	482.1	0	0	0	0	0	0	1	1	0	0	0	0	16.32
1	0	0	0	0	0	0	396.6	0	0	0	0	1	1	1	0	1	0	1	0	13.47
1	0	0	1	2	1	2	231.6	0	0	0	0	0	0	1	1	0	0	0	0	7.97
0	0	0	1	1	1	0	49.2	0	0	0	0	1	1	0	2	0	0	0	1	1.89
0	0	0	1	0	0	0	89.7	0	0	0	1	2	1	1	0	0	0	0	0	3.24
0	0	0	0	0	0	0	8.1	1	0	1	0	1	1	0	0	0	1	0	0	0.52
1	1	0	1	0	1	0	381.0	1	0	0	0	2	0	2	0	0	0	0	0	12.95
0	0	0	2	0	1	0	166.5	0	0	0	0	0	0	2	0	1	0	0	1	5.8
1	0	0	0	0	1	0	370.5	0	0	1	0	0	0	0	0	0	0	0	0	12.6
0	1	0	0	0	0	0	177.6	0	0	0	0	1	1	1	1	0	0	1	0	6.17
0	0	1	1	1	0	0	230.7	0	0	0	0	0	1	1	2	1	1	0	0	7.94
1	0	0	0	1	1	0	356.4	0	0	0	0	1	2	2	0	1	0	0	1	12.13
0	0	0	1	0	0	1	268.8	0	0	2	0	1	1	1	0	0	0	1	0	9.21
0	1	0	1	0	0	0	279.3	0	0	1	0	1	0	1	0	1	0	2	1	9.56
1	0	0	1	0	1	0	392.4	0	1	0	0	0	0	2	2	0	0	1	1	13.33
0	0	0	1	0	0	0	411.6	1	0	1	0	0	1	0	0	0	0	0	0	13.97
0	0	0	1	0	0	0	461.1	0	0	0	0	0	1	1	1	0	1	0	0	15.62
1	0	0	1	0	0	0	232.8	1	0	0	0	0	0	1	1	0	0	0	2	8.01
0	1	0	1	0	0	0	227.1	0	0	0	0	1	0	0	0	0	0	0	0	7.82
0	1	0	0	1	0	0	69.9	0	0	0	0	0	0	2	0	0	0	0	1	2.58
1	0	0	0	0	0	0	4.8	0	1	1	0	0	2	1	0	0	2	1	1	0.41
0	0	0	0	0	0	0	48.3	0	0	1	0	0	1	2	0	1	1	1	0	1.86
0	0	0	0	0	0	0	312.9	0	0	0	0	1	0	2	1	0	0	0	1	10.68
0	0	0	0	0	0	0	436.8	0	0	0	0	0	1	2	0	1	0	0	0	14.81
0	0	0	0	0	0	0	96.9	0	0	0	0	0	0	2	0	0	0	0	0	3.48
1	1	0	2	1	0	0	122.7	1	1	0	0	1	1	1	1	0	1	0	0	4.34
0	0	0	1	0	0	1	215.1	1	0	0	0	1	0	1	0	0	1	0	0	7.42
0	0	0	0	1	2	0	322.5	1	0	1	1	1	1	1	0	2	1	0	1	11.0
1	0	0	1	0	1	0	204.3	0	0	1	0	1	1	1	0	0	0	1	0	7.06
1	1	0	1	0	0	0	44.4	0	0	0	0	0	1	1	1	0	0	0	0	1.73
1	0	0	1	1	0	1	51.3	2	0	0	0	0	1	2	0	0	0	0	0	1.96
0	0	0	2	1	0	0	371.1	0	0	0	0	0	1	1	1	0	0	0	0	12.62
0	0	0	0	0	0	0	144.6	0	0	0	0	2	0	1	1	1	1	1	1	5.07
0	0	0	2	0	0	0	167.4	0	0	1	0	2	0	1	1	1	1	0	1	5.83
0	0	0	1	0	1	0	230.1	1	0	0	0	1	0	0	1	0	0	0	0	7.92
0	1	0	1	1	2	0	62.1	0	0	0	0	0	1	2	2	0	0	1	0	2.32
2	0	0	1	1	0	0	413.1	1	1	0	0	0	2	0	0	0	0	0	0	14.02
1	1	0	0	1	1	0	480.6	0	0	0	0	1	1	1	0	0	0	0	0	16.27
0	1	0	1	0	0	0	165.0	0	0	1	0	0	1	2	0	0	1	0	0	5.75
0	0	0	2	0	0	0	330.6	0	1	0	0	0	0	0	0	0	0	1	0	11.27
0	1	0	1	0	1	0	394.2	0	1	0	0	0	0	1	1	0	0	0	1	13.39
2	1	0	2	0	1	0	447.3	1	0	0	0	1	0	1	0	0	0	0	1	15.16
1	0	1	1	0	0	0	437.7	0	0	1	0	1	0	2	0	0	0	0	0	14.84
0	0	0	0	0	1	0	340.5	0	0	0	0	0	1	1	1	0	0	0	1	11.6
1	0	0	1	0	2	0	109.2	0	0	1	0	2	0	0	0	0	1	1	0	3.89
1	0	0	1	0	1	0	446.7	0	0	0	0	0	0	1	0	0	0	0	1	15.14
1	1	0	1	1	1	0	181.2	0	0	0	0	1	2	0	1	0	0	1	0	6.29
0	0	0	0	0	1	1	216.9	0	1	1	0	1	0	1	1	1	0	1	0	7.48
0	1	0	0	0	0	0	366.9	1	0	0	0	1	1	2	1	0	1	0	0	12.48
0	0	0	1	0	0	0	110.1	1	0	0	0	2	0	2	0	0	0	0	1	3.92
0	0	0	1	0	0	0	424.5	0	0	0	0	0	0	1	1	0	0	0	0	14.4
1	1	0	2	0	0	0	2.7	0	0	0	0	1	1	0	0	0	1	0	0	0.34
1	0	0	0	0	1	0	235.5	0	0	0	0	2	1	1	0	0	0	0	2	8.1
0	0	0	0	0	0	0	326.1	1	0	1	0	0	1	1	0	0	0	0	1	11.12
1	1	0	1	0	0	0	433.8	0	0	0	0	0	0	2	1	0	1	1	1	14.71
1	0	0	2	0	2	0	270.0	1	0	0	0	1	1	1	0	0	0	0	0	9.25
1	1	0	0	1	0	0	400.5	0	1	1	0	2	0	1	0	0	0	0	1	13.6
0	0	0	2	0	0	0	288.3	0	0	0	0	0	0	1	0	0	1	1	1	9.86
1	0	0	1	0	1	0	220.8	0	0	0	0	0	0	2	1	0	0	0	0	7.61
0	0	0	1	0	1	1	277.8	0	0	0	0	0	1	1	0	1	1	0	1	9.51
2	0	0	0	0	1	0	386.1	0	0	0	0	0	1	2	1	0	0	0	0	13.12
2	0	0	1	0	0	0	231.9	0	1	1	0	0	0	0	1	1	1	0	0	7.98
0	0	0	0	0	0	0	473.1	0	0	1	0	0	0	0	1	0	0	0	0	16.02
0	0	0	2	1	0	1	92.4	0	0	0	0	1	0	1	0	0	0	0	1	3.33
0	0	0	2	0	2	0	467.7	0	0	0	0	2	0	0	1	0	0	1	2	15.84
1	0	0	1	0	0	0	196.2	1	0	0	0	0	1	0	0	0	0	0	0	6.79
1	1	0	1	1	0	0	211.8	0	0	0	0	1	2	1	0	0	1	0	1	7.31
1	0	0	0	1	1	0	324.0	0	0	0	0	1	1	1	0	0	0	0	0	11.05
1	0	0	2	0	1	0	481.2	0	0	1	0	1	1	0	1	0	0	0	0	16.29
0	0	0	2	0	0	1	268.5	1	0	0	0	1	1	2	0	0	1	1	1	9.2
2	1	0	1	0	2	0	18.6	0	1	0	0	1	1	0	0	1	0	0	1	0.87
1	0	0	0	0	0	0	402.6	0	0	0	0	0	1	1	1	0	1	0	0	13.67
0	1	0	2	0	0	0	379.8	0	0	0	0	0	1	0	1	1	1	1	0	12.91
2	0	0	1	0	1	0	48.0	1	0	1	0	0	1	1	1	1	1	0	1	1.85
0	0	0	1	0	0	0	249.9	0	1	0	0	0	0	1	0	0	0	0	0	8.58
2	0	0	1	1	1	0	126.9	0	0	1	0	0	0	1	1	0	0	1	0	4.48
2	0	0	2	0	1	0	159.0	0	0	1	0	1	1	1	0	0	1	0	0	5.55
1	1	0	0	0	1	0	23.4	1	0	0	0	0	2	1	0	0	0	0	0	1.03
1	0	0	0	0	0	0	303.3	0	0	2	0	1	1	1	0	1	0	1	0	10.36
0	0	0	0	0	0	0	67.5	0	0	0	0	0	1	0	1	1	0	0	0	2.5
0	1	0	1	0	0	0	126.0	0	0	0	0	2	1	1	0	0	1	0	0	4.45
0	0	0	0	0	1	0	271.2	0	0	1	1	1	1	2	0	0	0	1	2	9.29
2	2	0	2	0	1	0	135.0	0	1	0	0	1	0	0	0	0	0	0	0	4.75
1	0	0	0	0	0	0	88.5	1	0	0	0	1	2	1	0	0	0	1	0	3.2
2	1	0	1	0	0	1	18.0	1	0	0	0	0	2	1	0	0	1	0	0	0.85
1	0	0	1	0	0	1	336.9	0	0	0	0	0	2	2	0	2	2	0	1	11.48
0	0	0	2	0	0	0	88.2	1	1	0	0	0	1	1	0	0	0	1	1	3.19
1	0	0	0	0	1	0	441.3	0	0	0	0	0	1	1	1	0	0	1	0	14.96
1	0	0	1	0	2	0	463.8	0	0	0	0	1	0	1	1	0	0	0	0	15.71
1	0	0	1	0	0	0	224.1	0	0	0	0	1	2	2	0	0	0	0	1	7.72
1	0	0	1	0	1	0	139.5	2	1	1	0	2	2	2	1	0	0	0	0	4.9
1	0	0	2	0	1	0	465.3	0	0	0	0	2	0	1	1	0	0	0	1	15.76
0	0	0	0	0	0	0	132.6	1	0	0	0	1	0	1	0	1	0	0	0	4.67
0	1	0	2	0	1	1	456.3	1	0	2	0	1	0	1	0	1	0	0	0	15.46
0	1	0	1	0	1	0	189.6	0	1	0	0	1	0	1	0	0	0	0	0	6.57
1	1	0	1	0	1	0	178.2	0	0	1	0	2	1	0	0	0	1	1	1	6.19
0	0	0	2	0	0	0	431.7	0	1	0	0	0	1	1	2	1	1	0	0	14.64
1	1	0	1	0	0	1	408.6	0	1	0	0	0	1	0	0	0	1	1	0	13.87
1	0	0	0	0	1	0	34.5	0	0	1	0	0	2	1	0	0	0	0	0	1.4
0	0	0	2	1	0	0	259.5	0	1	0	0	1	0	2	0	0	0	0	2	8.9
1	0	0	2	1	0	0	164.7	0	0	0	0	1	1	2	2	0	0	0	1	5.74
0	0	0	1	1	0	1	18.9	1	0	0	0	0	1	1	1	0	1	0	0	0.88
1	1	0	2	0	1	0	21.0	1	0	0	0	2	0	1	0	0	1	0	0	0.95
0	0	0	1	0	2	0	15.6	1	0	1	0	1	0	0	1	0	1	0	1	0.77
1	1	0	0	0	0	0	46.5	0	0	1	0	1	1	0	0	0	0	0	0	1.8
1	0	0	0	0	1	0	168.0	0	0	0	0	2	0	1	1	0	1	0	0	5.85
0	1	0	0	0	0	0	361.8	0	0	1	0	0	0	2	1	1	1	1	0	12.31
1	0	0	1	0	0	1	80.7	0	1	1	0	0	0	1	0	0	1	1	1	2.94
1	0	0	2	0	1	0	465.6	0	0	0	0	0	1	0	0	0	1	0	0	15.77
0	0	0	1	0	0	0	175.5	0	0	0	0	0	0	0	0	0	0	0	1	6.1
0	0	0	2	0	0	1	69.3	0	0	0	0	0	0	0	0	0	1	1	0	2.56
1	1	0	1	1	1	0	397.5	0	0	0	0	1	0	1	0	1	1	2	1	13.5
0	0	0	0	0	1	1	122.1	0	0	0	0	1	1	0	0	0	1	0	0	4.32
0	0	0	0	0	1	0	212.7	2	0	0	0	1	1	0	1	1	0	0	0	7.34
0	0	0	2	0	0	1	383.4	0	0	0	0	0	0	1	0	0	0	0	0	13.03
2	1	0	1	0	1	0	172.2	0	1	0	0	1	1	2	0	0	0	1	1	5.99
0	0	0	0	0	1	0	173.4	2	0	0	0	1	2	0	0	0	0	0	1	6.03
1	2	0	1	1	0	0	430.2	0	0	0	0	1	0	2	0	1	0	0	0	14.59
0	0	0	0	0	0	0	80.1	1	1	0	0	0	1	1	0	0	0	0	0	2.92
1	0	0	2	0	0	0	196.5	1	0	0	0	0	0	1	0	1	0	0	0	6.8
0	0	0	2	0	0	0	184.2	1	0	0	0	0	0	1	0	1	1	0	0	6.39
2	0	0	1	0	0	0	423.0	0	0	0	0	2	1	2	1	1	1	0	0	14.35
1	0	0	2	0	2	0	329.1	0	0	0	0	0	1	1	0	0	0	0	1	11.22
0	0	0	0	0	1	0	282.6	0	0	0	0	0	0	1	0	0	0	0	0	9.67
0	1	0	1	0	1	0	197.7	0	0	1	0	0	0	2	1	1	1	2	0	6.84
0	0	0	1	0	2	0	209.4	0	1	0	0	2	1	0	1	0	1	0	1	7.23
1	1	0	0	0	1	0	164.1	1	0	0	0	2	0	1	2	0	0	0	2	5.72
1	0	0	1	0	0	0	203.1	0	0	0	0	0	0	0	0	0	0	0	0	7.02
0	0	0	1	1	0	1	234.3	1	0	0	0	1	0	0	1	0	0	1	1	8.06
0	0	0	1	0	1	0	142.8	1	0	0	0	0	1	0	1	0	0	0	0	5.01
2	0	0	0	0	0	0	379.5	0	0	0	1	0	0	1	1	0	0	0	0	12.9
1	1	0	1	1	0	0	310.5	0	0	0	0	0	0	1	0	1	0	1	2	10.6
0	1	0	1	1	1	0	294.6	0	0	1	0	1	1	1	1	0	0	1	0	10.07
0	0	0	1	0	0	0	404.4	0	0	0	1	2	0	2	0	2	0	2	0	13.73
0	1	0	0	0	1	0	360.6	0	0	1	0	2	0	1	1	0	1	1	0	12.27
1	0	0	0	0	0	0	30.6	0	1	1	0	0	1	0	1	0	1	1	1	1.27
1	0	0	0	0	0	1	146.4	0	1	0	0	0	0	0	0	0	0	0	0	5.13
0	0	0	1	1	0	0	399.3	0	0	0	0	0	0	0	0	0	1	0	0	13.56
0	1	0	1	0	1	1	352.2	0	0	0	0	1	1	2	0	0	1	0	0	11.99
1	1	0	1	0	0	0	450.3	0	1	0	0	0	2	1	0	0	0	0	0	15.26
0	0	0	0	0	2	0	158.7	2	0	1	1	2	1	0	1	0	1	1	0	5.54
1	1	0	1	0	0	0	54.9	1	0	0	0	0	0	1	1	1	0	1	1	2.08
1	1	0	1	1	0	0	411.9	0	0	1	0	1	0	2	1	0	0	1	0	13.98
0	0	0	1	0	0	0	64.8	1	1	0	0	0	0	1	1	1	1	0	0	2.41
1	0	0	1	0	1	1	153.0	0	0	0	0	1	1	1	0	1	0	0	1	5.35
2	0	0	2	0	0	0	72.6	0	0	1	0	0	0	0	1	1	0	0	0	2.67
1	0	0	1	0	0	0	348.0	0	0	0	0	0	1	1	1	0	0	0	0	11.85
1	0	0	1	0	2	0	387.9	0	0	0	0	0	1	2	0	0	2	0	0	13.18
1	0	0	1	0	0	0	201.6	0	0	0	0	0	1	1	1	0	0	0	0	6.97
2	1	0	2	0	0	0	146.7	0	0	0	0	0	1	1	1	1	0	0	0	5.14
0	1	0	1	0	1	0	128.4	2	0	1	1	0	1	1	0	1	1	1	1	4.53
0	0	0	1	0	1	0	71.4	1	0	0	0	1	0	0	0	0	1	0	0	2.63
0	0	0	1	0	1	0	134.7	0	1	0	0	1	1	1	1	0	1	0	0	4.74
0	0	0	2	0	1	0	210.0	0	0	0	0	0	0	1	0	0	0	0	0	7.25
1	0	0	1	0	0	0	448.5	0	0	0	0	1	0	1	0	0	1	0	0	15.2
1	1	0	1	0	0	0	459.6	0	0	0	0	0	0	0	1	0	1	0	0	15.57
2	0	0	0	0	2	0	426.3	0	1	0	0	0	0	0	0	1	2	0	1	14.46
0	0	0	1	1	0	0	374.7	1	0	1	0	0	0	0	2	1	1	1	1	12.74
1	1	0	2	0	1	0	125.7	1	1	0	0	0	0	1	0	1	0	1	1	4.44
0	0	0	1	0	0	1	423.9	0	0	0	0	1	0	0	0	0	0	0	0	14.38
1	0	0	0	0	0	0	21.3	0	0	0	0	1	0	0	0	0	0	0	1	0.96
0	0	0	1	0	0	0	162.0	0	1	0	1	1	0	0	0	0	1	0	1	5.65
0	0	0	1	1	1	0	381.6	0	0	1	0	1	0	1	0	2	0	0	0	12.97
2	0	0	1	0	2	0	474.3	1	0	1	1	2	2	0	0	1	0	0	0	16.06
0	0	0	0	0	0	0	141.0	0	0	1	0	0	0	1	0	1	0	0	0	4.95
1	1	0	1	0	0	0	288.0	0	0	0	0	1	1	2	0	0	0	0	0	9.85
1	0	0	1	0	0	0	243.3	1	0	0	0	1	0	0	0	1	0	1	0	8.36
0	0	0	1	0	0	0	369.3	0	0	0	0	1	2	0	0	1	1	0	0	12.56
1	1	0	1	0	1	0	33.0	0	1	0	0	0	1	1	0	0	0	0	0	1.35
2	0	0	2	0	1	0	350.4	0	0	0	0	0	2	0	1	1	0	1	0	11.93
1	1	0	0	0	1	0	103.2	0	1	1	0	1	0	0	0	1	0	0	1	3.69
1	1	0	2	0	1	0	28.2	0	0	1	0	0	0	0	1	1	0	0	0	1.19
1	1	0	1	0	0	1	435.0	0	0	1	0	0	0	0	0	2	0	0	0	14.75
2	1	0	1	1	0	0	56.7	0	0	0	0	0	0	1	1	1	0	0	2	2.14
1	0	0	2	0	0	0	464.7	0	0	0	0	0	1	2	0	0	0	0	0	15.74
1	0	0	1	1	0	0	297.6	0	0	0	0	1	1	1	0	1	0	0	0	10.17
2	1	0	0	0	1	0	336.6	1	0	0	1	1	1	2	0	0	0	1	1	11.47
1	0	0	2	0	0	0	105.6	0	0	0	0	0	1	0	0	1	0	1	0	3.77
1	0	0	1	0	1	0	172.8	0	0	1	0	0	0	0	1	0	0	0	0	6.01
1	0	0	1	0	0	0	71.7	0	0	0	0	2	1	1	1	0	0	0	1	2.64
0	0	0	2	1	0	0	135.9	0	0	0	1	1	1	0	0	0	1	1	1	4.78
0	1	0	1	0	0	0	278.4	1	0	0	0	0	1	1	1	0	0	1	1	9.53
2	0	0	1	0	0	0	76.2	1	0	1	0	0	0	1	0	1	0	1	1	2.79
0	0	0	0	0	0	0	200.4	1	0	0	0	2	0	0	0	1	0	0	1	6.93
1	0	0	1	0	1	0	44.1	0	0	0	0	2	0	2	0	0	0	0	0	1.72
1	0	0	2	0	1	0	231.0	0	0	0	0	1	1	0	0	0	0	1	1	7.95
0	0	0	1	0	1	0	26.1	1	0	1	1	0	1	1	0	0	1	1	1	1.12
1	0	0	1	0	0	0	144.3	0	0	0	1	0	0	2	0	0	0	2	0	5.06
0	2	0	0	1	0	0	101.4	0	0	0	0	1	1	1	0	0	1	1	0	3.63
1	0	0	0	0	0	1	378.9	0	0	0	0	1	0	1	1	1	0	1	1	12.88
1	0	0	2	0	0	0	238.8	2	0	0	0	1	0	2	0	0	0	1	1	8.21
1	1	0	2	0	0	0	360.3	0	0	1	0	1	0	2	0	1	0	0	0	12.26
1	0	0	0	0	2	0	314.7	0	0	0	0	1	0	0	0	0	0	1	0	10.74
0	1	0	0	0	1	0	26.7	1	1	0	0	0	1	2	0	1	1	0	0	1.14
1	0	0	1	1	0	0	102.3	1	0	0	0	2	0	1	1	0	0	0	0	3.66
0	0	0	1	0	0	1	432.6	0	0	1	1	1	0	0	0	0	0	0	0	14.67
2	1	0	1	1	0	0	305.1	2	1	0	0	1	1	1	1	1	1	0	0	10.42
1	1	0	1	0	2	0	401.1	0	0	0	0	1	1	1	1	0	0	1	0	13.62
0	0	0	1	0	1	0	54.0	0	0	0	0	0	1	0	1	0	0	0	0	2.05
1	1	0	2	0	1	0	120.3	0	0	0	0	2	1	2	0	0	1	0	0	4.26
1	0	0	1	0	1	0	401.7	0	0	0	0	1	0	1	0	0	0	0	0	13.64
1	0	0	1	0	0	0	292.5	0	0	0	0	0	1	1	0	0	1	0	0	10.0
1	0	0	1	0	0	1	37.5	0	1	0	0	0	1	2	0	1	1	0	0	1.5
1	1	0	0	0	0	0	469.5	0	0	0	0	1	2	1	0	1	0	0	0	15.9
0	1	0	1	0	0	0	156.6	2	0	0	0	2	0	1	0	1	0	0	1	5.47
1	0	0	1	0	0	0	386.4	0	0	0	0	2	1	2	1	1	2	0	0	13.13
0	1	0	1	0	0	1	78.3	1	0	0	0	1	0	1	1	0	0	0	0	2.86
1	1	0	1	1	0	0	240.6	0	0	0	0	0	0	0	1	0	0	0	0	8.27
0	0	0	0	0	0	0	163.2	0	0	0	0	2	1	2	0	1	0	0	2	5.69
2	0	0	1	0	0	1	68.4	0	0	0	1	1	1	1	1	0	0	2	0	2.53
1	0	0	2	0	0	0	421.8	0	0	1	0	1	2	0	0	0	0	0	0	14.31
1	0	0	2	0	1	0	72.0	1	0	0	0	1	1	1	0	0	1	1	0	2.65
1	0	0	0	0	0	0	124.2	0	0	0	0	0	0	0	1	1	1	0	0	4.39
0	0	0	1	0	0	0	306.3	0	0	0	0	1	0	2	1	1	0	0	1	10.46
1	1	0	1	0	0	0	186.0	0	1	0	0	0	0	0	0	0	0	1	1	6.45
0	0	0	1	1	0	1	195.0	0	0	2	0	0	2	2	0	0	0	0	1	6.75
0	0	0	1	0	0	0	148.5	1	1	0	0	1	0	0	0	1	1	0	1	5.2
1	1	0	2	0	0	0	349.5	0	0	0	1	0	2	0	0	0	1	0	0	11.9
1	1	0	0	1	0	0	328.5	1	0	0	0	2	1	1	0	1	1	0	0	11.2
1	0	0	2	0	0	0	208.8	0	0	2	0	0	0	0	0	1	0	0	1	7.21
2	1	0	1	0	1	0	213.3	0	0	0	0	1	0	1	0	0	1	1	0	7.36
0	1	0	2	0	1	0	26.4	2	0	0	0	1	0	0	1	2	2	0	0	1.13
1	2	1	2	1	0	0	437.4	1	0	0	0	2	1	0	1	0	1	0	1	14.83
2	0	0	1	0	0	0	478.5	0	1	0	1	1	1	0	0	1	1	0	1	16.2
1	0	0	1	0	0	0	6.0	1	0	0	0	1	0	0	0	0	1	1	0	0.45
1	0	0	1	0	0	0	297.9	0	0	0	0	0	1	0	0	1	0	0	0	10.18
1	1	0	2	0	0	0	442.2	0	1	1	0	0	0	0	0	0	0	1	0	14.99
0	0	0	1	1	1	0	282.3	0	0	1	0	1	0	0	1	0	0	0	0	9.66
1	0	0	1	0	1	0	95.4	0	0	2	0	0	1	0	0	0	0	1	1	3.43
1	0	0	1	0	0	0	417.6	0	0	0	0	1	1	0	1	1	1	0	1	14.17
2	1	0	1	0	0	0	251.1	0	1	0	0	2	2	1	1	0	0	1	2	8.62
0	0	0	2	0	1	0	113.7	0	0	0	0	1	2	1	0	2	0	1	0	4.04
1	0	0	0	0	0	0	101.7	0	0	0	0	2	0	1	0	0	0	0	1	3.64
1	0	0	2	0	0	0	98.4	1	0	1	0	1	2	2	1	0	1	1	1	3.53
0	0	0	1	0	0	0	301.8	1	0	0	0	0	0	1	0	0	0	0	0	10.31
1	1	0	2	1	2	1	425.4	0	0	0	0	0	1	1	0	0	0	0	0	14.43
2	1	0	1	0	1	0	460.8	1	0	0	0	1	2	0	1	1	1	1	0	15.61
0	0	0	2	1	1	1	383.7	0	1	0	0	0	1	2	1	1	1	1	0	13.04
1	0	1	1	0	1	0	54.3	0	0	0	0	2	0	1	1	0	1	0	0	2.06
0	0	0	0	0	0	0	294.3	1	0	0	0	0	1	0	1	0	1	0	0	10.06
2	1	0	2	0	2	0	305.4	0	0	1	0	1	1	0	1	0	0	0	1	10.43
1	0	0	1	0	0	0	176.1	0	0	0	1	0	0	1	1	1	0	0	0	6.12
1	0	0	0	1	0	0	393.6	0	0	0	0	1	0	0	0	0	0	1	0	13.37
1	0	0	1	0	1	0	252.6	0	0	1	1	1	1	2	0	0	1	0	1	8.67
0	2	0	2	0	2	0	242.1	0	0	0	0	0	1	1	0	0	0	0	0	8.32
0	1	0	0	1	1	0	211.2	0	0	0	0	1	0	2	0	0	2	0	0	7.29
0	0	0	0	0	1	0	116.7	0	0	0	0	1	1	0	1	0	0	0	0	4.14
0	1	0	2	0	1	1	452.7	0	0	0	1	0	0	0	1	1	2	1	0	15.34
1	0	0	0	1	0	0	198.0	1	0	0	0	1	1	2	1	1	0	0	1	6.85
1	0	1	1	0	1	0	337.5	0	1	0	0	1	1	1	1	1	2	1	0	11.5
1	0	0	0	0	1	0	382.5	0	0	0	0	1	0	0	1	0	0	1	2	13.0
1	1	0	0	0	0	0	222.6	0	0	0	0	1	1	0	0	1	1	1	1	7.67
1	0	0	2	0	1	0	157.2	0	1	1	0	1	2	0	1	0	1	0	0	5.49
1	0	0	2	0	0	0	105.3	1	0	1	0	1	1	2	0	1	0	1	0	3.76
1	0	0	1	0	1	0	101.1	1	0	0	0	1	0	0	0	2	0	0	0	3.62
1	0	0	1	0	1	0	29.4	1	0	0	1	2	2	0	0	0	0	0	0	1.23
1	1	0	0	0	1	0	19.2	0	0	0	0	1	2	0	1	1	0	1	0	0.89
1	2	0	2	0	0	0	112.5	0	0	1	0	0	0	1	0	0	0	2	1	4.0
0	1	0	1	0	1	0	162.3	0	0	1	0	1	0	0	1	1	0	0	0	5.66
0	0	0	1	0	0	0	302.1	0	0	0	0	1	0	1	0	0	2	0	1	10.32
0	0	0	1	0	1	0	441.6	0	0	0	0	0	0	1	0	0	0	0	1	14.97
1	1	0	1	0	1	0	54.6	1	0	0	0	1	0	1	0	0	0	0	1	2.07
0	0	0	1	0	1	0	139.8	2	0	0	0	0	1	2	0	1	0	0	0	4.91
0	0	0	2	0	1	0	385.5	2	0	0	0	0	1	1	1	2	1	0	0	13.1
1	0	0	1	1	1	0	173.1	1	2	0	0	0	2	1	0	1	0	1	1	6.02
0	0	0	0	1	1	0	198.6	1	1	0	0	2	1	2	1	1	0	0	1	6.87
1	1	0	1	0	0	0	296.4	0	0	0	1	1	0	1	1	0	1	0	1	10.13
1	2	0	1	0	1	0	385.8	0	0	0	0	1	1	0	1	1	0	1	1	13.11
2	0	0	1	0	1	0	261.9	0	0	0	0	1	0	1	0	1	0	0	0	8.98
1	0	0	0	0	1	0	343.2	0	0	1	0	1	0	1	1	0	2	1	0	11.69
1	1	0	1	0	0	0	357.0	0	0	0	0	0	0	1	0	0	0	1	0	12.15
0	0	0	2	0	0	0	467.4	0	0	0	1	0	0	1	0	0	0	0	0	15.83
2	1	0	2	0	0	0	32.1	0	1	0	0	0	1	1	0	0	1	0	0	1.32
0	0	0	0	0	0	1	31.2	0	0	0	0	0	0	0	1	0	0	1	1	1.29
1	0	0	1	0	0	0	79.2	1	0	0	0	1	1	2	2	0	0	0	1	2.89
1	0	0	1	0	1	0	295.2	0	0	0	0	1	0	0	0	1	0	0	0	10.09
2	0	0	0	0	0	0	149.4	0	0	0	0	1	1	0	1	0	1	0	2	5.23
0	0	0	0	0	1	1	238.2	0	1	1	0	1	0	1	0	1	0	0	0	8.19
2	0	0	1	0	0	1	174.9	1	1	1	0	0	0	1	1	0	0	0	0	6.08
1	0	0	1	0	1	0	387.0	0	0	1	0	1	1	1	2	0	0	0	0	13.15
0	1	0	2	0	0	1	237.3	0	0	0	0	2	1	2	1	1	0	0	0	8.16
1	0	0	1	2	0	0	258.6	0	0	0	0	1	0	1	0	0	2	1	0	8.87
2	0	0	0	0	1	0	182.7	0	0	2	0	2	2	1	0	0	0	0	0	6.34
2	1	0	0	0	0	0	474.9	0	0	0	0	1	0	1	0	0	0	0	0	16.08
1	1	0	2	1	2	1	330.3	0	1	0	0	1	0	1	1	0	0	0	0	11.26
1	0	0	1	0	1	0	405.0	1	0	0	0	1	1	1	0	0	0	0	2	13.75
0	0	0	1	0	1	0	420.6	0	0	1	0	0	0	1	0	0	0	1	0	14.27
1	0	0	1	0	2	0	186.3	1	1	0	0	1	1	0	1	1	1	0	0	6.46
0	0	0	1	0	0	0	151.8	0	0	0	0	1	1	1	1	0	1	1	1	5.31
1	2	0	1	0	1	0	13.5	0	0	1	0	1	1	2	0	1	0	0	2	0.7
1	1	0	2	0	0	0	443.4	0	0	0	0	0	0	1	0	1	0	2	0	15.03
1	0	0	0	0	0	0	438.3	0	0	0	0	0	2	1	0	0	2	0	1	14.86
0	1	0	2	0	0	1	271.8	0	0	0	0	0	0	1	0	1	1	0	0	9.31
1	2	0	1	0	1	0	408.3	1	0	1	0	0	2	0	0	0	1	0	1	13.86
0	0	0	2	0	0	0	466.2	0	0	0	0	1	1	1	1	0	0	2	0	15.79
1	1	0	1	0	0	0	151.5	0	1	0	0	0	0	1	0	0	0	0	0	5.3
1	0	0	0	0	1	1	28.5	0	0	0	0	1	1	1	0	1	0	0	0	1.2
1	0	0	1	0	0	0	309.9	0	0	0	0	1	1	0	1	1	0	0	1	10.58
0	0	0	1	0	0	0	419.4	0	0	0	0	0	1	0	0	0	0	0	0	14.23
0	1	0	0	1	1	0	273.9	0	0	1	0	1	0	1	1	1	0	0	0	9.38
0	0	0	0	1	0	1	256.2	0	0	0	1	1	2	1	0	0	1	1	0	8.79
0	0	0	1	1	0	1	195.6	0	0	0	0	0	2	2	0	1	1	2	1	6.77
0	0	0	2	0	1	1	373.8	0	0	0	0	1	1	1	1	0	1	1	1	12.71
0	1	0	1	1	1	0	274.8	0	0	0	0	0	1	0	0	0	0	0	0	9.41
0	0	0	2	0	0	0	425.1	1	0	1	1	0	1	2	2	2	0	1	1	14.42
1	1	0	1	0	0	0	353.4	0	0	0	0	0	0	0	1	0	0	0	1	12.03
0	0	0	2	0	0	0	263.1	0	0	1	0	0	0	0	1	1	1	0	0	9.02
1	0	0	1	0	0	0	156.3	0	0	0	0	1	1	1	0	0	0	0	1	5.46
0	1	0	0	0	1	0	321.0	0	1	0	0	1	2	0	1	1	1	0	0	10.95
1	1	0	0	0	1	1	267.0	0	0	0	0	0	0	1	0	0	0	0	0	9.15
1	0	0	1	0	0	0	463.5	0	1	0	0	1	0	1	1	1	1	0	1	15.7
1	0	0	1	0	0	0	300.6	0	1	0	0	1	0	1	0	1	0	0	0	10.27
1	0	0	2	0	1	0	479.1	1	0	0	0	0	2	2	0	0	0	1	0	16.22
1	1	0	1	0	0	1	131.7	0	1	0	0	1	0	2	0	1	0	0	0	4.64
1	1	0	1	0	0	0	311.1	0	0	1	0	1	0	0	0	0	0	0	1	10.62
0	0	0	1	0	0	0	262.5	0	1	0	0	0	0	1	0	0	1	0	0	9.0
1	1	0	1	0	0	0	413.7	1	0	0	0	0	2	1	1	1	1	0	1	14.04
0	1	0	0	0	1	0	138.0	0	0	1	0	0	0	1	0	1	0	0	0	4.85
0	0	0	1	0	1	0	345.6	0	0	0	0	1	0	1	2	0	0	0	0	11.77
1	0	0	0	0	0	0	165.6	1	0	0	0	1	1	0	0	1	1	1	0	5.77
0	1	0	2	0	0	0	426.9	0	1	0	0	0	0	1	0	0	0	1	0	14.48
1	1	0	1	0	0	0	254.4	0	0	1	0	0	1	0	1	0	1	0	0	8.73
1	1	0	0	0	1	0	244.2	0	0	0	0	0	0	1	0	0	1	1	0	8.39
1	0	0	0	0	2	0	75.0	0	0	1	0	0	0	0	0	0	0	0	0	2.75
0	0	0	2	1	1	0	286.5	1	0	0	0	1	0	2	0	0	0	1	1	9.8
1	0	1	0	0	0	0	167.1	1	0	1	0	1	0	1	0	0	0	1	0	5.82
1	1	0	2	0	0	0	300.3	0	0	0	0	1	1	0	0	0	0	0	0	10.26
